subj_code,round,bin,type,is_correct,category,category_type,correct_res,incorrect_res,prompt,prompt_uuid,eval
A10JXOU89D5RXR,1,4,target,1,two_refs_egocentric,two_refs_egocentric_target,towards,away from,Ali and Mark are facing away from eachother. Mark turns around. Mark is facing BLANK Ali.,9c214fdd-a662-5c54-a891-66e0458f1ab2,base
A120PN22KW0VPY,1,4,target,1,two_refs_egocentric,two_refs_egocentric_target,towards,away from,Ali and Mark are facing away from eachother. Mark turns around. Mark is facing BLANK Ali.,9c214fdd-a662-5c54-a891-66e0458f1ab2,base
A1CN1H9UODZ1E6,1,4,target,0,two_refs_egocentric,two_refs_egocentric_target,towards,away from,Ali and Mark are facing away from eachother. Mark turns around. Mark is facing BLANK Ali.,9c214fdd-a662-5c54-a891-66e0458f1ab2,base
A1UY2W2FL9CWN,1,4,target,1,two_refs_egocentric,two_refs_egocentric_target,towards,away from,Ali and Mark are facing away from eachother. Mark turns around. Mark is facing BLANK Ali.,9c214fdd-a662-5c54-a891-66e0458f1ab2,base
A2SY0XL28MLUTW,1,4,target,1,two_refs_egocentric,two_refs_egocentric_target,towards,away from,Ali and Mark are facing away from eachother. Mark turns around. Mark is facing BLANK Ali.,9c214fdd-a662-5c54-a891-66e0458f1ab2,base
A336V7IY38Q2WN,1,4,target,1,two_refs_egocentric,two_refs_egocentric_target,towards,away from,Ali and Mark are facing away from eachother. Mark turns around. Mark is facing BLANK Ali.,9c214fdd-a662-5c54-a891-66e0458f1ab2,base
A346XUUK22V9AZ,1,4,target,1,two_refs_egocentric,two_refs_egocentric_target,towards,away from,Ali and Mark are facing away from eachother. Mark turns around. Mark is facing BLANK Ali.,9c214fdd-a662-5c54-a891-66e0458f1ab2,base
AHRQCN5HVAZY4,1,4,target,1,two_refs_egocentric,two_refs_egocentric_target,towards,away from,Ali and Mark are facing away from eachother. Mark turns around. Mark is facing BLANK Ali.,9c214fdd-a662-5c54-a891-66e0458f1ab2,base
AVD6HMIO1HLFI,1,4,target,1,two_refs_egocentric,two_refs_egocentric_target,towards,away from,Ali and Mark are facing away from eachother. Mark turns around. Mark is facing BLANK Ali.,9c214fdd-a662-5c54-a891-66e0458f1ab2,base
AWKX5GXJ8QYP7,1,4,target,1,two_refs_egocentric,two_refs_egocentric_target,towards,away from,Ali and Mark are facing away from eachother. Mark turns around. Mark is facing BLANK Ali.,9c214fdd-a662-5c54-a891-66e0458f1ab2,base
A10JXOU89D5RXR,1,4,target,1,geocentric_distant,geocentric_distant_target,further from,closer to,Ali is South of Milwaukee. Ali walks South. Ali is getting BLANK Milwaukee.,8c6e42c8-e8b0-5c1e-b875-f08ab525734c,base
A120PN22KW0VPY,1,4,target,0,geocentric_distant,geocentric_distant_target,further from,closer to,Ali is South of Milwaukee. Ali walks South. Ali is getting BLANK Milwaukee.,8c6e42c8-e8b0-5c1e-b875-f08ab525734c,base
A1CN1H9UODZ1E6,1,4,target,1,geocentric_distant,geocentric_distant_target,further from,closer to,Ali is South of Milwaukee. Ali walks South. Ali is getting BLANK Milwaukee.,8c6e42c8-e8b0-5c1e-b875-f08ab525734c,base
A1UY2W2FL9CWN,1,4,target,1,geocentric_distant,geocentric_distant_target,further from,closer to,Ali is South of Milwaukee. Ali walks South. Ali is getting BLANK Milwaukee.,8c6e42c8-e8b0-5c1e-b875-f08ab525734c,base
A2SY0XL28MLUTW,1,4,target,1,geocentric_distant,geocentric_distant_target,further from,closer to,Ali is South of Milwaukee. Ali walks South. Ali is getting BLANK Milwaukee.,8c6e42c8-e8b0-5c1e-b875-f08ab525734c,base
A336V7IY38Q2WN,1,4,target,1,geocentric_distant,geocentric_distant_target,further from,closer to,Ali is South of Milwaukee. Ali walks South. Ali is getting BLANK Milwaukee.,8c6e42c8-e8b0-5c1e-b875-f08ab525734c,base
A346XUUK22V9AZ,1,4,target,1,geocentric_distant,geocentric_distant_target,further from,closer to,Ali is South of Milwaukee. Ali walks South. Ali is getting BLANK Milwaukee.,8c6e42c8-e8b0-5c1e-b875-f08ab525734c,base
AHRQCN5HVAZY4,1,4,target,1,geocentric_distant,geocentric_distant_target,further from,closer to,Ali is South of Milwaukee. Ali walks South. Ali is getting BLANK Milwaukee.,8c6e42c8-e8b0-5c1e-b875-f08ab525734c,base
AKSJ3C5O3V9RB,1,4,target,1,geocentric_distant,geocentric_distant_target,further from,closer to,Ali is South of Milwaukee. Ali walks South. Ali is getting BLANK Milwaukee.,8c6e42c8-e8b0-5c1e-b875-f08ab525734c,base
AVD6HMIO1HLFI,1,4,target,0,geocentric_distant,geocentric_distant_target,further from,closer to,Ali is South of Milwaukee. Ali walks South. Ali is getting BLANK Milwaukee.,8c6e42c8-e8b0-5c1e-b875-f08ab525734c,base
AWKX5GXJ8QYP7,1,4,target,1,geocentric_distant,geocentric_distant_target,further from,closer to,Ali is South of Milwaukee. Ali walks South. Ali is getting BLANK Milwaukee.,8c6e42c8-e8b0-5c1e-b875-f08ab525734c,base
A10JXOU89D5RXR,1,4,target,1,egocentric_distant,egocentric_distant_target,left of,right of,Ali is facing Chicago. Ali turns right. Chicago is BLANK Ali.,dd671270-af76-5c47-b413-f83302e3de3a,base
A120PN22KW0VPY,1,4,target,0,egocentric_distant,egocentric_distant_target,left of,right of,Ali is facing Chicago. Ali turns right. Chicago is BLANK Ali.,dd671270-af76-5c47-b413-f83302e3de3a,base
A1CN1H9UODZ1E6,1,4,target,1,egocentric_distant,egocentric_distant_target,left of,right of,Ali is facing Chicago. Ali turns right. Chicago is BLANK Ali.,dd671270-af76-5c47-b413-f83302e3de3a,base
A1UY2W2FL9CWN,1,4,target,0,egocentric_distant,egocentric_distant_target,left of,right of,Ali is facing Chicago. Ali turns right. Chicago is BLANK Ali.,dd671270-af76-5c47-b413-f83302e3de3a,base
A2SY0XL28MLUTW,1,4,target,1,egocentric_distant,egocentric_distant_target,left of,right of,Ali is facing Chicago. Ali turns right. Chicago is BLANK Ali.,dd671270-af76-5c47-b413-f83302e3de3a,base
A336V7IY38Q2WN,1,4,target,1,egocentric_distant,egocentric_distant_target,left of,right of,Ali is facing Chicago. Ali turns right. Chicago is BLANK Ali.,dd671270-af76-5c47-b413-f83302e3de3a,base
A346XUUK22V9AZ,1,4,target,1,egocentric_distant,egocentric_distant_target,left of,right of,Ali is facing Chicago. Ali turns right. Chicago is BLANK Ali.,dd671270-af76-5c47-b413-f83302e3de3a,base
AHRQCN5HVAZY4,1,4,target,1,egocentric_distant,egocentric_distant_target,left of,right of,Ali is facing Chicago. Ali turns right. Chicago is BLANK Ali.,dd671270-af76-5c47-b413-f83302e3de3a,base
AKSJ3C5O3V9RB,1,4,target,0,egocentric_distant,egocentric_distant_target,left of,right of,Ali is facing Chicago. Ali turns right. Chicago is BLANK Ali.,dd671270-af76-5c47-b413-f83302e3de3a,base
AVD6HMIO1HLFI,1,4,target,1,egocentric_distant,egocentric_distant_target,left of,right of,Ali is facing Chicago. Ali turns right. Chicago is BLANK Ali.,dd671270-af76-5c47-b413-f83302e3de3a,base
AWKX5GXJ8QYP7,1,4,target,0,egocentric_distant,egocentric_distant_target,left of,right of,Ali is facing Chicago. Ali turns right. Chicago is BLANK Ali.,dd671270-af76-5c47-b413-f83302e3de3a,base
A10JXOU89D5RXR,1,4,target,1,egocentric_distant,egocentric_distant_target,in front of,behind,Ali is facing away from Chicago. Ali turns around. Chicago is BLANK Ali.,1710b645-2bb2-54c6-8ac1-62f03525d880,base
A120PN22KW0VPY,1,4,target,0,egocentric_distant,egocentric_distant_target,in front of,behind,Ali is facing away from Chicago. Ali turns around. Chicago is BLANK Ali.,1710b645-2bb2-54c6-8ac1-62f03525d880,base
A1CN1H9UODZ1E6,1,4,target,0,egocentric_distant,egocentric_distant_target,in front of,behind,Ali is facing away from Chicago. Ali turns around. Chicago is BLANK Ali.,1710b645-2bb2-54c6-8ac1-62f03525d880,base
A1UY2W2FL9CWN,1,4,target,1,egocentric_distant,egocentric_distant_target,in front of,behind,Ali is facing away from Chicago. Ali turns around. Chicago is BLANK Ali.,1710b645-2bb2-54c6-8ac1-62f03525d880,base
A2SY0XL28MLUTW,1,4,target,1,egocentric_distant,egocentric_distant_target,in front of,behind,Ali is facing away from Chicago. Ali turns around. Chicago is BLANK Ali.,1710b645-2bb2-54c6-8ac1-62f03525d880,base
A336V7IY38Q2WN,1,4,target,1,egocentric_distant,egocentric_distant_target,in front of,behind,Ali is facing away from Chicago. Ali turns around. Chicago is BLANK Ali.,1710b645-2bb2-54c6-8ac1-62f03525d880,base
A346XUUK22V9AZ,1,4,target,1,egocentric_distant,egocentric_distant_target,in front of,behind,Ali is facing away from Chicago. Ali turns around. Chicago is BLANK Ali.,1710b645-2bb2-54c6-8ac1-62f03525d880,base
AHRQCN5HVAZY4,1,4,target,0,egocentric_distant,egocentric_distant_target,in front of,behind,Ali is facing away from Chicago. Ali turns around. Chicago is BLANK Ali.,1710b645-2bb2-54c6-8ac1-62f03525d880,base
AKSJ3C5O3V9RB,1,4,target,1,egocentric_distant,egocentric_distant_target,in front of,behind,Ali is facing away from Chicago. Ali turns around. Chicago is BLANK Ali.,1710b645-2bb2-54c6-8ac1-62f03525d880,base
AVD6HMIO1HLFI,1,4,target,1,egocentric_distant,egocentric_distant_target,in front of,behind,Ali is facing away from Chicago. Ali turns around. Chicago is BLANK Ali.,1710b645-2bb2-54c6-8ac1-62f03525d880,base
AWKX5GXJ8QYP7,1,4,target,0,egocentric_distant,egocentric_distant_target,in front of,behind,Ali is facing away from Chicago. Ali turns around. Chicago is BLANK Ali.,1710b645-2bb2-54c6-8ac1-62f03525d880,base
A10JXOU89D5RXR,1,4,target,1,egocentric_distant,egocentric_distant_target,towards,away from,Ali is facing away from Milwaukee. Ali turns around. Ali is facing BLANK Milwaukee.,b8e02d25-2e51-5014-aeca-7e87dd1fcff1,base
A120PN22KW0VPY,1,4,target,1,egocentric_distant,egocentric_distant_target,towards,away from,Ali is facing away from Milwaukee. Ali turns around. Ali is facing BLANK Milwaukee.,b8e02d25-2e51-5014-aeca-7e87dd1fcff1,base
A1CN1H9UODZ1E6,1,4,target,1,egocentric_distant,egocentric_distant_target,towards,away from,Ali is facing away from Milwaukee. Ali turns around. Ali is facing BLANK Milwaukee.,b8e02d25-2e51-5014-aeca-7e87dd1fcff1,base
A1UY2W2FL9CWN,1,4,target,1,egocentric_distant,egocentric_distant_target,towards,away from,Ali is facing away from Milwaukee. Ali turns around. Ali is facing BLANK Milwaukee.,b8e02d25-2e51-5014-aeca-7e87dd1fcff1,base
A2SY0XL28MLUTW,1,4,target,1,egocentric_distant,egocentric_distant_target,towards,away from,Ali is facing away from Milwaukee. Ali turns around. Ali is facing BLANK Milwaukee.,b8e02d25-2e51-5014-aeca-7e87dd1fcff1,base
A336V7IY38Q2WN,1,4,target,1,egocentric_distant,egocentric_distant_target,towards,away from,Ali is facing away from Milwaukee. Ali turns around. Ali is facing BLANK Milwaukee.,b8e02d25-2e51-5014-aeca-7e87dd1fcff1,base
A346XUUK22V9AZ,1,4,target,1,egocentric_distant,egocentric_distant_target,towards,away from,Ali is facing away from Milwaukee. Ali turns around. Ali is facing BLANK Milwaukee.,b8e02d25-2e51-5014-aeca-7e87dd1fcff1,base
AHRQCN5HVAZY4,1,4,target,1,egocentric_distant,egocentric_distant_target,towards,away from,Ali is facing away from Milwaukee. Ali turns around. Ali is facing BLANK Milwaukee.,b8e02d25-2e51-5014-aeca-7e87dd1fcff1,base
AKSJ3C5O3V9RB,1,4,target,1,egocentric_distant,egocentric_distant_target,towards,away from,Ali is facing away from Milwaukee. Ali turns around. Ali is facing BLANK Milwaukee.,b8e02d25-2e51-5014-aeca-7e87dd1fcff1,base
AVD6HMIO1HLFI,1,4,target,1,egocentric_distant,egocentric_distant_target,towards,away from,Ali is facing away from Milwaukee. Ali turns around. Ali is facing BLANK Milwaukee.,b8e02d25-2e51-5014-aeca-7e87dd1fcff1,base
AWKX5GXJ8QYP7,1,4,target,1,egocentric_distant,egocentric_distant_target,towards,away from,Ali is facing away from Milwaukee. Ali turns around. Ali is facing BLANK Milwaukee.,b8e02d25-2e51-5014-aeca-7e87dd1fcff1,base
A10JXOU89D5RXR,1,4,target,1,state_follows,state_follows_target,doesn't break,breaks,Ali is standing on carpet. Ali drops the glass. The glass BLANK.,dfc851d9-cc6d-5d1a-8e26-1eaac0fe23f5,base
A120PN22KW0VPY,1,4,target,1,state_follows,state_follows_target,doesn't break,breaks,Ali is standing on carpet. Ali drops the glass. The glass BLANK.,dfc851d9-cc6d-5d1a-8e26-1eaac0fe23f5,base
A1CN1H9UODZ1E6,1,4,target,1,state_follows,state_follows_target,doesn't break,breaks,Ali is standing on carpet. Ali drops the glass. The glass BLANK.,dfc851d9-cc6d-5d1a-8e26-1eaac0fe23f5,base
A1UY2W2FL9CWN,1,4,target,1,state_follows,state_follows_target,doesn't break,breaks,Ali is standing on carpet. Ali drops the glass. The glass BLANK.,dfc851d9-cc6d-5d1a-8e26-1eaac0fe23f5,base
A2SY0XL28MLUTW,1,4,target,1,state_follows,state_follows_target,doesn't break,breaks,Ali is standing on carpet. Ali drops the glass. The glass BLANK.,dfc851d9-cc6d-5d1a-8e26-1eaac0fe23f5,base
A336V7IY38Q2WN,1,4,target,0,state_follows,state_follows_target,doesn't break,breaks,Ali is standing on carpet. Ali drops the glass. The glass BLANK.,dfc851d9-cc6d-5d1a-8e26-1eaac0fe23f5,base
A346XUUK22V9AZ,1,4,target,1,state_follows,state_follows_target,doesn't break,breaks,Ali is standing on carpet. Ali drops the glass. The glass BLANK.,dfc851d9-cc6d-5d1a-8e26-1eaac0fe23f5,base
AHRQCN5HVAZY4,1,4,target,1,state_follows,state_follows_target,doesn't break,breaks,Ali is standing on carpet. Ali drops the glass. The glass BLANK.,dfc851d9-cc6d-5d1a-8e26-1eaac0fe23f5,base
AKSJ3C5O3V9RB,1,4,target,1,state_follows,state_follows_target,doesn't break,breaks,Ali is standing on carpet. Ali drops the glass. The glass BLANK.,dfc851d9-cc6d-5d1a-8e26-1eaac0fe23f5,base
AVD6HMIO1HLFI,1,4,target,1,state_follows,state_follows_target,doesn't break,breaks,Ali is standing on carpet. Ali drops the glass. The glass BLANK.,dfc851d9-cc6d-5d1a-8e26-1eaac0fe23f5,base
AWKX5GXJ8QYP7,1,4,target,0,state_follows,state_follows_target,doesn't break,breaks,Ali is standing on carpet. Ali drops the glass. The glass BLANK.,dfc851d9-cc6d-5d1a-8e26-1eaac0fe23f5,base
A10JXOU89D5RXR,1,4,target,0,two_refs_egocentric,two_refs_egocentric_target,left,right,Ali is to Mark's right. Mark turns around. Ali is to Mark's BLANK.,2206d693-156b-580d-a926-7c9dd845f0df,base
A120PN22KW0VPY,1,4,target,1,two_refs_egocentric,two_refs_egocentric_target,left,right,Ali is to Mark's right. Mark turns around. Ali is to Mark's BLANK.,2206d693-156b-580d-a926-7c9dd845f0df,base
A1CN1H9UODZ1E6,1,4,target,0,two_refs_egocentric,two_refs_egocentric_target,left,right,Ali is to Mark's right. Mark turns around. Ali is to Mark's BLANK.,2206d693-156b-580d-a926-7c9dd845f0df,base
A1UY2W2FL9CWN,1,4,target,0,two_refs_egocentric,two_refs_egocentric_target,left,right,Ali is to Mark's right. Mark turns around. Ali is to Mark's BLANK.,2206d693-156b-580d-a926-7c9dd845f0df,base
A2SY0XL28MLUTW,1,4,target,1,two_refs_egocentric,two_refs_egocentric_target,left,right,Ali is to Mark's right. Mark turns around. Ali is to Mark's BLANK.,2206d693-156b-580d-a926-7c9dd845f0df,base
A336V7IY38Q2WN,1,4,target,1,two_refs_egocentric,two_refs_egocentric_target,left,right,Ali is to Mark's right. Mark turns around. Ali is to Mark's BLANK.,2206d693-156b-580d-a926-7c9dd845f0df,base
A346XUUK22V9AZ,1,4,target,1,two_refs_egocentric,two_refs_egocentric_target,left,right,Ali is to Mark's right. Mark turns around. Ali is to Mark's BLANK.,2206d693-156b-580d-a926-7c9dd845f0df,base
AHRQCN5HVAZY4,1,4,target,1,two_refs_egocentric,two_refs_egocentric_target,left,right,Ali is to Mark's right. Mark turns around. Ali is to Mark's BLANK.,2206d693-156b-580d-a926-7c9dd845f0df,base
AKSJ3C5O3V9RB,1,4,target,1,two_refs_egocentric,two_refs_egocentric_target,left,right,Ali is to Mark's right. Mark turns around. Ali is to Mark's BLANK.,2206d693-156b-580d-a926-7c9dd845f0df,base
AVD6HMIO1HLFI,1,4,target,1,two_refs_egocentric,two_refs_egocentric_target,left,right,Ali is to Mark's right. Mark turns around. Ali is to Mark's BLANK.,2206d693-156b-580d-a926-7c9dd845f0df,base
AWKX5GXJ8QYP7,1,4,target,1,two_refs_egocentric,two_refs_egocentric_target,left,right,Ali is to Mark's right. Mark turns around. Ali is to Mark's BLANK.,2206d693-156b-580d-a926-7c9dd845f0df,base
A10JXOU89D5RXR,1,4,target,1,egocentric_distant,egocentric_distant_target,in front of,behind,Chicago is behind Ali. Ali turns around. Chicago is BLANK Ali.,0a3b95b5-1010-5cfc-922f-0c5f2d467d8e,base
A120PN22KW0VPY,1,4,target,1,egocentric_distant,egocentric_distant_target,in front of,behind,Chicago is behind Ali. Ali turns around. Chicago is BLANK Ali.,0a3b95b5-1010-5cfc-922f-0c5f2d467d8e,base
A1CN1H9UODZ1E6,1,4,target,1,egocentric_distant,egocentric_distant_target,in front of,behind,Chicago is behind Ali. Ali turns around. Chicago is BLANK Ali.,0a3b95b5-1010-5cfc-922f-0c5f2d467d8e,base
A1UY2W2FL9CWN,1,4,target,1,egocentric_distant,egocentric_distant_target,in front of,behind,Chicago is behind Ali. Ali turns around. Chicago is BLANK Ali.,0a3b95b5-1010-5cfc-922f-0c5f2d467d8e,base
A2SY0XL28MLUTW,1,4,target,1,egocentric_distant,egocentric_distant_target,in front of,behind,Chicago is behind Ali. Ali turns around. Chicago is BLANK Ali.,0a3b95b5-1010-5cfc-922f-0c5f2d467d8e,base
A336V7IY38Q2WN,1,4,target,1,egocentric_distant,egocentric_distant_target,in front of,behind,Chicago is behind Ali. Ali turns around. Chicago is BLANK Ali.,0a3b95b5-1010-5cfc-922f-0c5f2d467d8e,base
A346XUUK22V9AZ,1,4,target,1,egocentric_distant,egocentric_distant_target,in front of,behind,Chicago is behind Ali. Ali turns around. Chicago is BLANK Ali.,0a3b95b5-1010-5cfc-922f-0c5f2d467d8e,base
AHRQCN5HVAZY4,1,4,target,0,egocentric_distant,egocentric_distant_target,in front of,behind,Chicago is behind Ali. Ali turns around. Chicago is BLANK Ali.,0a3b95b5-1010-5cfc-922f-0c5f2d467d8e,base
AKSJ3C5O3V9RB,1,4,target,1,egocentric_distant,egocentric_distant_target,in front of,behind,Chicago is behind Ali. Ali turns around. Chicago is BLANK Ali.,0a3b95b5-1010-5cfc-922f-0c5f2d467d8e,base
AVD6HMIO1HLFI,1,4,target,1,egocentric_distant,egocentric_distant_target,in front of,behind,Chicago is behind Ali. Ali turns around. Chicago is BLANK Ali.,0a3b95b5-1010-5cfc-922f-0c5f2d467d8e,base
AWKX5GXJ8QYP7,1,4,target,1,egocentric_distant,egocentric_distant_target,in front of,behind,Chicago is behind Ali. Ali turns around. Chicago is BLANK Ali.,0a3b95b5-1010-5cfc-922f-0c5f2d467d8e,base
A10JXOU89D5RXR,1,4,target,0,egocentric_distant,egocentric_distant_target,right of,left of,Chicago is behind Ali. Ali turns right. Chicago is BLANK Ali.,ecf1bbc5-92d2-5b77-9ebe-7090991e3b5d,base
A120PN22KW0VPY,1,4,target,0,egocentric_distant,egocentric_distant_target,right of,left of,Chicago is behind Ali. Ali turns right. Chicago is BLANK Ali.,ecf1bbc5-92d2-5b77-9ebe-7090991e3b5d,base
A1CN1H9UODZ1E6,1,4,target,1,egocentric_distant,egocentric_distant_target,right of,left of,Chicago is behind Ali. Ali turns right. Chicago is BLANK Ali.,ecf1bbc5-92d2-5b77-9ebe-7090991e3b5d,base
A1UY2W2FL9CWN,1,4,target,1,egocentric_distant,egocentric_distant_target,right of,left of,Chicago is behind Ali. Ali turns right. Chicago is BLANK Ali.,ecf1bbc5-92d2-5b77-9ebe-7090991e3b5d,base
A2SY0XL28MLUTW,1,4,target,0,egocentric_distant,egocentric_distant_target,right of,left of,Chicago is behind Ali. Ali turns right. Chicago is BLANK Ali.,ecf1bbc5-92d2-5b77-9ebe-7090991e3b5d,base
A336V7IY38Q2WN,1,4,target,1,egocentric_distant,egocentric_distant_target,right of,left of,Chicago is behind Ali. Ali turns right. Chicago is BLANK Ali.,ecf1bbc5-92d2-5b77-9ebe-7090991e3b5d,base
A346XUUK22V9AZ,1,4,target,1,egocentric_distant,egocentric_distant_target,right of,left of,Chicago is behind Ali. Ali turns right. Chicago is BLANK Ali.,ecf1bbc5-92d2-5b77-9ebe-7090991e3b5d,base
AHRQCN5HVAZY4,1,4,target,1,egocentric_distant,egocentric_distant_target,right of,left of,Chicago is behind Ali. Ali turns right. Chicago is BLANK Ali.,ecf1bbc5-92d2-5b77-9ebe-7090991e3b5d,base
AVD6HMIO1HLFI,1,4,target,1,egocentric_distant,egocentric_distant_target,right of,left of,Chicago is behind Ali. Ali turns right. Chicago is BLANK Ali.,ecf1bbc5-92d2-5b77-9ebe-7090991e3b5d,base
AWKX5GXJ8QYP7,1,4,target,0,egocentric_distant,egocentric_distant_target,right of,left of,Chicago is behind Ali. Ali turns right. Chicago is BLANK Ali.,ecf1bbc5-92d2-5b77-9ebe-7090991e3b5d,base
A10JXOU89D5RXR,1,4,target,1,two_refs_geocentric,two_refs_geocentric_target,North,South,Mark and Ali are both directly West of Budapest. Mark walks South. Ali is BLANK of Mark.,83b8ada3-adc0-51d6-8c2c-d39bacde7ea1,base
A120PN22KW0VPY,1,4,target,0,two_refs_geocentric,two_refs_geocentric_target,North,South,Mark and Ali are both directly West of Budapest. Mark walks South. Ali is BLANK of Mark.,83b8ada3-adc0-51d6-8c2c-d39bacde7ea1,base
A1CN1H9UODZ1E6,1,4,target,0,two_refs_geocentric,two_refs_geocentric_target,North,South,Mark and Ali are both directly West of Budapest. Mark walks South. Ali is BLANK of Mark.,83b8ada3-adc0-51d6-8c2c-d39bacde7ea1,base
A1UY2W2FL9CWN,1,4,target,1,two_refs_geocentric,two_refs_geocentric_target,North,South,Mark and Ali are both directly West of Budapest. Mark walks South. Ali is BLANK of Mark.,83b8ada3-adc0-51d6-8c2c-d39bacde7ea1,base
A2SY0XL28MLUTW,1,4,target,0,two_refs_geocentric,two_refs_geocentric_target,North,South,Mark and Ali are both directly West of Budapest. Mark walks South. Ali is BLANK of Mark.,83b8ada3-adc0-51d6-8c2c-d39bacde7ea1,base
A336V7IY38Q2WN,1,4,target,1,two_refs_geocentric,two_refs_geocentric_target,North,South,Mark and Ali are both directly West of Budapest. Mark walks South. Ali is BLANK of Mark.,83b8ada3-adc0-51d6-8c2c-d39bacde7ea1,base
A346XUUK22V9AZ,1,4,target,1,two_refs_geocentric,two_refs_geocentric_target,North,South,Mark and Ali are both directly West of Budapest. Mark walks South. Ali is BLANK of Mark.,83b8ada3-adc0-51d6-8c2c-d39bacde7ea1,base
AHRQCN5HVAZY4,1,4,target,1,two_refs_geocentric,two_refs_geocentric_target,North,South,Mark and Ali are both directly West of Budapest. Mark walks South. Ali is BLANK of Mark.,83b8ada3-adc0-51d6-8c2c-d39bacde7ea1,base
AKSJ3C5O3V9RB,1,4,target,1,two_refs_geocentric,two_refs_geocentric_target,North,South,Mark and Ali are both directly West of Budapest. Mark walks South. Ali is BLANK of Mark.,83b8ada3-adc0-51d6-8c2c-d39bacde7ea1,base
AVD6HMIO1HLFI,1,4,target,1,two_refs_geocentric,two_refs_geocentric_target,North,South,Mark and Ali are both directly West of Budapest. Mark walks South. Ali is BLANK of Mark.,83b8ada3-adc0-51d6-8c2c-d39bacde7ea1,base
AWKX5GXJ8QYP7,1,4,target,1,two_refs_geocentric,two_refs_geocentric_target,North,South,Mark and Ali are both directly West of Budapest. Mark walks South. Ali is BLANK of Mark.,83b8ada3-adc0-51d6-8c2c-d39bacde7ea1,base
A10JXOU89D5RXR,1,4,target,1,two_refs_geocentric,two_refs_geocentric_target,East,West,Mark is East of Ali. Mark turns right. Mark is BLANK of Ali.,a57c5747-affc-54e6-b647-504ceac1e32c,base
A120PN22KW0VPY,1,4,target,1,two_refs_geocentric,two_refs_geocentric_target,East,West,Mark is East of Ali. Mark turns right. Mark is BLANK of Ali.,a57c5747-affc-54e6-b647-504ceac1e32c,base
A1CN1H9UODZ1E6,1,4,target,0,two_refs_geocentric,two_refs_geocentric_target,East,West,Mark is East of Ali. Mark turns right. Mark is BLANK of Ali.,a57c5747-affc-54e6-b647-504ceac1e32c,base
A1UY2W2FL9CWN,1,4,target,1,two_refs_geocentric,two_refs_geocentric_target,East,West,Mark is East of Ali. Mark turns right. Mark is BLANK of Ali.,a57c5747-affc-54e6-b647-504ceac1e32c,base
A2SY0XL28MLUTW,1,4,target,1,two_refs_geocentric,two_refs_geocentric_target,East,West,Mark is East of Ali. Mark turns right. Mark is BLANK of Ali.,a57c5747-affc-54e6-b647-504ceac1e32c,base
A336V7IY38Q2WN,1,4,target,1,two_refs_geocentric,two_refs_geocentric_target,East,West,Mark is East of Ali. Mark turns right. Mark is BLANK of Ali.,a57c5747-affc-54e6-b647-504ceac1e32c,base
A346XUUK22V9AZ,1,4,target,1,two_refs_geocentric,two_refs_geocentric_target,East,West,Mark is East of Ali. Mark turns right. Mark is BLANK of Ali.,a57c5747-affc-54e6-b647-504ceac1e32c,base
AHRQCN5HVAZY4,1,4,target,1,two_refs_geocentric,two_refs_geocentric_target,East,West,Mark is East of Ali. Mark turns right. Mark is BLANK of Ali.,a57c5747-affc-54e6-b647-504ceac1e32c,base
AKSJ3C5O3V9RB,1,4,target,1,two_refs_geocentric,two_refs_geocentric_target,East,West,Mark is East of Ali. Mark turns right. Mark is BLANK of Ali.,a57c5747-affc-54e6-b647-504ceac1e32c,base
AVD6HMIO1HLFI,1,4,target,1,two_refs_geocentric,two_refs_geocentric_target,East,West,Mark is East of Ali. Mark turns right. Mark is BLANK of Ali.,a57c5747-affc-54e6-b647-504ceac1e32c,base
AWKX5GXJ8QYP7,1,4,target,1,two_refs_geocentric,two_refs_geocentric_target,East,West,Mark is East of Ali. Mark turns right. Mark is BLANK of Ali.,a57c5747-affc-54e6-b647-504ceac1e32c,base
A10JXOU89D5RXR,1,4,target,1,two_refs_egocentric,two_refs_egocentric_target,towards,away from,Mark is behind Ali. Ali turns around. Ali is facing BLANK Mark.,75f5ca74-b43b-5025-8f67-f773547466c2,base
A120PN22KW0VPY,1,4,target,1,two_refs_egocentric,two_refs_egocentric_target,towards,away from,Mark is behind Ali. Ali turns around. Ali is facing BLANK Mark.,75f5ca74-b43b-5025-8f67-f773547466c2,base
A1CN1H9UODZ1E6,1,4,target,1,two_refs_egocentric,two_refs_egocentric_target,towards,away from,Mark is behind Ali. Ali turns around. Ali is facing BLANK Mark.,75f5ca74-b43b-5025-8f67-f773547466c2,base
A1UY2W2FL9CWN,1,4,target,1,two_refs_egocentric,two_refs_egocentric_target,towards,away from,Mark is behind Ali. Ali turns around. Ali is facing BLANK Mark.,75f5ca74-b43b-5025-8f67-f773547466c2,base
A2SY0XL28MLUTW,1,4,target,1,two_refs_egocentric,two_refs_egocentric_target,towards,away from,Mark is behind Ali. Ali turns around. Ali is facing BLANK Mark.,75f5ca74-b43b-5025-8f67-f773547466c2,base
A336V7IY38Q2WN,1,4,target,1,two_refs_egocentric,two_refs_egocentric_target,towards,away from,Mark is behind Ali. Ali turns around. Ali is facing BLANK Mark.,75f5ca74-b43b-5025-8f67-f773547466c2,base
A346XUUK22V9AZ,1,4,target,1,two_refs_egocentric,two_refs_egocentric_target,towards,away from,Mark is behind Ali. Ali turns around. Ali is facing BLANK Mark.,75f5ca74-b43b-5025-8f67-f773547466c2,base
AHRQCN5HVAZY4,1,4,target,1,two_refs_egocentric,two_refs_egocentric_target,towards,away from,Mark is behind Ali. Ali turns around. Ali is facing BLANK Mark.,75f5ca74-b43b-5025-8f67-f773547466c2,base
AKSJ3C5O3V9RB,1,4,target,1,two_refs_egocentric,two_refs_egocentric_target,towards,away from,Mark is behind Ali. Ali turns around. Ali is facing BLANK Mark.,75f5ca74-b43b-5025-8f67-f773547466c2,base
AVD6HMIO1HLFI,1,4,target,0,two_refs_egocentric,two_refs_egocentric_target,towards,away from,Mark is behind Ali. Ali turns around. Ali is facing BLANK Mark.,75f5ca74-b43b-5025-8f67-f773547466c2,base
AWKX5GXJ8QYP7,1,4,target,1,two_refs_egocentric,two_refs_egocentric_target,towards,away from,Mark is behind Ali. Ali turns around. Ali is facing BLANK Mark.,75f5ca74-b43b-5025-8f67-f773547466c2,base
A10JXOU89D5RXR,1,4,target,1,two_refs_geocentric,two_refs_geocentric_target,West,East,Mark is facing East and Ali is facing West. Mark turns around. Mark is facing BLANK.,c01e2a41-1c57-56e8-beeb-9c6823eb84c3,base
A120PN22KW0VPY,1,4,target,1,two_refs_geocentric,two_refs_geocentric_target,West,East,Mark is facing East and Ali is facing West. Mark turns around. Mark is facing BLANK.,c01e2a41-1c57-56e8-beeb-9c6823eb84c3,base
A1CN1H9UODZ1E6,1,4,target,0,two_refs_geocentric,two_refs_geocentric_target,West,East,Mark is facing East and Ali is facing West. Mark turns around. Mark is facing BLANK.,c01e2a41-1c57-56e8-beeb-9c6823eb84c3,base
A1UY2W2FL9CWN,1,4,target,1,two_refs_geocentric,two_refs_geocentric_target,West,East,Mark is facing East and Ali is facing West. Mark turns around. Mark is facing BLANK.,c01e2a41-1c57-56e8-beeb-9c6823eb84c3,base
A2SY0XL28MLUTW,1,4,target,1,two_refs_geocentric,two_refs_geocentric_target,West,East,Mark is facing East and Ali is facing West. Mark turns around. Mark is facing BLANK.,c01e2a41-1c57-56e8-beeb-9c6823eb84c3,base
A336V7IY38Q2WN,1,4,target,1,two_refs_geocentric,two_refs_geocentric_target,West,East,Mark is facing East and Ali is facing West. Mark turns around. Mark is facing BLANK.,c01e2a41-1c57-56e8-beeb-9c6823eb84c3,base
A346XUUK22V9AZ,1,4,target,1,two_refs_geocentric,two_refs_geocentric_target,West,East,Mark is facing East and Ali is facing West. Mark turns around. Mark is facing BLANK.,c01e2a41-1c57-56e8-beeb-9c6823eb84c3,base
AHRQCN5HVAZY4,1,4,target,0,two_refs_geocentric,two_refs_geocentric_target,West,East,Mark is facing East and Ali is facing West. Mark turns around. Mark is facing BLANK.,c01e2a41-1c57-56e8-beeb-9c6823eb84c3,base
AVD6HMIO1HLFI,1,4,target,1,two_refs_geocentric,two_refs_geocentric_target,West,East,Mark is facing East and Ali is facing West. Mark turns around. Mark is facing BLANK.,c01e2a41-1c57-56e8-beeb-9c6823eb84c3,base
AWKX5GXJ8QYP7,1,4,target,1,two_refs_geocentric,two_refs_geocentric_target,West,East,Mark is facing East and Ali is facing West. Mark turns around. Mark is facing BLANK.,c01e2a41-1c57-56e8-beeb-9c6823eb84c3,base
A10JXOU89D5RXR,1,4,target,1,geocentric_near,geocentric_near_target,South,North,Mark is facing East. Mark turns 90 degrees to his right. Mark is facing BLANK.,815c9fc1-43f2-5386-90fa-6c0db0268448,base
A120PN22KW0VPY,1,4,target,0,geocentric_near,geocentric_near_target,South,North,Mark is facing East. Mark turns 90 degrees to his right. Mark is facing BLANK.,815c9fc1-43f2-5386-90fa-6c0db0268448,base
A1CN1H9UODZ1E6,1,4,target,1,geocentric_near,geocentric_near_target,South,North,Mark is facing East. Mark turns 90 degrees to his right. Mark is facing BLANK.,815c9fc1-43f2-5386-90fa-6c0db0268448,base
A1UY2W2FL9CWN,1,4,target,1,geocentric_near,geocentric_near_target,South,North,Mark is facing East. Mark turns 90 degrees to his right. Mark is facing BLANK.,815c9fc1-43f2-5386-90fa-6c0db0268448,base
A2SY0XL28MLUTW,1,4,target,0,geocentric_near,geocentric_near_target,South,North,Mark is facing East. Mark turns 90 degrees to his right. Mark is facing BLANK.,815c9fc1-43f2-5386-90fa-6c0db0268448,base
A336V7IY38Q2WN,1,4,target,1,geocentric_near,geocentric_near_target,South,North,Mark is facing East. Mark turns 90 degrees to his right. Mark is facing BLANK.,815c9fc1-43f2-5386-90fa-6c0db0268448,base
A346XUUK22V9AZ,1,4,target,1,geocentric_near,geocentric_near_target,South,North,Mark is facing East. Mark turns 90 degrees to his right. Mark is facing BLANK.,815c9fc1-43f2-5386-90fa-6c0db0268448,base
AHRQCN5HVAZY4,1,4,target,1,geocentric_near,geocentric_near_target,South,North,Mark is facing East. Mark turns 90 degrees to his right. Mark is facing BLANK.,815c9fc1-43f2-5386-90fa-6c0db0268448,base
AKSJ3C5O3V9RB,1,4,target,0,geocentric_near,geocentric_near_target,South,North,Mark is facing East. Mark turns 90 degrees to his right. Mark is facing BLANK.,815c9fc1-43f2-5386-90fa-6c0db0268448,base
AVD6HMIO1HLFI,1,4,target,1,geocentric_near,geocentric_near_target,South,North,Mark is facing East. Mark turns 90 degrees to his right. Mark is facing BLANK.,815c9fc1-43f2-5386-90fa-6c0db0268448,base
AWKX5GXJ8QYP7,1,4,target,1,geocentric_near,geocentric_near_target,South,North,Mark is facing East. Mark turns 90 degrees to his right. Mark is facing BLANK.,815c9fc1-43f2-5386-90fa-6c0db0268448,base
A10JXOU89D5RXR,1,4,target,0,two_refs_geocentric,two_refs_geocentric_target,the same direction,different directions,Mark is facing North and Ali is facing East. Mark turns 90 degrees to his right. Mark and Ali are facing BLANK.,286ce04e-0e99-55bd-b40b-485e9a55ddc1,base
A120PN22KW0VPY,1,4,target,1,two_refs_geocentric,two_refs_geocentric_target,the same direction,different directions,Mark is facing North and Ali is facing East. Mark turns 90 degrees to his right. Mark and Ali are facing BLANK.,286ce04e-0e99-55bd-b40b-485e9a55ddc1,base
A1CN1H9UODZ1E6,1,4,target,1,two_refs_geocentric,two_refs_geocentric_target,the same direction,different directions,Mark is facing North and Ali is facing East. Mark turns 90 degrees to his right. Mark and Ali are facing BLANK.,286ce04e-0e99-55bd-b40b-485e9a55ddc1,base
A1UY2W2FL9CWN,1,4,target,1,two_refs_geocentric,two_refs_geocentric_target,the same direction,different directions,Mark is facing North and Ali is facing East. Mark turns 90 degrees to his right. Mark and Ali are facing BLANK.,286ce04e-0e99-55bd-b40b-485e9a55ddc1,base
A2SY0XL28MLUTW,1,4,target,1,two_refs_geocentric,two_refs_geocentric_target,the same direction,different directions,Mark is facing North and Ali is facing East. Mark turns 90 degrees to his right. Mark and Ali are facing BLANK.,286ce04e-0e99-55bd-b40b-485e9a55ddc1,base
A336V7IY38Q2WN,1,4,target,1,two_refs_geocentric,two_refs_geocentric_target,the same direction,different directions,Mark is facing North and Ali is facing East. Mark turns 90 degrees to his right. Mark and Ali are facing BLANK.,286ce04e-0e99-55bd-b40b-485e9a55ddc1,base
A346XUUK22V9AZ,1,4,target,1,two_refs_geocentric,two_refs_geocentric_target,the same direction,different directions,Mark is facing North and Ali is facing East. Mark turns 90 degrees to his right. Mark and Ali are facing BLANK.,286ce04e-0e99-55bd-b40b-485e9a55ddc1,base
AHRQCN5HVAZY4,1,4,target,0,two_refs_geocentric,two_refs_geocentric_target,the same direction,different directions,Mark is facing North and Ali is facing East. Mark turns 90 degrees to his right. Mark and Ali are facing BLANK.,286ce04e-0e99-55bd-b40b-485e9a55ddc1,base
AVD6HMIO1HLFI,1,4,target,0,two_refs_geocentric,two_refs_geocentric_target,the same direction,different directions,Mark is facing North and Ali is facing East. Mark turns 90 degrees to his right. Mark and Ali are facing BLANK.,286ce04e-0e99-55bd-b40b-485e9a55ddc1,base
AWKX5GXJ8QYP7,1,4,target,0,two_refs_geocentric,two_refs_geocentric_target,the same direction,different directions,Mark is facing North and Ali is facing East. Mark turns 90 degrees to his right. Mark and Ali are facing BLANK.,286ce04e-0e99-55bd-b40b-485e9a55ddc1,base
A10JXOU89D5RXR,1,4,target,1,two_refs_egocentric,two_refs_egocentric_target,further from,closer to,Mark is in front of Ali. Mark walks forwards. Mark is getting BLANK Ali.,2829a666-eb26-5378-b0eb-cfd72cc8b03f,base
A120PN22KW0VPY,1,4,target,0,two_refs_egocentric,two_refs_egocentric_target,further from,closer to,Mark is in front of Ali. Mark walks forwards. Mark is getting BLANK Ali.,2829a666-eb26-5378-b0eb-cfd72cc8b03f,base
A1CN1H9UODZ1E6,1,4,target,1,two_refs_egocentric,two_refs_egocentric_target,further from,closer to,Mark is in front of Ali. Mark walks forwards. Mark is getting BLANK Ali.,2829a666-eb26-5378-b0eb-cfd72cc8b03f,base
A1UY2W2FL9CWN,1,4,target,1,two_refs_egocentric,two_refs_egocentric_target,further from,closer to,Mark is in front of Ali. Mark walks forwards. Mark is getting BLANK Ali.,2829a666-eb26-5378-b0eb-cfd72cc8b03f,base
A2SY0XL28MLUTW,1,4,target,0,two_refs_egocentric,two_refs_egocentric_target,further from,closer to,Mark is in front of Ali. Mark walks forwards. Mark is getting BLANK Ali.,2829a666-eb26-5378-b0eb-cfd72cc8b03f,base
A336V7IY38Q2WN,1,4,target,0,two_refs_egocentric,two_refs_egocentric_target,further from,closer to,Mark is in front of Ali. Mark walks forwards. Mark is getting BLANK Ali.,2829a666-eb26-5378-b0eb-cfd72cc8b03f,base
A346XUUK22V9AZ,1,4,target,0,two_refs_egocentric,two_refs_egocentric_target,further from,closer to,Mark is in front of Ali. Mark walks forwards. Mark is getting BLANK Ali.,2829a666-eb26-5378-b0eb-cfd72cc8b03f,base
AHRQCN5HVAZY4,1,4,target,1,two_refs_egocentric,two_refs_egocentric_target,further from,closer to,Mark is in front of Ali. Mark walks forwards. Mark is getting BLANK Ali.,2829a666-eb26-5378-b0eb-cfd72cc8b03f,base
AKSJ3C5O3V9RB,1,4,target,0,two_refs_egocentric,two_refs_egocentric_target,further from,closer to,Mark is in front of Ali. Mark walks forwards. Mark is getting BLANK Ali.,2829a666-eb26-5378-b0eb-cfd72cc8b03f,base
AVD6HMIO1HLFI,1,4,target,1,two_refs_egocentric,two_refs_egocentric_target,further from,closer to,Mark is in front of Ali. Mark walks forwards. Mark is getting BLANK Ali.,2829a666-eb26-5378-b0eb-cfd72cc8b03f,base
AWKX5GXJ8QYP7,1,4,target,1,two_refs_egocentric,two_refs_egocentric_target,further from,closer to,Mark is in front of Ali. Mark walks forwards. Mark is getting BLANK Ali.,2829a666-eb26-5378-b0eb-cfd72cc8b03f,base
A10JXOU89D5RXR,1,4,target,0,two_refs_egocentric,two_refs_egocentric_target,towards,away from,Mark is to the left of Ali. Mark looks to his left and Ali looks to his left. Ali is facing BLANK Mark.,3b349749-0956-5093-b528-ea281f998710,base
A120PN22KW0VPY,1,4,target,1,two_refs_egocentric,two_refs_egocentric_target,towards,away from,Mark is to the left of Ali. Mark looks to his left and Ali looks to his left. Ali is facing BLANK Mark.,3b349749-0956-5093-b528-ea281f998710,base
A1CN1H9UODZ1E6,1,4,target,1,two_refs_egocentric,two_refs_egocentric_target,towards,away from,Mark is to the left of Ali. Mark looks to his left and Ali looks to his left. Ali is facing BLANK Mark.,3b349749-0956-5093-b528-ea281f998710,base
A1UY2W2FL9CWN,1,4,target,1,two_refs_egocentric,two_refs_egocentric_target,towards,away from,Mark is to the left of Ali. Mark looks to his left and Ali looks to his left. Ali is facing BLANK Mark.,3b349749-0956-5093-b528-ea281f998710,base
A2SY0XL28MLUTW,1,4,target,1,two_refs_egocentric,two_refs_egocentric_target,towards,away from,Mark is to the left of Ali. Mark looks to his left and Ali looks to his left. Ali is facing BLANK Mark.,3b349749-0956-5093-b528-ea281f998710,base
A336V7IY38Q2WN,1,4,target,1,two_refs_egocentric,two_refs_egocentric_target,towards,away from,Mark is to the left of Ali. Mark looks to his left and Ali looks to his left. Ali is facing BLANK Mark.,3b349749-0956-5093-b528-ea281f998710,base
A346XUUK22V9AZ,1,4,target,0,two_refs_egocentric,two_refs_egocentric_target,towards,away from,Mark is to the left of Ali. Mark looks to his left and Ali looks to his left. Ali is facing BLANK Mark.,3b349749-0956-5093-b528-ea281f998710,base
AHRQCN5HVAZY4,1,4,target,1,two_refs_egocentric,two_refs_egocentric_target,towards,away from,Mark is to the left of Ali. Mark looks to his left and Ali looks to his left. Ali is facing BLANK Mark.,3b349749-0956-5093-b528-ea281f998710,base
AKSJ3C5O3V9RB,1,4,target,1,two_refs_egocentric,two_refs_egocentric_target,towards,away from,Mark is to the left of Ali. Mark looks to his left and Ali looks to his left. Ali is facing BLANK Mark.,3b349749-0956-5093-b528-ea281f998710,base
AVD6HMIO1HLFI,1,4,target,1,two_refs_egocentric,two_refs_egocentric_target,towards,away from,Mark is to the left of Ali. Mark looks to his left and Ali looks to his left. Ali is facing BLANK Mark.,3b349749-0956-5093-b528-ea281f998710,base
AWKX5GXJ8QYP7,1,4,target,0,two_refs_egocentric,two_refs_egocentric_target,towards,away from,Mark is to the left of Ali. Mark looks to his left and Ali looks to his left. Ali is facing BLANK Mark.,3b349749-0956-5093-b528-ea281f998710,base
A10JXOU89D5RXR,1,4,target,0,geocentric_distant,geocentric_distant_target,North of,West of,Milwaukee is North of Ali. Ali turns left. Milwaukee is BLANK Ali.,4ec6ce58-d4e5-5258-9721-9abd60a41155,base
A120PN22KW0VPY,1,4,target,1,geocentric_distant,geocentric_distant_target,North of,West of,Milwaukee is North of Ali. Ali turns left. Milwaukee is BLANK Ali.,4ec6ce58-d4e5-5258-9721-9abd60a41155,base
A1CN1H9UODZ1E6,1,4,target,1,geocentric_distant,geocentric_distant_target,North of,West of,Milwaukee is North of Ali. Ali turns left. Milwaukee is BLANK Ali.,4ec6ce58-d4e5-5258-9721-9abd60a41155,base
A1UY2W2FL9CWN,1,4,target,1,geocentric_distant,geocentric_distant_target,North of,West of,Milwaukee is North of Ali. Ali turns left. Milwaukee is BLANK Ali.,4ec6ce58-d4e5-5258-9721-9abd60a41155,base
A2SY0XL28MLUTW,1,4,target,0,geocentric_distant,geocentric_distant_target,North of,West of,Milwaukee is North of Ali. Ali turns left. Milwaukee is BLANK Ali.,4ec6ce58-d4e5-5258-9721-9abd60a41155,base
A336V7IY38Q2WN,1,4,target,0,geocentric_distant,geocentric_distant_target,North of,West of,Milwaukee is North of Ali. Ali turns left. Milwaukee is BLANK Ali.,4ec6ce58-d4e5-5258-9721-9abd60a41155,base
A346XUUK22V9AZ,1,4,target,1,geocentric_distant,geocentric_distant_target,North of,West of,Milwaukee is North of Ali. Ali turns left. Milwaukee is BLANK Ali.,4ec6ce58-d4e5-5258-9721-9abd60a41155,base
AHRQCN5HVAZY4,1,4,target,1,geocentric_distant,geocentric_distant_target,North of,West of,Milwaukee is North of Ali. Ali turns left. Milwaukee is BLANK Ali.,4ec6ce58-d4e5-5258-9721-9abd60a41155,base
AKSJ3C5O3V9RB,1,4,target,1,geocentric_distant,geocentric_distant_target,North of,West of,Milwaukee is North of Ali. Ali turns left. Milwaukee is BLANK Ali.,4ec6ce58-d4e5-5258-9721-9abd60a41155,base
AVD6HMIO1HLFI,1,4,target,1,geocentric_distant,geocentric_distant_target,North of,West of,Milwaukee is North of Ali. Ali turns left. Milwaukee is BLANK Ali.,4ec6ce58-d4e5-5258-9721-9abd60a41155,base
AWKX5GXJ8QYP7,1,4,target,0,geocentric_distant,geocentric_distant_target,North of,West of,Milwaukee is North of Ali. Ali turns left. Milwaukee is BLANK Ali.,4ec6ce58-d4e5-5258-9721-9abd60a41155,base
A10JXOU89D5RXR,1,4,target,1,geocentric_distant,geocentric_distant_target,South of,North of,Milwaukee is South of Ali. Ali turns around. Milwaukee is BLANK Ali.,0a0053eb-14a6-5355-ba4c-111aa119ddba,base
A120PN22KW0VPY,1,4,target,0,geocentric_distant,geocentric_distant_target,South of,North of,Milwaukee is South of Ali. Ali turns around. Milwaukee is BLANK Ali.,0a0053eb-14a6-5355-ba4c-111aa119ddba,base
A1CN1H9UODZ1E6,1,4,target,1,geocentric_distant,geocentric_distant_target,South of,North of,Milwaukee is South of Ali. Ali turns around. Milwaukee is BLANK Ali.,0a0053eb-14a6-5355-ba4c-111aa119ddba,base
A1UY2W2FL9CWN,1,4,target,1,geocentric_distant,geocentric_distant_target,South of,North of,Milwaukee is South of Ali. Ali turns around. Milwaukee is BLANK Ali.,0a0053eb-14a6-5355-ba4c-111aa119ddba,base
A2SY0XL28MLUTW,1,4,target,1,geocentric_distant,geocentric_distant_target,South of,North of,Milwaukee is South of Ali. Ali turns around. Milwaukee is BLANK Ali.,0a0053eb-14a6-5355-ba4c-111aa119ddba,base
A336V7IY38Q2WN,1,4,target,1,geocentric_distant,geocentric_distant_target,South of,North of,Milwaukee is South of Ali. Ali turns around. Milwaukee is BLANK Ali.,0a0053eb-14a6-5355-ba4c-111aa119ddba,base
A346XUUK22V9AZ,1,4,target,1,geocentric_distant,geocentric_distant_target,South of,North of,Milwaukee is South of Ali. Ali turns around. Milwaukee is BLANK Ali.,0a0053eb-14a6-5355-ba4c-111aa119ddba,base
AHRQCN5HVAZY4,1,4,target,0,geocentric_distant,geocentric_distant_target,South of,North of,Milwaukee is South of Ali. Ali turns around. Milwaukee is BLANK Ali.,0a0053eb-14a6-5355-ba4c-111aa119ddba,base
AKSJ3C5O3V9RB,1,4,target,0,geocentric_distant,geocentric_distant_target,South of,North of,Milwaukee is South of Ali. Ali turns around. Milwaukee is BLANK Ali.,0a0053eb-14a6-5355-ba4c-111aa119ddba,base
AVD6HMIO1HLFI,1,4,target,1,geocentric_distant,geocentric_distant_target,South of,North of,Milwaukee is South of Ali. Ali turns around. Milwaukee is BLANK Ali.,0a0053eb-14a6-5355-ba4c-111aa119ddba,base
AWKX5GXJ8QYP7,1,4,target,0,geocentric_distant,geocentric_distant_target,South of,North of,Milwaukee is South of Ali. Ali turns around. Milwaukee is BLANK Ali.,0a0053eb-14a6-5355-ba4c-111aa119ddba,base
A10JXOU89D5RXR,1,4,target,1,geocentric_distant,geocentric_distant_target,South of,West of,Milwaukee is South of Ali. Ali turns right. Milwaukee is BLANK Ali.,d149fcfa-2d5b-5f10-9d31-895413aa0e4f,base
A120PN22KW0VPY,1,4,target,1,geocentric_distant,geocentric_distant_target,South of,West of,Milwaukee is South of Ali. Ali turns right. Milwaukee is BLANK Ali.,d149fcfa-2d5b-5f10-9d31-895413aa0e4f,base
A1CN1H9UODZ1E6,1,4,target,1,geocentric_distant,geocentric_distant_target,South of,West of,Milwaukee is South of Ali. Ali turns right. Milwaukee is BLANK Ali.,d149fcfa-2d5b-5f10-9d31-895413aa0e4f,base
A1UY2W2FL9CWN,1,4,target,1,geocentric_distant,geocentric_distant_target,South of,West of,Milwaukee is South of Ali. Ali turns right. Milwaukee is BLANK Ali.,d149fcfa-2d5b-5f10-9d31-895413aa0e4f,base
A2SY0XL28MLUTW,1,4,target,0,geocentric_distant,geocentric_distant_target,South of,West of,Milwaukee is South of Ali. Ali turns right. Milwaukee is BLANK Ali.,d149fcfa-2d5b-5f10-9d31-895413aa0e4f,base
A336V7IY38Q2WN,1,4,target,0,geocentric_distant,geocentric_distant_target,South of,West of,Milwaukee is South of Ali. Ali turns right. Milwaukee is BLANK Ali.,d149fcfa-2d5b-5f10-9d31-895413aa0e4f,base
A346XUUK22V9AZ,1,4,target,1,geocentric_distant,geocentric_distant_target,South of,West of,Milwaukee is South of Ali. Ali turns right. Milwaukee is BLANK Ali.,d149fcfa-2d5b-5f10-9d31-895413aa0e4f,base
AHRQCN5HVAZY4,1,4,target,1,geocentric_distant,geocentric_distant_target,South of,West of,Milwaukee is South of Ali. Ali turns right. Milwaukee is BLANK Ali.,d149fcfa-2d5b-5f10-9d31-895413aa0e4f,base
AKSJ3C5O3V9RB,1,4,target,1,geocentric_distant,geocentric_distant_target,South of,West of,Milwaukee is South of Ali. Ali turns right. Milwaukee is BLANK Ali.,d149fcfa-2d5b-5f10-9d31-895413aa0e4f,base
AVD6HMIO1HLFI,1,4,target,1,geocentric_distant,geocentric_distant_target,South of,West of,Milwaukee is South of Ali. Ali turns right. Milwaukee is BLANK Ali.,d149fcfa-2d5b-5f10-9d31-895413aa0e4f,base
AWKX5GXJ8QYP7,1,4,target,1,geocentric_distant,geocentric_distant_target,South of,West of,Milwaukee is South of Ali. Ali turns right. Milwaukee is BLANK Ali.,d149fcfa-2d5b-5f10-9d31-895413aa0e4f,base
A10JXOU89D5RXR,1,4,target,1,geocentric_distant,geocentric_distant_target,closer to,further from,Milwaukee is West of Ali. Ali walks West. Ali is getting BLANK Milwaukee.,e459115e-857b-528c-9f73-ed7d3384e506,base
A120PN22KW0VPY,1,4,target,1,geocentric_distant,geocentric_distant_target,closer to,further from,Milwaukee is West of Ali. Ali walks West. Ali is getting BLANK Milwaukee.,e459115e-857b-528c-9f73-ed7d3384e506,base
A1CN1H9UODZ1E6,1,4,target,0,geocentric_distant,geocentric_distant_target,closer to,further from,Milwaukee is West of Ali. Ali walks West. Ali is getting BLANK Milwaukee.,e459115e-857b-528c-9f73-ed7d3384e506,base
A1UY2W2FL9CWN,1,4,target,1,geocentric_distant,geocentric_distant_target,closer to,further from,Milwaukee is West of Ali. Ali walks West. Ali is getting BLANK Milwaukee.,e459115e-857b-528c-9f73-ed7d3384e506,base
A2SY0XL28MLUTW,1,4,target,1,geocentric_distant,geocentric_distant_target,closer to,further from,Milwaukee is West of Ali. Ali walks West. Ali is getting BLANK Milwaukee.,e459115e-857b-528c-9f73-ed7d3384e506,base
A336V7IY38Q2WN,1,4,target,1,geocentric_distant,geocentric_distant_target,closer to,further from,Milwaukee is West of Ali. Ali walks West. Ali is getting BLANK Milwaukee.,e459115e-857b-528c-9f73-ed7d3384e506,base
A346XUUK22V9AZ,1,4,target,1,geocentric_distant,geocentric_distant_target,closer to,further from,Milwaukee is West of Ali. Ali walks West. Ali is getting BLANK Milwaukee.,e459115e-857b-528c-9f73-ed7d3384e506,base
AHRQCN5HVAZY4,1,4,target,0,geocentric_distant,geocentric_distant_target,closer to,further from,Milwaukee is West of Ali. Ali walks West. Ali is getting BLANK Milwaukee.,e459115e-857b-528c-9f73-ed7d3384e506,base
AKSJ3C5O3V9RB,1,4,target,1,geocentric_distant,geocentric_distant_target,closer to,further from,Milwaukee is West of Ali. Ali walks West. Ali is getting BLANK Milwaukee.,e459115e-857b-528c-9f73-ed7d3384e506,base
AVD6HMIO1HLFI,1,4,target,1,geocentric_distant,geocentric_distant_target,closer to,further from,Milwaukee is West of Ali. Ali walks West. Ali is getting BLANK Milwaukee.,e459115e-857b-528c-9f73-ed7d3384e506,base
AWKX5GXJ8QYP7,1,4,target,1,geocentric_distant,geocentric_distant_target,closer to,further from,Milwaukee is West of Ali. Ali walks West. Ali is getting BLANK Milwaukee.,e459115e-857b-528c-9f73-ed7d3384e506,base
A10JXOU89D5RXR,1,4,target,1,relative_pos,relative_pos_target,higher than,lower than,The ball and the box are on the table. Ali picks up the ball. The ball is BLANK the box.,86bdb97e-1aa8-54ef-91f1-a041c3184f9e,base
A120PN22KW0VPY,1,4,target,1,relative_pos,relative_pos_target,higher than,lower than,The ball and the box are on the table. Ali picks up the ball. The ball is BLANK the box.,86bdb97e-1aa8-54ef-91f1-a041c3184f9e,base
A1CN1H9UODZ1E6,1,4,target,0,relative_pos,relative_pos_target,higher than,lower than,The ball and the box are on the table. Ali picks up the ball. The ball is BLANK the box.,86bdb97e-1aa8-54ef-91f1-a041c3184f9e,base
A1UY2W2FL9CWN,1,4,target,1,relative_pos,relative_pos_target,higher than,lower than,The ball and the box are on the table. Ali picks up the ball. The ball is BLANK the box.,86bdb97e-1aa8-54ef-91f1-a041c3184f9e,base
A2SY0XL28MLUTW,1,4,target,1,relative_pos,relative_pos_target,higher than,lower than,The ball and the box are on the table. Ali picks up the ball. The ball is BLANK the box.,86bdb97e-1aa8-54ef-91f1-a041c3184f9e,base
A336V7IY38Q2WN,1,4,target,1,relative_pos,relative_pos_target,higher than,lower than,The ball and the box are on the table. Ali picks up the ball. The ball is BLANK the box.,86bdb97e-1aa8-54ef-91f1-a041c3184f9e,base
A346XUUK22V9AZ,1,4,target,0,relative_pos,relative_pos_target,higher than,lower than,The ball and the box are on the table. Ali picks up the ball. The ball is BLANK the box.,86bdb97e-1aa8-54ef-91f1-a041c3184f9e,base
AHRQCN5HVAZY4,1,4,target,0,relative_pos,relative_pos_target,higher than,lower than,The ball and the box are on the table. Ali picks up the ball. The ball is BLANK the box.,86bdb97e-1aa8-54ef-91f1-a041c3184f9e,base
AVD6HMIO1HLFI,1,4,target,1,relative_pos,relative_pos_target,higher than,lower than,The ball and the box are on the table. Ali picks up the ball. The ball is BLANK the box.,86bdb97e-1aa8-54ef-91f1-a041c3184f9e,base
AWKX5GXJ8QYP7,1,4,target,1,relative_pos,relative_pos_target,higher than,lower than,The ball and the box are on the table. Ali picks up the ball. The ball is BLANK the box.,86bdb97e-1aa8-54ef-91f1-a041c3184f9e,base
A10JXOU89D5RXR,1,4,target,1,action_nonfollows,action_nonfollows_target,higher than,lower than,The ball is above the box. The ball moves right. The ball is BLANK the box.,4bbf386c-5a71-5d53-aa7f-0eab4a166438,base
A120PN22KW0VPY,1,4,target,1,action_nonfollows,action_nonfollows_target,higher than,lower than,The ball is above the box. The ball moves right. The ball is BLANK the box.,4bbf386c-5a71-5d53-aa7f-0eab4a166438,base
A1CN1H9UODZ1E6,1,4,target,1,action_nonfollows,action_nonfollows_target,higher than,lower than,The ball is above the box. The ball moves right. The ball is BLANK the box.,4bbf386c-5a71-5d53-aa7f-0eab4a166438,base
A1UY2W2FL9CWN,1,4,target,1,action_nonfollows,action_nonfollows_target,higher than,lower than,The ball is above the box. The ball moves right. The ball is BLANK the box.,4bbf386c-5a71-5d53-aa7f-0eab4a166438,base
A2SY0XL28MLUTW,1,4,target,1,action_nonfollows,action_nonfollows_target,higher than,lower than,The ball is above the box. The ball moves right. The ball is BLANK the box.,4bbf386c-5a71-5d53-aa7f-0eab4a166438,base
A336V7IY38Q2WN,1,4,target,1,action_nonfollows,action_nonfollows_target,higher than,lower than,The ball is above the box. The ball moves right. The ball is BLANK the box.,4bbf386c-5a71-5d53-aa7f-0eab4a166438,base
A346XUUK22V9AZ,1,4,target,1,action_nonfollows,action_nonfollows_target,higher than,lower than,The ball is above the box. The ball moves right. The ball is BLANK the box.,4bbf386c-5a71-5d53-aa7f-0eab4a166438,base
AHRQCN5HVAZY4,1,4,target,1,action_nonfollows,action_nonfollows_target,higher than,lower than,The ball is above the box. The ball moves right. The ball is BLANK the box.,4bbf386c-5a71-5d53-aa7f-0eab4a166438,base
AKSJ3C5O3V9RB,1,4,target,1,action_nonfollows,action_nonfollows_target,higher than,lower than,The ball is above the box. The ball moves right. The ball is BLANK the box.,4bbf386c-5a71-5d53-aa7f-0eab4a166438,base
AVD6HMIO1HLFI,1,4,target,1,action_nonfollows,action_nonfollows_target,higher than,lower than,The ball is above the box. The ball moves right. The ball is BLANK the box.,4bbf386c-5a71-5d53-aa7f-0eab4a166438,base
AWKX5GXJ8QYP7,1,4,target,1,action_nonfollows,action_nonfollows_target,higher than,lower than,The ball is above the box. The ball moves right. The ball is BLANK the box.,4bbf386c-5a71-5d53-aa7f-0eab4a166438,base
A10JXOU89D5RXR,1,4,target,1,action_nonfollows,action_nonfollows_target,bottom,top of,The ball is at the bottom of the ramp. Ali pushes the ball. The ball is at the BLANK of the ramp.,4638c94d-5d90-536c-8392-2529e12efbd1,base
A120PN22KW0VPY,1,4,target,1,action_nonfollows,action_nonfollows_target,bottom,top of,The ball is at the bottom of the ramp. Ali pushes the ball. The ball is at the BLANK of the ramp.,4638c94d-5d90-536c-8392-2529e12efbd1,base
A1CN1H9UODZ1E6,1,4,target,1,action_nonfollows,action_nonfollows_target,bottom,top of,The ball is at the bottom of the ramp. Ali pushes the ball. The ball is at the BLANK of the ramp.,4638c94d-5d90-536c-8392-2529e12efbd1,base
A1UY2W2FL9CWN,1,4,target,0,action_nonfollows,action_nonfollows_target,bottom,top of,The ball is at the bottom of the ramp. Ali pushes the ball. The ball is at the BLANK of the ramp.,4638c94d-5d90-536c-8392-2529e12efbd1,base
A2SY0XL28MLUTW,1,4,target,1,action_nonfollows,action_nonfollows_target,bottom,top of,The ball is at the bottom of the ramp. Ali pushes the ball. The ball is at the BLANK of the ramp.,4638c94d-5d90-536c-8392-2529e12efbd1,base
A336V7IY38Q2WN,1,4,target,1,action_nonfollows,action_nonfollows_target,bottom,top of,The ball is at the bottom of the ramp. Ali pushes the ball. The ball is at the BLANK of the ramp.,4638c94d-5d90-536c-8392-2529e12efbd1,base
A346XUUK22V9AZ,1,4,target,0,action_nonfollows,action_nonfollows_target,bottom,top of,The ball is at the bottom of the ramp. Ali pushes the ball. The ball is at the BLANK of the ramp.,4638c94d-5d90-536c-8392-2529e12efbd1,base
AHRQCN5HVAZY4,1,4,target,1,action_nonfollows,action_nonfollows_target,bottom,top of,The ball is at the bottom of the ramp. Ali pushes the ball. The ball is at the BLANK of the ramp.,4638c94d-5d90-536c-8392-2529e12efbd1,base
AKSJ3C5O3V9RB,1,4,target,0,action_nonfollows,action_nonfollows_target,bottom,top of,The ball is at the bottom of the ramp. Ali pushes the ball. The ball is at the BLANK of the ramp.,4638c94d-5d90-536c-8392-2529e12efbd1,base
AVD6HMIO1HLFI,1,4,target,1,action_nonfollows,action_nonfollows_target,bottom,top of,The ball is at the bottom of the ramp. Ali pushes the ball. The ball is at the BLANK of the ramp.,4638c94d-5d90-536c-8392-2529e12efbd1,base
AWKX5GXJ8QYP7,1,4,target,1,action_nonfollows,action_nonfollows_target,bottom,top of,The ball is at the bottom of the ramp. Ali pushes the ball. The ball is at the BLANK of the ramp.,4638c94d-5d90-536c-8392-2529e12efbd1,base
A10JXOU89D5RXR,1,4,target,1,action_nonfollows,action_nonfollows_target,close to,far from,The ball is close to Ali. Ali throws the box. The ball is BLANK Ali.,2afb6b5d-8e71-5ce2-97bd-e6d6b6d6e4bf,base
A120PN22KW0VPY,1,4,target,0,action_nonfollows,action_nonfollows_target,close to,far from,The ball is close to Ali. Ali throws the box. The ball is BLANK Ali.,2afb6b5d-8e71-5ce2-97bd-e6d6b6d6e4bf,base
A1CN1H9UODZ1E6,1,4,target,0,action_nonfollows,action_nonfollows_target,close to,far from,The ball is close to Ali. Ali throws the box. The ball is BLANK Ali.,2afb6b5d-8e71-5ce2-97bd-e6d6b6d6e4bf,base
A1UY2W2FL9CWN,1,4,target,1,action_nonfollows,action_nonfollows_target,close to,far from,The ball is close to Ali. Ali throws the box. The ball is BLANK Ali.,2afb6b5d-8e71-5ce2-97bd-e6d6b6d6e4bf,base
A2SY0XL28MLUTW,1,4,target,1,action_nonfollows,action_nonfollows_target,close to,far from,The ball is close to Ali. Ali throws the box. The ball is BLANK Ali.,2afb6b5d-8e71-5ce2-97bd-e6d6b6d6e4bf,base
A336V7IY38Q2WN,1,4,target,1,action_nonfollows,action_nonfollows_target,close to,far from,The ball is close to Ali. Ali throws the box. The ball is BLANK Ali.,2afb6b5d-8e71-5ce2-97bd-e6d6b6d6e4bf,base
A346XUUK22V9AZ,1,4,target,1,action_nonfollows,action_nonfollows_target,close to,far from,The ball is close to Ali. Ali throws the box. The ball is BLANK Ali.,2afb6b5d-8e71-5ce2-97bd-e6d6b6d6e4bf,base
AHRQCN5HVAZY4,1,4,target,1,action_nonfollows,action_nonfollows_target,close to,far from,The ball is close to Ali. Ali throws the box. The ball is BLANK Ali.,2afb6b5d-8e71-5ce2-97bd-e6d6b6d6e4bf,base
AKSJ3C5O3V9RB,1,4,target,0,action_nonfollows,action_nonfollows_target,close to,far from,The ball is close to Ali. Ali throws the box. The ball is BLANK Ali.,2afb6b5d-8e71-5ce2-97bd-e6d6b6d6e4bf,base
AVD6HMIO1HLFI,1,4,target,1,action_nonfollows,action_nonfollows_target,close to,far from,The ball is close to Ali. Ali throws the box. The ball is BLANK Ali.,2afb6b5d-8e71-5ce2-97bd-e6d6b6d6e4bf,base
AWKX5GXJ8QYP7,1,4,target,1,action_nonfollows,action_nonfollows_target,close to,far from,The ball is close to Ali. Ali throws the box. The ball is BLANK Ali.,2afb6b5d-8e71-5ce2-97bd-e6d6b6d6e4bf,base
A10JXOU89D5RXR,1,4,target,1,relative_pos,relative_pos_target,not touching,touching,The ball is inside the box. Ali picks up the ball. The ball is BLANK the box.,5a02c0af-7a58-5836-894b-de2e4b5c22df,base
A120PN22KW0VPY,1,4,target,1,relative_pos,relative_pos_target,not touching,touching,The ball is inside the box. Ali picks up the ball. The ball is BLANK the box.,5a02c0af-7a58-5836-894b-de2e4b5c22df,base
A1CN1H9UODZ1E6,1,4,target,0,relative_pos,relative_pos_target,not touching,touching,The ball is inside the box. Ali picks up the ball. The ball is BLANK the box.,5a02c0af-7a58-5836-894b-de2e4b5c22df,base
A1UY2W2FL9CWN,1,4,target,0,relative_pos,relative_pos_target,not touching,touching,The ball is inside the box. Ali picks up the ball. The ball is BLANK the box.,5a02c0af-7a58-5836-894b-de2e4b5c22df,base
A2SY0XL28MLUTW,1,4,target,1,relative_pos,relative_pos_target,not touching,touching,The ball is inside the box. Ali picks up the ball. The ball is BLANK the box.,5a02c0af-7a58-5836-894b-de2e4b5c22df,base
A336V7IY38Q2WN,1,4,target,1,relative_pos,relative_pos_target,not touching,touching,The ball is inside the box. Ali picks up the ball. The ball is BLANK the box.,5a02c0af-7a58-5836-894b-de2e4b5c22df,base
A346XUUK22V9AZ,1,4,target,1,relative_pos,relative_pos_target,not touching,touching,The ball is inside the box. Ali picks up the ball. The ball is BLANK the box.,5a02c0af-7a58-5836-894b-de2e4b5c22df,base
AHRQCN5HVAZY4,1,4,target,0,relative_pos,relative_pos_target,not touching,touching,The ball is inside the box. Ali picks up the ball. The ball is BLANK the box.,5a02c0af-7a58-5836-894b-de2e4b5c22df,base
AKSJ3C5O3V9RB,1,4,target,0,relative_pos,relative_pos_target,not touching,touching,The ball is inside the box. Ali picks up the ball. The ball is BLANK the box.,5a02c0af-7a58-5836-894b-de2e4b5c22df,base
AVD6HMIO1HLFI,1,4,target,1,relative_pos,relative_pos_target,not touching,touching,The ball is inside the box. Ali picks up the ball. The ball is BLANK the box.,5a02c0af-7a58-5836-894b-de2e4b5c22df,base
AWKX5GXJ8QYP7,1,4,target,1,relative_pos,relative_pos_target,not touching,touching,The ball is inside the box. Ali picks up the ball. The ball is BLANK the box.,5a02c0af-7a58-5836-894b-de2e4b5c22df,base
A10JXOU89D5RXR,1,4,target,1,action_follows,action_follows_target,moves,doesn't move,The book is on the table. Ali moves the table. The book BLANK.,bf93e811-9a49-58b7-b6dc-6a47ece87d9f,base
A120PN22KW0VPY,1,4,target,1,action_follows,action_follows_target,moves,doesn't move,The book is on the table. Ali moves the table. The book BLANK.,bf93e811-9a49-58b7-b6dc-6a47ece87d9f,base
A1CN1H9UODZ1E6,1,4,target,1,action_follows,action_follows_target,moves,doesn't move,The book is on the table. Ali moves the table. The book BLANK.,bf93e811-9a49-58b7-b6dc-6a47ece87d9f,base
A1UY2W2FL9CWN,1,4,target,1,action_follows,action_follows_target,moves,doesn't move,The book is on the table. Ali moves the table. The book BLANK.,bf93e811-9a49-58b7-b6dc-6a47ece87d9f,base
A2SY0XL28MLUTW,1,4,target,0,action_follows,action_follows_target,moves,doesn't move,The book is on the table. Ali moves the table. The book BLANK.,bf93e811-9a49-58b7-b6dc-6a47ece87d9f,base
A336V7IY38Q2WN,1,4,target,1,action_follows,action_follows_target,moves,doesn't move,The book is on the table. Ali moves the table. The book BLANK.,bf93e811-9a49-58b7-b6dc-6a47ece87d9f,base
A346XUUK22V9AZ,1,4,target,1,action_follows,action_follows_target,moves,doesn't move,The book is on the table. Ali moves the table. The book BLANK.,bf93e811-9a49-58b7-b6dc-6a47ece87d9f,base
AHRQCN5HVAZY4,1,4,target,0,action_follows,action_follows_target,moves,doesn't move,The book is on the table. Ali moves the table. The book BLANK.,bf93e811-9a49-58b7-b6dc-6a47ece87d9f,base
AKSJ3C5O3V9RB,1,4,target,1,action_follows,action_follows_target,moves,doesn't move,The book is on the table. Ali moves the table. The book BLANK.,bf93e811-9a49-58b7-b6dc-6a47ece87d9f,base
AVD6HMIO1HLFI,1,4,target,0,action_follows,action_follows_target,moves,doesn't move,The book is on the table. Ali moves the table. The book BLANK.,bf93e811-9a49-58b7-b6dc-6a47ece87d9f,base
AWKX5GXJ8QYP7,1,4,target,1,action_follows,action_follows_target,moves,doesn't move,The book is on the table. Ali moves the table. The book BLANK.,bf93e811-9a49-58b7-b6dc-6a47ece87d9f,base
A10JXOU89D5RXR,1,4,target,1,action_nonfollows,action_nonfollows_target,doesn't move,moves,The bowling ball is on the floor. Ali rolls a tennis ball into the bowling ball. The bowling ball BLANK.,db437aa9-af8c-50ca-9e48-ab44a530912d,base
A120PN22KW0VPY,1,4,target,1,action_nonfollows,action_nonfollows_target,doesn't move,moves,The bowling ball is on the floor. Ali rolls a tennis ball into the bowling ball. The bowling ball BLANK.,db437aa9-af8c-50ca-9e48-ab44a530912d,base
A1CN1H9UODZ1E6,1,4,target,0,action_nonfollows,action_nonfollows_target,doesn't move,moves,The bowling ball is on the floor. Ali rolls a tennis ball into the bowling ball. The bowling ball BLANK.,db437aa9-af8c-50ca-9e48-ab44a530912d,base
A1UY2W2FL9CWN,1,4,target,1,action_nonfollows,action_nonfollows_target,doesn't move,moves,The bowling ball is on the floor. Ali rolls a tennis ball into the bowling ball. The bowling ball BLANK.,db437aa9-af8c-50ca-9e48-ab44a530912d,base
A2SY0XL28MLUTW,1,4,target,1,action_nonfollows,action_nonfollows_target,doesn't move,moves,The bowling ball is on the floor. Ali rolls a tennis ball into the bowling ball. The bowling ball BLANK.,db437aa9-af8c-50ca-9e48-ab44a530912d,base
A336V7IY38Q2WN,1,4,target,1,action_nonfollows,action_nonfollows_target,doesn't move,moves,The bowling ball is on the floor. Ali rolls a tennis ball into the bowling ball. The bowling ball BLANK.,db437aa9-af8c-50ca-9e48-ab44a530912d,base
A346XUUK22V9AZ,1,4,target,1,action_nonfollows,action_nonfollows_target,doesn't move,moves,The bowling ball is on the floor. Ali rolls a tennis ball into the bowling ball. The bowling ball BLANK.,db437aa9-af8c-50ca-9e48-ab44a530912d,base
AHRQCN5HVAZY4,1,4,target,1,action_nonfollows,action_nonfollows_target,doesn't move,moves,The bowling ball is on the floor. Ali rolls a tennis ball into the bowling ball. The bowling ball BLANK.,db437aa9-af8c-50ca-9e48-ab44a530912d,base
AKSJ3C5O3V9RB,1,4,target,1,action_nonfollows,action_nonfollows_target,doesn't move,moves,The bowling ball is on the floor. Ali rolls a tennis ball into the bowling ball. The bowling ball BLANK.,db437aa9-af8c-50ca-9e48-ab44a530912d,base
AVD6HMIO1HLFI,1,4,target,1,action_nonfollows,action_nonfollows_target,doesn't move,moves,The bowling ball is on the floor. Ali rolls a tennis ball into the bowling ball. The bowling ball BLANK.,db437aa9-af8c-50ca-9e48-ab44a530912d,base
AWKX5GXJ8QYP7,1,4,target,0,action_nonfollows,action_nonfollows_target,doesn't move,moves,The bowling ball is on the floor. Ali rolls a tennis ball into the bowling ball. The bowling ball BLANK.,db437aa9-af8c-50ca-9e48-ab44a530912d,base
A10JXOU89D5RXR,1,4,target,0,geocentric_near,geocentric_near_target,East of,West of,The box is East of Ali. Ali turns around. The box is BLANK Ali.,d85b86e6-538e-59bf-9eb9-7d30d754f01d,base
A120PN22KW0VPY,1,4,target,0,geocentric_near,geocentric_near_target,East of,West of,The box is East of Ali. Ali turns around. The box is BLANK Ali.,d85b86e6-538e-59bf-9eb9-7d30d754f01d,base
A1CN1H9UODZ1E6,1,4,target,0,geocentric_near,geocentric_near_target,East of,West of,The box is East of Ali. Ali turns around. The box is BLANK Ali.,d85b86e6-538e-59bf-9eb9-7d30d754f01d,base
A1UY2W2FL9CWN,1,4,target,0,geocentric_near,geocentric_near_target,East of,West of,The box is East of Ali. Ali turns around. The box is BLANK Ali.,d85b86e6-538e-59bf-9eb9-7d30d754f01d,base
A2SY0XL28MLUTW,1,4,target,1,geocentric_near,geocentric_near_target,East of,West of,The box is East of Ali. Ali turns around. The box is BLANK Ali.,d85b86e6-538e-59bf-9eb9-7d30d754f01d,base
A336V7IY38Q2WN,1,4,target,0,geocentric_near,geocentric_near_target,East of,West of,The box is East of Ali. Ali turns around. The box is BLANK Ali.,d85b86e6-538e-59bf-9eb9-7d30d754f01d,base
A346XUUK22V9AZ,1,4,target,0,geocentric_near,geocentric_near_target,East of,West of,The box is East of Ali. Ali turns around. The box is BLANK Ali.,d85b86e6-538e-59bf-9eb9-7d30d754f01d,base
AHRQCN5HVAZY4,1,4,target,1,geocentric_near,geocentric_near_target,East of,West of,The box is East of Ali. Ali turns around. The box is BLANK Ali.,d85b86e6-538e-59bf-9eb9-7d30d754f01d,base
AKSJ3C5O3V9RB,1,4,target,1,geocentric_near,geocentric_near_target,East of,West of,The box is East of Ali. Ali turns around. The box is BLANK Ali.,d85b86e6-538e-59bf-9eb9-7d30d754f01d,base
AVD6HMIO1HLFI,1,4,target,1,geocentric_near,geocentric_near_target,East of,West of,The box is East of Ali. Ali turns around. The box is BLANK Ali.,d85b86e6-538e-59bf-9eb9-7d30d754f01d,base
AWKX5GXJ8QYP7,1,4,target,0,geocentric_near,geocentric_near_target,East of,West of,The box is East of Ali. Ali turns around. The box is BLANK Ali.,d85b86e6-538e-59bf-9eb9-7d30d754f01d,base
A10JXOU89D5RXR,1,4,target,1,action_nonfollows,action_nonfollows_target,floats,sinks,The box is floating in the water. Ali puts a tennis ball in the box. The box BLANK.,15a162c3-7638-5144-a4a3-f9a13b33f485,base
A120PN22KW0VPY,1,4,target,1,action_nonfollows,action_nonfollows_target,floats,sinks,The box is floating in the water. Ali puts a tennis ball in the box. The box BLANK.,15a162c3-7638-5144-a4a3-f9a13b33f485,base
A1CN1H9UODZ1E6,1,4,target,1,action_nonfollows,action_nonfollows_target,floats,sinks,The box is floating in the water. Ali puts a tennis ball in the box. The box BLANK.,15a162c3-7638-5144-a4a3-f9a13b33f485,base
A1UY2W2FL9CWN,1,4,target,1,action_nonfollows,action_nonfollows_target,floats,sinks,The box is floating in the water. Ali puts a tennis ball in the box. The box BLANK.,15a162c3-7638-5144-a4a3-f9a13b33f485,base
A2SY0XL28MLUTW,1,4,target,1,action_nonfollows,action_nonfollows_target,floats,sinks,The box is floating in the water. Ali puts a tennis ball in the box. The box BLANK.,15a162c3-7638-5144-a4a3-f9a13b33f485,base
A336V7IY38Q2WN,1,4,target,0,action_nonfollows,action_nonfollows_target,floats,sinks,The box is floating in the water. Ali puts a tennis ball in the box. The box BLANK.,15a162c3-7638-5144-a4a3-f9a13b33f485,base
A346XUUK22V9AZ,1,4,target,1,action_nonfollows,action_nonfollows_target,floats,sinks,The box is floating in the water. Ali puts a tennis ball in the box. The box BLANK.,15a162c3-7638-5144-a4a3-f9a13b33f485,base
AHRQCN5HVAZY4,1,4,target,0,action_nonfollows,action_nonfollows_target,floats,sinks,The box is floating in the water. Ali puts a tennis ball in the box. The box BLANK.,15a162c3-7638-5144-a4a3-f9a13b33f485,base
AKSJ3C5O3V9RB,1,4,target,0,action_nonfollows,action_nonfollows_target,floats,sinks,The box is floating in the water. Ali puts a tennis ball in the box. The box BLANK.,15a162c3-7638-5144-a4a3-f9a13b33f485,base
AVD6HMIO1HLFI,1,4,target,1,action_nonfollows,action_nonfollows_target,floats,sinks,The box is floating in the water. Ali puts a tennis ball in the box. The box BLANK.,15a162c3-7638-5144-a4a3-f9a13b33f485,base
AWKX5GXJ8QYP7,1,4,target,1,action_nonfollows,action_nonfollows_target,floats,sinks,The box is floating in the water. Ali puts a tennis ball in the box. The box BLANK.,15a162c3-7638-5144-a4a3-f9a13b33f485,base
A10JXOU89D5RXR,1,4,target,1,action_follows,action_follows_target,moves,doesn't move,The box is in the bin. Ali moves the bin. The box BLANK.,9fdaf85d-96cb-5614-a2e0-43e434778cc6,base
A120PN22KW0VPY,1,4,target,1,action_follows,action_follows_target,moves,doesn't move,The box is in the bin. Ali moves the bin. The box BLANK.,9fdaf85d-96cb-5614-a2e0-43e434778cc6,base
A1CN1H9UODZ1E6,1,4,target,1,action_follows,action_follows_target,moves,doesn't move,The box is in the bin. Ali moves the bin. The box BLANK.,9fdaf85d-96cb-5614-a2e0-43e434778cc6,base
A1UY2W2FL9CWN,1,4,target,1,action_follows,action_follows_target,moves,doesn't move,The box is in the bin. Ali moves the bin. The box BLANK.,9fdaf85d-96cb-5614-a2e0-43e434778cc6,base
A2SY0XL28MLUTW,1,4,target,1,action_follows,action_follows_target,moves,doesn't move,The box is in the bin. Ali moves the bin. The box BLANK.,9fdaf85d-96cb-5614-a2e0-43e434778cc6,base
A336V7IY38Q2WN,1,4,target,1,action_follows,action_follows_target,moves,doesn't move,The box is in the bin. Ali moves the bin. The box BLANK.,9fdaf85d-96cb-5614-a2e0-43e434778cc6,base
A346XUUK22V9AZ,1,4,target,1,action_follows,action_follows_target,moves,doesn't move,The box is in the bin. Ali moves the bin. The box BLANK.,9fdaf85d-96cb-5614-a2e0-43e434778cc6,base
AHRQCN5HVAZY4,1,4,target,0,action_follows,action_follows_target,moves,doesn't move,The box is in the bin. Ali moves the bin. The box BLANK.,9fdaf85d-96cb-5614-a2e0-43e434778cc6,base
AKSJ3C5O3V9RB,1,4,target,1,action_follows,action_follows_target,moves,doesn't move,The box is in the bin. Ali moves the bin. The box BLANK.,9fdaf85d-96cb-5614-a2e0-43e434778cc6,base
AVD6HMIO1HLFI,1,4,target,1,action_follows,action_follows_target,moves,doesn't move,The box is in the bin. Ali moves the bin. The box BLANK.,9fdaf85d-96cb-5614-a2e0-43e434778cc6,base
AWKX5GXJ8QYP7,1,4,target,1,action_follows,action_follows_target,moves,doesn't move,The box is in the bin. Ali moves the bin. The box BLANK.,9fdaf85d-96cb-5614-a2e0-43e434778cc6,base
A10JXOU89D5RXR,1,4,target,1,state_nonfollows,state_nonfollows_target,dry,wet,The empty glass is on the table. Ali fills the sink halfway. The glass is BLANK.,de5539e9-eacb-526e-b7c1-442a60430dfd,base
A120PN22KW0VPY,1,4,target,1,state_nonfollows,state_nonfollows_target,dry,wet,The empty glass is on the table. Ali fills the sink halfway. The glass is BLANK.,de5539e9-eacb-526e-b7c1-442a60430dfd,base
A1CN1H9UODZ1E6,1,4,target,0,state_nonfollows,state_nonfollows_target,dry,wet,The empty glass is on the table. Ali fills the sink halfway. The glass is BLANK.,de5539e9-eacb-526e-b7c1-442a60430dfd,base
A1UY2W2FL9CWN,1,4,target,1,state_nonfollows,state_nonfollows_target,dry,wet,The empty glass is on the table. Ali fills the sink halfway. The glass is BLANK.,de5539e9-eacb-526e-b7c1-442a60430dfd,base
A2SY0XL28MLUTW,1,4,target,1,state_nonfollows,state_nonfollows_target,dry,wet,The empty glass is on the table. Ali fills the sink halfway. The glass is BLANK.,de5539e9-eacb-526e-b7c1-442a60430dfd,base
A336V7IY38Q2WN,1,4,target,1,state_nonfollows,state_nonfollows_target,dry,wet,The empty glass is on the table. Ali fills the sink halfway. The glass is BLANK.,de5539e9-eacb-526e-b7c1-442a60430dfd,base
A346XUUK22V9AZ,1,4,target,1,state_nonfollows,state_nonfollows_target,dry,wet,The empty glass is on the table. Ali fills the sink halfway. The glass is BLANK.,de5539e9-eacb-526e-b7c1-442a60430dfd,base
AHRQCN5HVAZY4,1,4,target,0,state_nonfollows,state_nonfollows_target,dry,wet,The empty glass is on the table. Ali fills the sink halfway. The glass is BLANK.,de5539e9-eacb-526e-b7c1-442a60430dfd,base
AKSJ3C5O3V9RB,1,4,target,1,state_nonfollows,state_nonfollows_target,dry,wet,The empty glass is on the table. Ali fills the sink halfway. The glass is BLANK.,de5539e9-eacb-526e-b7c1-442a60430dfd,base
AVD6HMIO1HLFI,1,4,target,1,state_nonfollows,state_nonfollows_target,dry,wet,The empty glass is on the table. Ali fills the sink halfway. The glass is BLANK.,de5539e9-eacb-526e-b7c1-442a60430dfd,base
AWKX5GXJ8QYP7,1,4,target,1,state_nonfollows,state_nonfollows_target,dry,wet,The empty glass is on the table. Ali fills the sink halfway. The glass is BLANK.,de5539e9-eacb-526e-b7c1-442a60430dfd,base
A10JXOU89D5RXR,1,4,target,1,state_nonfollows,state_nonfollows_target,doesn't break,breaks,The glass is on the floor. Ali bumps the table. The glass BLANK.,2a5f6d9c-8b03-5fe5-8a19-87971947d204,base
A120PN22KW0VPY,1,4,target,1,state_nonfollows,state_nonfollows_target,doesn't break,breaks,The glass is on the floor. Ali bumps the table. The glass BLANK.,2a5f6d9c-8b03-5fe5-8a19-87971947d204,base
A1CN1H9UODZ1E6,1,4,target,0,state_nonfollows,state_nonfollows_target,doesn't break,breaks,The glass is on the floor. Ali bumps the table. The glass BLANK.,2a5f6d9c-8b03-5fe5-8a19-87971947d204,base
A1UY2W2FL9CWN,1,4,target,0,state_nonfollows,state_nonfollows_target,doesn't break,breaks,The glass is on the floor. Ali bumps the table. The glass BLANK.,2a5f6d9c-8b03-5fe5-8a19-87971947d204,base
A2SY0XL28MLUTW,1,4,target,1,state_nonfollows,state_nonfollows_target,doesn't break,breaks,The glass is on the floor. Ali bumps the table. The glass BLANK.,2a5f6d9c-8b03-5fe5-8a19-87971947d204,base
A336V7IY38Q2WN,1,4,target,1,state_nonfollows,state_nonfollows_target,doesn't break,breaks,The glass is on the floor. Ali bumps the table. The glass BLANK.,2a5f6d9c-8b03-5fe5-8a19-87971947d204,base
A346XUUK22V9AZ,1,4,target,1,state_nonfollows,state_nonfollows_target,doesn't break,breaks,The glass is on the floor. Ali bumps the table. The glass BLANK.,2a5f6d9c-8b03-5fe5-8a19-87971947d204,base
AHRQCN5HVAZY4,1,4,target,0,state_nonfollows,state_nonfollows_target,doesn't break,breaks,The glass is on the floor. Ali bumps the table. The glass BLANK.,2a5f6d9c-8b03-5fe5-8a19-87971947d204,base
AKSJ3C5O3V9RB,1,4,target,1,state_nonfollows,state_nonfollows_target,doesn't break,breaks,The glass is on the floor. Ali bumps the table. The glass BLANK.,2a5f6d9c-8b03-5fe5-8a19-87971947d204,base
AVD6HMIO1HLFI,1,4,target,1,state_nonfollows,state_nonfollows_target,doesn't break,breaks,The glass is on the floor. Ali bumps the table. The glass BLANK.,2a5f6d9c-8b03-5fe5-8a19-87971947d204,base
AWKX5GXJ8QYP7,1,4,target,0,state_nonfollows,state_nonfollows_target,doesn't break,breaks,The glass is on the floor. Ali bumps the table. The glass BLANK.,2a5f6d9c-8b03-5fe5-8a19-87971947d204,base
A10JXOU89D5RXR,1,4,target,1,relative_pos,relative_pos_target,above,below,The glass is on the floor. Ali sets the glass on the table. The glass is BLANK the table.,64f84940-f21e-56d1-9b0b-7dcd4f51989e,base
A120PN22KW0VPY,1,4,target,1,relative_pos,relative_pos_target,above,below,The glass is on the floor. Ali sets the glass on the table. The glass is BLANK the table.,64f84940-f21e-56d1-9b0b-7dcd4f51989e,base
A1CN1H9UODZ1E6,1,4,target,1,relative_pos,relative_pos_target,above,below,The glass is on the floor. Ali sets the glass on the table. The glass is BLANK the table.,64f84940-f21e-56d1-9b0b-7dcd4f51989e,base
A1UY2W2FL9CWN,1,4,target,1,relative_pos,relative_pos_target,above,below,The glass is on the floor. Ali sets the glass on the table. The glass is BLANK the table.,64f84940-f21e-56d1-9b0b-7dcd4f51989e,base
A2SY0XL28MLUTW,1,4,target,1,relative_pos,relative_pos_target,above,below,The glass is on the floor. Ali sets the glass on the table. The glass is BLANK the table.,64f84940-f21e-56d1-9b0b-7dcd4f51989e,base
A336V7IY38Q2WN,1,4,target,1,relative_pos,relative_pos_target,above,below,The glass is on the floor. Ali sets the glass on the table. The glass is BLANK the table.,64f84940-f21e-56d1-9b0b-7dcd4f51989e,base
A346XUUK22V9AZ,1,4,target,1,relative_pos,relative_pos_target,above,below,The glass is on the floor. Ali sets the glass on the table. The glass is BLANK the table.,64f84940-f21e-56d1-9b0b-7dcd4f51989e,base
AHRQCN5HVAZY4,1,4,target,1,relative_pos,relative_pos_target,above,below,The glass is on the floor. Ali sets the glass on the table. The glass is BLANK the table.,64f84940-f21e-56d1-9b0b-7dcd4f51989e,base
AKSJ3C5O3V9RB,1,4,target,1,relative_pos,relative_pos_target,above,below,The glass is on the floor. Ali sets the glass on the table. The glass is BLANK the table.,64f84940-f21e-56d1-9b0b-7dcd4f51989e,base
AVD6HMIO1HLFI,1,4,target,1,relative_pos,relative_pos_target,above,below,The glass is on the floor. Ali sets the glass on the table. The glass is BLANK the table.,64f84940-f21e-56d1-9b0b-7dcd4f51989e,base
AWKX5GXJ8QYP7,1,4,target,0,relative_pos,relative_pos_target,above,below,The glass is on the floor. Ali sets the glass on the table. The glass is BLANK the table.,64f84940-f21e-56d1-9b0b-7dcd4f51989e,base
A10JXOU89D5RXR,1,4,target,0,action_nonfollows,action_nonfollows_target,moves,doesn't move,The glass is on the table and the cup is on the floor. Ali picks up the glass. The cup BLANK.,aca6ce57-66cc-5a28-8b0c-b55d84cbbeb5,base
A120PN22KW0VPY,1,4,target,1,action_nonfollows,action_nonfollows_target,moves,doesn't move,The glass is on the table and the cup is on the floor. Ali picks up the glass. The cup BLANK.,aca6ce57-66cc-5a28-8b0c-b55d84cbbeb5,base
A1CN1H9UODZ1E6,1,4,target,0,action_nonfollows,action_nonfollows_target,moves,doesn't move,The glass is on the table and the cup is on the floor. Ali picks up the glass. The cup BLANK.,aca6ce57-66cc-5a28-8b0c-b55d84cbbeb5,base
A1UY2W2FL9CWN,1,4,target,1,action_nonfollows,action_nonfollows_target,moves,doesn't move,The glass is on the table and the cup is on the floor. Ali picks up the glass. The cup BLANK.,aca6ce57-66cc-5a28-8b0c-b55d84cbbeb5,base
A2SY0XL28MLUTW,1,4,target,0,action_nonfollows,action_nonfollows_target,moves,doesn't move,The glass is on the table and the cup is on the floor. Ali picks up the glass. The cup BLANK.,aca6ce57-66cc-5a28-8b0c-b55d84cbbeb5,base
A336V7IY38Q2WN,1,4,target,0,action_nonfollows,action_nonfollows_target,moves,doesn't move,The glass is on the table and the cup is on the floor. Ali picks up the glass. The cup BLANK.,aca6ce57-66cc-5a28-8b0c-b55d84cbbeb5,base
A346XUUK22V9AZ,1,4,target,0,action_nonfollows,action_nonfollows_target,moves,doesn't move,The glass is on the table and the cup is on the floor. Ali picks up the glass. The cup BLANK.,aca6ce57-66cc-5a28-8b0c-b55d84cbbeb5,base
AHRQCN5HVAZY4,1,4,target,1,action_nonfollows,action_nonfollows_target,moves,doesn't move,The glass is on the table and the cup is on the floor. Ali picks up the glass. The cup BLANK.,aca6ce57-66cc-5a28-8b0c-b55d84cbbeb5,base
AVD6HMIO1HLFI,1,4,target,0,action_nonfollows,action_nonfollows_target,moves,doesn't move,The glass is on the table and the cup is on the floor. Ali picks up the glass. The cup BLANK.,aca6ce57-66cc-5a28-8b0c-b55d84cbbeb5,base
AWKX5GXJ8QYP7,1,4,target,0,action_nonfollows,action_nonfollows_target,moves,doesn't move,The glass is on the table and the cup is on the floor. Ali picks up the glass. The cup BLANK.,aca6ce57-66cc-5a28-8b0c-b55d84cbbeb5,base
A10JXOU89D5RXR,1,4,target,1,state_follows,state_follows_target,breaks,doesn't break,The glass is on the table. Ali bumps the glass off the table. The glass BLANK.,76f359b3-9f35-5a4d-be1f-fa8c31b03985,base
A120PN22KW0VPY,1,4,target,1,state_follows,state_follows_target,breaks,doesn't break,The glass is on the table. Ali bumps the glass off the table. The glass BLANK.,76f359b3-9f35-5a4d-be1f-fa8c31b03985,base
A1CN1H9UODZ1E6,1,4,target,1,state_follows,state_follows_target,breaks,doesn't break,The glass is on the table. Ali bumps the glass off the table. The glass BLANK.,76f359b3-9f35-5a4d-be1f-fa8c31b03985,base
A1UY2W2FL9CWN,1,4,target,1,state_follows,state_follows_target,breaks,doesn't break,The glass is on the table. Ali bumps the glass off the table. The glass BLANK.,76f359b3-9f35-5a4d-be1f-fa8c31b03985,base
A2SY0XL28MLUTW,1,4,target,1,state_follows,state_follows_target,breaks,doesn't break,The glass is on the table. Ali bumps the glass off the table. The glass BLANK.,76f359b3-9f35-5a4d-be1f-fa8c31b03985,base
A336V7IY38Q2WN,1,4,target,1,state_follows,state_follows_target,breaks,doesn't break,The glass is on the table. Ali bumps the glass off the table. The glass BLANK.,76f359b3-9f35-5a4d-be1f-fa8c31b03985,base
A346XUUK22V9AZ,1,4,target,1,state_follows,state_follows_target,breaks,doesn't break,The glass is on the table. Ali bumps the glass off the table. The glass BLANK.,76f359b3-9f35-5a4d-be1f-fa8c31b03985,base
AHRQCN5HVAZY4,1,4,target,1,state_follows,state_follows_target,breaks,doesn't break,The glass is on the table. Ali bumps the glass off the table. The glass BLANK.,76f359b3-9f35-5a4d-be1f-fa8c31b03985,base
AKSJ3C5O3V9RB,1,4,target,1,state_follows,state_follows_target,breaks,doesn't break,The glass is on the table. Ali bumps the glass off the table. The glass BLANK.,76f359b3-9f35-5a4d-be1f-fa8c31b03985,base
AVD6HMIO1HLFI,1,4,target,1,state_follows,state_follows_target,breaks,doesn't break,The glass is on the table. Ali bumps the glass off the table. The glass BLANK.,76f359b3-9f35-5a4d-be1f-fa8c31b03985,base
AWKX5GXJ8QYP7,1,4,target,1,state_follows,state_follows_target,breaks,doesn't break,The glass is on the table. Ali bumps the glass off the table. The glass BLANK.,76f359b3-9f35-5a4d-be1f-fa8c31b03985,base
A10JXOU89D5RXR,1,4,target,1,state_follows,state_follows_target,colder,warmer,The ice cream is on the table. Ali puts the ice cream in the freezer. The ice cream gets BLANK.,e580d4b5-ce24-5ef0-8a63-f4e5b15760e3,base
A120PN22KW0VPY,1,4,target,1,state_follows,state_follows_target,colder,warmer,The ice cream is on the table. Ali puts the ice cream in the freezer. The ice cream gets BLANK.,e580d4b5-ce24-5ef0-8a63-f4e5b15760e3,base
A1CN1H9UODZ1E6,1,4,target,1,state_follows,state_follows_target,colder,warmer,The ice cream is on the table. Ali puts the ice cream in the freezer. The ice cream gets BLANK.,e580d4b5-ce24-5ef0-8a63-f4e5b15760e3,base
A1UY2W2FL9CWN,1,4,target,1,state_follows,state_follows_target,colder,warmer,The ice cream is on the table. Ali puts the ice cream in the freezer. The ice cream gets BLANK.,e580d4b5-ce24-5ef0-8a63-f4e5b15760e3,base
A2SY0XL28MLUTW,1,4,target,1,state_follows,state_follows_target,colder,warmer,The ice cream is on the table. Ali puts the ice cream in the freezer. The ice cream gets BLANK.,e580d4b5-ce24-5ef0-8a63-f4e5b15760e3,base
A336V7IY38Q2WN,1,4,target,1,state_follows,state_follows_target,colder,warmer,The ice cream is on the table. Ali puts the ice cream in the freezer. The ice cream gets BLANK.,e580d4b5-ce24-5ef0-8a63-f4e5b15760e3,base
A346XUUK22V9AZ,1,4,target,1,state_follows,state_follows_target,colder,warmer,The ice cream is on the table. Ali puts the ice cream in the freezer. The ice cream gets BLANK.,e580d4b5-ce24-5ef0-8a63-f4e5b15760e3,base
AHRQCN5HVAZY4,1,4,target,1,state_follows,state_follows_target,colder,warmer,The ice cream is on the table. Ali puts the ice cream in the freezer. The ice cream gets BLANK.,e580d4b5-ce24-5ef0-8a63-f4e5b15760e3,base
AKSJ3C5O3V9RB,1,4,target,1,state_follows,state_follows_target,colder,warmer,The ice cream is on the table. Ali puts the ice cream in the freezer. The ice cream gets BLANK.,e580d4b5-ce24-5ef0-8a63-f4e5b15760e3,base
AVD6HMIO1HLFI,1,4,target,1,state_follows,state_follows_target,colder,warmer,The ice cream is on the table. Ali puts the ice cream in the freezer. The ice cream gets BLANK.,e580d4b5-ce24-5ef0-8a63-f4e5b15760e3,base
AWKX5GXJ8QYP7,1,4,target,1,state_follows,state_follows_target,colder,warmer,The ice cream is on the table. Ali puts the ice cream in the freezer. The ice cream gets BLANK.,e580d4b5-ce24-5ef0-8a63-f4e5b15760e3,base
A10JXOU89D5RXR,1,4,target,1,state_follows,state_follows_target,melts,doesn't melt,The icecube is in the freezer. Ali puts the icecube in the frying pan. The icecube BLANK.,dea9591b-d617-5226-9fb0-ae6d9accfa61,base
A120PN22KW0VPY,1,4,target,1,state_follows,state_follows_target,melts,doesn't melt,The icecube is in the freezer. Ali puts the icecube in the frying pan. The icecube BLANK.,dea9591b-d617-5226-9fb0-ae6d9accfa61,base
A1CN1H9UODZ1E6,1,4,target,1,state_follows,state_follows_target,melts,doesn't melt,The icecube is in the freezer. Ali puts the icecube in the frying pan. The icecube BLANK.,dea9591b-d617-5226-9fb0-ae6d9accfa61,base
A1UY2W2FL9CWN,1,4,target,1,state_follows,state_follows_target,melts,doesn't melt,The icecube is in the freezer. Ali puts the icecube in the frying pan. The icecube BLANK.,dea9591b-d617-5226-9fb0-ae6d9accfa61,base
A2SY0XL28MLUTW,1,4,target,1,state_follows,state_follows_target,melts,doesn't melt,The icecube is in the freezer. Ali puts the icecube in the frying pan. The icecube BLANK.,dea9591b-d617-5226-9fb0-ae6d9accfa61,base
A336V7IY38Q2WN,1,4,target,0,state_follows,state_follows_target,melts,doesn't melt,The icecube is in the freezer. Ali puts the icecube in the frying pan. The icecube BLANK.,dea9591b-d617-5226-9fb0-ae6d9accfa61,base
A346XUUK22V9AZ,1,4,target,1,state_follows,state_follows_target,melts,doesn't melt,The icecube is in the freezer. Ali puts the icecube in the frying pan. The icecube BLANK.,dea9591b-d617-5226-9fb0-ae6d9accfa61,base
AHRQCN5HVAZY4,1,4,target,1,state_follows,state_follows_target,melts,doesn't melt,The icecube is in the freezer. Ali puts the icecube in the frying pan. The icecube BLANK.,dea9591b-d617-5226-9fb0-ae6d9accfa61,base
AKSJ3C5O3V9RB,1,4,target,1,state_follows,state_follows_target,melts,doesn't melt,The icecube is in the freezer. Ali puts the icecube in the frying pan. The icecube BLANK.,dea9591b-d617-5226-9fb0-ae6d9accfa61,base
AVD6HMIO1HLFI,1,4,target,0,state_follows,state_follows_target,melts,doesn't melt,The icecube is in the freezer. Ali puts the icecube in the frying pan. The icecube BLANK.,dea9591b-d617-5226-9fb0-ae6d9accfa61,base
AWKX5GXJ8QYP7,1,4,target,1,state_follows,state_follows_target,melts,doesn't melt,The icecube is in the freezer. Ali puts the icecube in the frying pan. The icecube BLANK.,dea9591b-d617-5226-9fb0-ae6d9accfa61,base
A10JXOU89D5RXR,1,4,target,1,state_nonfollows,state_nonfollows_target,stays off,turns on,The light is unplugged. Ali flips the lightswitch. The light BLANK.,15514a98-6061-5be3-9a51-5381e8e5edd7,base
A120PN22KW0VPY,1,4,target,0,state_nonfollows,state_nonfollows_target,stays off,turns on,The light is unplugged. Ali flips the lightswitch. The light BLANK.,15514a98-6061-5be3-9a51-5381e8e5edd7,base
A1CN1H9UODZ1E6,1,4,target,1,state_nonfollows,state_nonfollows_target,stays off,turns on,The light is unplugged. Ali flips the lightswitch. The light BLANK.,15514a98-6061-5be3-9a51-5381e8e5edd7,base
A1UY2W2FL9CWN,1,4,target,1,state_nonfollows,state_nonfollows_target,stays off,turns on,The light is unplugged. Ali flips the lightswitch. The light BLANK.,15514a98-6061-5be3-9a51-5381e8e5edd7,base
A2SY0XL28MLUTW,1,4,target,1,state_nonfollows,state_nonfollows_target,stays off,turns on,The light is unplugged. Ali flips the lightswitch. The light BLANK.,15514a98-6061-5be3-9a51-5381e8e5edd7,base
A336V7IY38Q2WN,1,4,target,1,state_nonfollows,state_nonfollows_target,stays off,turns on,The light is unplugged. Ali flips the lightswitch. The light BLANK.,15514a98-6061-5be3-9a51-5381e8e5edd7,base
A346XUUK22V9AZ,1,4,target,1,state_nonfollows,state_nonfollows_target,stays off,turns on,The light is unplugged. Ali flips the lightswitch. The light BLANK.,15514a98-6061-5be3-9a51-5381e8e5edd7,base
AHRQCN5HVAZY4,1,4,target,0,state_nonfollows,state_nonfollows_target,stays off,turns on,The light is unplugged. Ali flips the lightswitch. The light BLANK.,15514a98-6061-5be3-9a51-5381e8e5edd7,base
AVD6HMIO1HLFI,1,4,target,1,state_nonfollows,state_nonfollows_target,stays off,turns on,The light is unplugged. Ali flips the lightswitch. The light BLANK.,15514a98-6061-5be3-9a51-5381e8e5edd7,base
AWKX5GXJ8QYP7,1,4,target,1,state_nonfollows,state_nonfollows_target,stays off,turns on,The light is unplugged. Ali flips the lightswitch. The light BLANK.,15514a98-6061-5be3-9a51-5381e8e5edd7,base
A10JXOU89D5RXR,1,4,target,0,geocentric_near,geocentric_near_target,South of,East of,The painting is South of Ali. Ali turns left. The painting is BLANK Ali.,3d1c523b-903d-52c2-a5ef-c6868cafe157,base
A120PN22KW0VPY,1,4,target,1,geocentric_near,geocentric_near_target,South of,East of,The painting is South of Ali. Ali turns left. The painting is BLANK Ali.,3d1c523b-903d-52c2-a5ef-c6868cafe157,base
A1CN1H9UODZ1E6,1,4,target,1,geocentric_near,geocentric_near_target,South of,East of,The painting is South of Ali. Ali turns left. The painting is BLANK Ali.,3d1c523b-903d-52c2-a5ef-c6868cafe157,base
A1UY2W2FL9CWN,1,4,target,1,geocentric_near,geocentric_near_target,South of,East of,The painting is South of Ali. Ali turns left. The painting is BLANK Ali.,3d1c523b-903d-52c2-a5ef-c6868cafe157,base
A2SY0XL28MLUTW,1,4,target,0,geocentric_near,geocentric_near_target,South of,East of,The painting is South of Ali. Ali turns left. The painting is BLANK Ali.,3d1c523b-903d-52c2-a5ef-c6868cafe157,base
A336V7IY38Q2WN,1,4,target,0,geocentric_near,geocentric_near_target,South of,East of,The painting is South of Ali. Ali turns left. The painting is BLANK Ali.,3d1c523b-903d-52c2-a5ef-c6868cafe157,base
A346XUUK22V9AZ,1,4,target,0,geocentric_near,geocentric_near_target,South of,East of,The painting is South of Ali. Ali turns left. The painting is BLANK Ali.,3d1c523b-903d-52c2-a5ef-c6868cafe157,base
AHRQCN5HVAZY4,1,4,target,1,geocentric_near,geocentric_near_target,South of,East of,The painting is South of Ali. Ali turns left. The painting is BLANK Ali.,3d1c523b-903d-52c2-a5ef-c6868cafe157,base
AKSJ3C5O3V9RB,1,4,target,1,geocentric_near,geocentric_near_target,South of,East of,The painting is South of Ali. Ali turns left. The painting is BLANK Ali.,3d1c523b-903d-52c2-a5ef-c6868cafe157,base
AVD6HMIO1HLFI,1,4,target,1,geocentric_near,geocentric_near_target,South of,East of,The painting is South of Ali. Ali turns left. The painting is BLANK Ali.,3d1c523b-903d-52c2-a5ef-c6868cafe157,base
AWKX5GXJ8QYP7,1,4,target,0,geocentric_near,geocentric_near_target,South of,East of,The painting is South of Ali. Ali turns left. The painting is BLANK Ali.,3d1c523b-903d-52c2-a5ef-c6868cafe157,base
A10JXOU89D5RXR,1,4,target,0,geocentric_near,geocentric_near_target,South of,West of,The painting is South of Ali. Ali turns right. The painting is BLANK Ali.,210a7a1b-215f-574d-96be-bb4575d7df97,base
A120PN22KW0VPY,1,4,target,1,geocentric_near,geocentric_near_target,South of,West of,The painting is South of Ali. Ali turns right. The painting is BLANK Ali.,210a7a1b-215f-574d-96be-bb4575d7df97,base
A1CN1H9UODZ1E6,1,4,target,0,geocentric_near,geocentric_near_target,South of,West of,The painting is South of Ali. Ali turns right. The painting is BLANK Ali.,210a7a1b-215f-574d-96be-bb4575d7df97,base
A1UY2W2FL9CWN,1,4,target,1,geocentric_near,geocentric_near_target,South of,West of,The painting is South of Ali. Ali turns right. The painting is BLANK Ali.,210a7a1b-215f-574d-96be-bb4575d7df97,base
A2SY0XL28MLUTW,1,4,target,1,geocentric_near,geocentric_near_target,South of,West of,The painting is South of Ali. Ali turns right. The painting is BLANK Ali.,210a7a1b-215f-574d-96be-bb4575d7df97,base
A336V7IY38Q2WN,1,4,target,0,geocentric_near,geocentric_near_target,South of,West of,The painting is South of Ali. Ali turns right. The painting is BLANK Ali.,210a7a1b-215f-574d-96be-bb4575d7df97,base
A346XUUK22V9AZ,1,4,target,1,geocentric_near,geocentric_near_target,South of,West of,The painting is South of Ali. Ali turns right. The painting is BLANK Ali.,210a7a1b-215f-574d-96be-bb4575d7df97,base
AHRQCN5HVAZY4,1,4,target,0,geocentric_near,geocentric_near_target,South of,West of,The painting is South of Ali. Ali turns right. The painting is BLANK Ali.,210a7a1b-215f-574d-96be-bb4575d7df97,base
AKSJ3C5O3V9RB,1,4,target,1,geocentric_near,geocentric_near_target,South of,West of,The painting is South of Ali. Ali turns right. The painting is BLANK Ali.,210a7a1b-215f-574d-96be-bb4575d7df97,base
AVD6HMIO1HLFI,1,4,target,1,geocentric_near,geocentric_near_target,South of,West of,The painting is South of Ali. Ali turns right. The painting is BLANK Ali.,210a7a1b-215f-574d-96be-bb4575d7df97,base
AWKX5GXJ8QYP7,1,4,target,0,geocentric_near,geocentric_near_target,South of,West of,The painting is South of Ali. Ali turns right. The painting is BLANK Ali.,210a7a1b-215f-574d-96be-bb4575d7df97,base
A10JXOU89D5RXR,1,4,target,0,geocentric_near,geocentric_near_target,West of,East of,The painting is West of Ali. Ali turns around. The painting is BLANK Ali.,f40523d5-45d1-5f96-b162-ae6520bf7202,base
A120PN22KW0VPY,1,4,target,0,geocentric_near,geocentric_near_target,West of,East of,The painting is West of Ali. Ali turns around. The painting is BLANK Ali.,f40523d5-45d1-5f96-b162-ae6520bf7202,base
A1CN1H9UODZ1E6,1,4,target,0,geocentric_near,geocentric_near_target,West of,East of,The painting is West of Ali. Ali turns around. The painting is BLANK Ali.,f40523d5-45d1-5f96-b162-ae6520bf7202,base
A1UY2W2FL9CWN,1,4,target,1,geocentric_near,geocentric_near_target,West of,East of,The painting is West of Ali. Ali turns around. The painting is BLANK Ali.,f40523d5-45d1-5f96-b162-ae6520bf7202,base
A2SY0XL28MLUTW,1,4,target,1,geocentric_near,geocentric_near_target,West of,East of,The painting is West of Ali. Ali turns around. The painting is BLANK Ali.,f40523d5-45d1-5f96-b162-ae6520bf7202,base
A336V7IY38Q2WN,1,4,target,0,geocentric_near,geocentric_near_target,West of,East of,The painting is West of Ali. Ali turns around. The painting is BLANK Ali.,f40523d5-45d1-5f96-b162-ae6520bf7202,base
A346XUUK22V9AZ,1,4,target,0,geocentric_near,geocentric_near_target,West of,East of,The painting is West of Ali. Ali turns around. The painting is BLANK Ali.,f40523d5-45d1-5f96-b162-ae6520bf7202,base
AHRQCN5HVAZY4,1,4,target,1,geocentric_near,geocentric_near_target,West of,East of,The painting is West of Ali. Ali turns around. The painting is BLANK Ali.,f40523d5-45d1-5f96-b162-ae6520bf7202,base
AKSJ3C5O3V9RB,1,4,target,1,geocentric_near,geocentric_near_target,West of,East of,The painting is West of Ali. Ali turns around. The painting is BLANK Ali.,f40523d5-45d1-5f96-b162-ae6520bf7202,base
AVD6HMIO1HLFI,1,4,target,1,geocentric_near,geocentric_near_target,West of,East of,The painting is West of Ali. Ali turns around. The painting is BLANK Ali.,f40523d5-45d1-5f96-b162-ae6520bf7202,base
AWKX5GXJ8QYP7,1,4,target,0,geocentric_near,geocentric_near_target,West of,East of,The painting is West of Ali. Ali turns around. The painting is BLANK Ali.,f40523d5-45d1-5f96-b162-ae6520bf7202,base
A10JXOU89D5RXR,1,4,target,1,egocentric_near,egocentric_near_target,right of,left of,The painting is behind Ali. Ali turns right. The painting is BLANK Ali.,094c4be1-96f9-54af-99d8-0e801308cc11,base
A120PN22KW0VPY,1,4,target,1,egocentric_near,egocentric_near_target,right of,left of,The painting is behind Ali. Ali turns right. The painting is BLANK Ali.,094c4be1-96f9-54af-99d8-0e801308cc11,base
A1CN1H9UODZ1E6,1,4,target,1,egocentric_near,egocentric_near_target,right of,left of,The painting is behind Ali. Ali turns right. The painting is BLANK Ali.,094c4be1-96f9-54af-99d8-0e801308cc11,base
A1UY2W2FL9CWN,1,4,target,1,egocentric_near,egocentric_near_target,right of,left of,The painting is behind Ali. Ali turns right. The painting is BLANK Ali.,094c4be1-96f9-54af-99d8-0e801308cc11,base
A2SY0XL28MLUTW,1,4,target,1,egocentric_near,egocentric_near_target,right of,left of,The painting is behind Ali. Ali turns right. The painting is BLANK Ali.,094c4be1-96f9-54af-99d8-0e801308cc11,base
A336V7IY38Q2WN,1,4,target,1,egocentric_near,egocentric_near_target,right of,left of,The painting is behind Ali. Ali turns right. The painting is BLANK Ali.,094c4be1-96f9-54af-99d8-0e801308cc11,base
A346XUUK22V9AZ,1,4,target,1,egocentric_near,egocentric_near_target,right of,left of,The painting is behind Ali. Ali turns right. The painting is BLANK Ali.,094c4be1-96f9-54af-99d8-0e801308cc11,base
AHRQCN5HVAZY4,1,4,target,1,egocentric_near,egocentric_near_target,right of,left of,The painting is behind Ali. Ali turns right. The painting is BLANK Ali.,094c4be1-96f9-54af-99d8-0e801308cc11,base
AVD6HMIO1HLFI,1,4,target,1,egocentric_near,egocentric_near_target,right of,left of,The painting is behind Ali. Ali turns right. The painting is BLANK Ali.,094c4be1-96f9-54af-99d8-0e801308cc11,base
AWKX5GXJ8QYP7,1,4,target,0,egocentric_near,egocentric_near_target,right of,left of,The painting is behind Ali. Ali turns right. The painting is BLANK Ali.,094c4be1-96f9-54af-99d8-0e801308cc11,base
A10JXOU89D5RXR,1,4,target,1,egocentric_near,egocentric_near_target,behind,in front of,The painting is in front of Ali. Ali turns around. The painting is BLANK Ali.,8a1b8ddc-d633-5314-82b7-8d24513e4dd1,base
A120PN22KW0VPY,1,4,target,1,egocentric_near,egocentric_near_target,behind,in front of,The painting is in front of Ali. Ali turns around. The painting is BLANK Ali.,8a1b8ddc-d633-5314-82b7-8d24513e4dd1,base
A1CN1H9UODZ1E6,1,4,target,0,egocentric_near,egocentric_near_target,behind,in front of,The painting is in front of Ali. Ali turns around. The painting is BLANK Ali.,8a1b8ddc-d633-5314-82b7-8d24513e4dd1,base
A1UY2W2FL9CWN,1,4,target,1,egocentric_near,egocentric_near_target,behind,in front of,The painting is in front of Ali. Ali turns around. The painting is BLANK Ali.,8a1b8ddc-d633-5314-82b7-8d24513e4dd1,base
A2SY0XL28MLUTW,1,4,target,1,egocentric_near,egocentric_near_target,behind,in front of,The painting is in front of Ali. Ali turns around. The painting is BLANK Ali.,8a1b8ddc-d633-5314-82b7-8d24513e4dd1,base
A336V7IY38Q2WN,1,4,target,1,egocentric_near,egocentric_near_target,behind,in front of,The painting is in front of Ali. Ali turns around. The painting is BLANK Ali.,8a1b8ddc-d633-5314-82b7-8d24513e4dd1,base
A346XUUK22V9AZ,1,4,target,1,egocentric_near,egocentric_near_target,behind,in front of,The painting is in front of Ali. Ali turns around. The painting is BLANK Ali.,8a1b8ddc-d633-5314-82b7-8d24513e4dd1,base
AHRQCN5HVAZY4,1,4,target,1,egocentric_near,egocentric_near_target,behind,in front of,The painting is in front of Ali. Ali turns around. The painting is BLANK Ali.,8a1b8ddc-d633-5314-82b7-8d24513e4dd1,base
AKSJ3C5O3V9RB,1,4,target,1,egocentric_near,egocentric_near_target,behind,in front of,The painting is in front of Ali. Ali turns around. The painting is BLANK Ali.,8a1b8ddc-d633-5314-82b7-8d24513e4dd1,base
AVD6HMIO1HLFI,1,4,target,1,egocentric_near,egocentric_near_target,behind,in front of,The painting is in front of Ali. Ali turns around. The painting is BLANK Ali.,8a1b8ddc-d633-5314-82b7-8d24513e4dd1,base
AWKX5GXJ8QYP7,1,4,target,1,egocentric_near,egocentric_near_target,behind,in front of,The painting is in front of Ali. Ali turns around. The painting is BLANK Ali.,8a1b8ddc-d633-5314-82b7-8d24513e4dd1,base
A10JXOU89D5RXR,1,4,target,1,egocentric_near,egocentric_near_target,behind,in front of,The painting is right of Ali. Ali turns left. The painting is BLANK Ali.,3a1992c7-e8c1-55ab-843c-616cf72ae3d9,base
A120PN22KW0VPY,1,4,target,0,egocentric_near,egocentric_near_target,behind,in front of,The painting is right of Ali. Ali turns left. The painting is BLANK Ali.,3a1992c7-e8c1-55ab-843c-616cf72ae3d9,base
A1CN1H9UODZ1E6,1,4,target,0,egocentric_near,egocentric_near_target,behind,in front of,The painting is right of Ali. Ali turns left. The painting is BLANK Ali.,3a1992c7-e8c1-55ab-843c-616cf72ae3d9,base
A1UY2W2FL9CWN,1,4,target,1,egocentric_near,egocentric_near_target,behind,in front of,The painting is right of Ali. Ali turns left. The painting is BLANK Ali.,3a1992c7-e8c1-55ab-843c-616cf72ae3d9,base
A2SY0XL28MLUTW,1,4,target,1,egocentric_near,egocentric_near_target,behind,in front of,The painting is right of Ali. Ali turns left. The painting is BLANK Ali.,3a1992c7-e8c1-55ab-843c-616cf72ae3d9,base
A336V7IY38Q2WN,1,4,target,1,egocentric_near,egocentric_near_target,behind,in front of,The painting is right of Ali. Ali turns left. The painting is BLANK Ali.,3a1992c7-e8c1-55ab-843c-616cf72ae3d9,base
A346XUUK22V9AZ,1,4,target,1,egocentric_near,egocentric_near_target,behind,in front of,The painting is right of Ali. Ali turns left. The painting is BLANK Ali.,3a1992c7-e8c1-55ab-843c-616cf72ae3d9,base
AHRQCN5HVAZY4,1,4,target,0,egocentric_near,egocentric_near_target,behind,in front of,The painting is right of Ali. Ali turns left. The painting is BLANK Ali.,3a1992c7-e8c1-55ab-843c-616cf72ae3d9,base
AKSJ3C5O3V9RB,1,4,target,1,egocentric_near,egocentric_near_target,behind,in front of,The painting is right of Ali. Ali turns left. The painting is BLANK Ali.,3a1992c7-e8c1-55ab-843c-616cf72ae3d9,base
AVD6HMIO1HLFI,1,4,target,0,egocentric_near,egocentric_near_target,behind,in front of,The painting is right of Ali. Ali turns left. The painting is BLANK Ali.,3a1992c7-e8c1-55ab-843c-616cf72ae3d9,base
AWKX5GXJ8QYP7,1,4,target,1,egocentric_near,egocentric_near_target,behind,in front of,The painting is right of Ali. Ali turns left. The painting is BLANK Ali.,3a1992c7-e8c1-55ab-843c-616cf72ae3d9,base
A10JXOU89D5RXR,1,4,target,0,egocentric_near,egocentric_near_target,right,left,The painting is to Ali's left. The painting is moved left. The painting is to Ali's BLANK.,77bdedf3-bae1-5250-9280-746344392bdd,base
A120PN22KW0VPY,1,4,target,0,egocentric_near,egocentric_near_target,right,left,The painting is to Ali's left. The painting is moved left. The painting is to Ali's BLANK.,77bdedf3-bae1-5250-9280-746344392bdd,base
A1CN1H9UODZ1E6,1,4,target,1,egocentric_near,egocentric_near_target,right,left,The painting is to Ali's left. The painting is moved left. The painting is to Ali's BLANK.,77bdedf3-bae1-5250-9280-746344392bdd,base
A1UY2W2FL9CWN,1,4,target,0,egocentric_near,egocentric_near_target,right,left,The painting is to Ali's left. The painting is moved left. The painting is to Ali's BLANK.,77bdedf3-bae1-5250-9280-746344392bdd,base
A2SY0XL28MLUTW,1,4,target,0,egocentric_near,egocentric_near_target,right,left,The painting is to Ali's left. The painting is moved left. The painting is to Ali's BLANK.,77bdedf3-bae1-5250-9280-746344392bdd,base
A336V7IY38Q2WN,1,4,target,0,egocentric_near,egocentric_near_target,right,left,The painting is to Ali's left. The painting is moved left. The painting is to Ali's BLANK.,77bdedf3-bae1-5250-9280-746344392bdd,base
A346XUUK22V9AZ,1,4,target,0,egocentric_near,egocentric_near_target,right,left,The painting is to Ali's left. The painting is moved left. The painting is to Ali's BLANK.,77bdedf3-bae1-5250-9280-746344392bdd,base
AHRQCN5HVAZY4,1,4,target,1,egocentric_near,egocentric_near_target,right,left,The painting is to Ali's left. The painting is moved left. The painting is to Ali's BLANK.,77bdedf3-bae1-5250-9280-746344392bdd,base
AVD6HMIO1HLFI,1,4,target,0,egocentric_near,egocentric_near_target,right,left,The painting is to Ali's left. The painting is moved left. The painting is to Ali's BLANK.,77bdedf3-bae1-5250-9280-746344392bdd,base
AWKX5GXJ8QYP7,1,4,target,1,egocentric_near,egocentric_near_target,right,left,The painting is to Ali's left. The painting is moved left. The painting is to Ali's BLANK.,77bdedf3-bae1-5250-9280-746344392bdd,base
A10JXOU89D5RXR,1,4,target,1,state_follows,state_follows_target,lighter,darker,The room is dark. Ali turns on the light. The room gets BLANK.,475d2edc-974c-5d32-a80d-f60adbdeab9d,base
A120PN22KW0VPY,1,4,target,1,state_follows,state_follows_target,lighter,darker,The room is dark. Ali turns on the light. The room gets BLANK.,475d2edc-974c-5d32-a80d-f60adbdeab9d,base
A1CN1H9UODZ1E6,1,4,target,1,state_follows,state_follows_target,lighter,darker,The room is dark. Ali turns on the light. The room gets BLANK.,475d2edc-974c-5d32-a80d-f60adbdeab9d,base
A1UY2W2FL9CWN,1,4,target,1,state_follows,state_follows_target,lighter,darker,The room is dark. Ali turns on the light. The room gets BLANK.,475d2edc-974c-5d32-a80d-f60adbdeab9d,base
A2SY0XL28MLUTW,1,4,target,1,state_follows,state_follows_target,lighter,darker,The room is dark. Ali turns on the light. The room gets BLANK.,475d2edc-974c-5d32-a80d-f60adbdeab9d,base
A336V7IY38Q2WN,1,4,target,1,state_follows,state_follows_target,lighter,darker,The room is dark. Ali turns on the light. The room gets BLANK.,475d2edc-974c-5d32-a80d-f60adbdeab9d,base
A346XUUK22V9AZ,1,4,target,1,state_follows,state_follows_target,lighter,darker,The room is dark. Ali turns on the light. The room gets BLANK.,475d2edc-974c-5d32-a80d-f60adbdeab9d,base
AHRQCN5HVAZY4,1,4,target,0,state_follows,state_follows_target,lighter,darker,The room is dark. Ali turns on the light. The room gets BLANK.,475d2edc-974c-5d32-a80d-f60adbdeab9d,base
AKSJ3C5O3V9RB,1,4,target,1,state_follows,state_follows_target,lighter,darker,The room is dark. Ali turns on the light. The room gets BLANK.,475d2edc-974c-5d32-a80d-f60adbdeab9d,base
AVD6HMIO1HLFI,1,4,target,1,state_follows,state_follows_target,lighter,darker,The room is dark. Ali turns on the light. The room gets BLANK.,475d2edc-974c-5d32-a80d-f60adbdeab9d,base
AWKX5GXJ8QYP7,1,4,target,1,state_follows,state_follows_target,lighter,darker,The room is dark. Ali turns on the light. The room gets BLANK.,475d2edc-974c-5d32-a80d-f60adbdeab9d,base
A10JXOU89D5RXR,1,4,target,0,geocentric_near,geocentric_near_target,East of,North of,The statue is East of Ali. Ali walks South. The statue is BLANK of Ali.,4e2ccb54-af98-56e1-8eb8-74bc46abf088,base
A120PN22KW0VPY,1,4,target,0,geocentric_near,geocentric_near_target,East of,North of,The statue is East of Ali. Ali walks South. The statue is BLANK of Ali.,4e2ccb54-af98-56e1-8eb8-74bc46abf088,base
A1CN1H9UODZ1E6,1,4,target,0,geocentric_near,geocentric_near_target,East of,North of,The statue is East of Ali. Ali walks South. The statue is BLANK of Ali.,4e2ccb54-af98-56e1-8eb8-74bc46abf088,base
A1UY2W2FL9CWN,1,4,target,1,geocentric_near,geocentric_near_target,East of,North of,The statue is East of Ali. Ali walks South. The statue is BLANK of Ali.,4e2ccb54-af98-56e1-8eb8-74bc46abf088,base
A2SY0XL28MLUTW,1,4,target,0,geocentric_near,geocentric_near_target,East of,North of,The statue is East of Ali. Ali walks South. The statue is BLANK of Ali.,4e2ccb54-af98-56e1-8eb8-74bc46abf088,base
A336V7IY38Q2WN,1,4,target,1,geocentric_near,geocentric_near_target,East of,North of,The statue is East of Ali. Ali walks South. The statue is BLANK of Ali.,4e2ccb54-af98-56e1-8eb8-74bc46abf088,base
A346XUUK22V9AZ,1,4,target,1,geocentric_near,geocentric_near_target,East of,North of,The statue is East of Ali. Ali walks South. The statue is BLANK of Ali.,4e2ccb54-af98-56e1-8eb8-74bc46abf088,base
AHRQCN5HVAZY4,1,4,target,1,geocentric_near,geocentric_near_target,East of,North of,The statue is East of Ali. Ali walks South. The statue is BLANK of Ali.,4e2ccb54-af98-56e1-8eb8-74bc46abf088,base
AKSJ3C5O3V9RB,1,4,target,1,geocentric_near,geocentric_near_target,East of,North of,The statue is East of Ali. Ali walks South. The statue is BLANK of Ali.,4e2ccb54-af98-56e1-8eb8-74bc46abf088,base
AVD6HMIO1HLFI,1,4,target,1,geocentric_near,geocentric_near_target,East of,North of,The statue is East of Ali. Ali walks South. The statue is BLANK of Ali.,4e2ccb54-af98-56e1-8eb8-74bc46abf088,base
AWKX5GXJ8QYP7,1,4,target,1,geocentric_near,geocentric_near_target,East of,North of,The statue is East of Ali. Ali walks South. The statue is BLANK of Ali.,4e2ccb54-af98-56e1-8eb8-74bc46abf088,base
A10JXOU89D5RXR,1,4,target,1,geocentric_near,geocentric_near_target,North of,West of,The statue is North of Ali. Ali walks East. The statue is BLANK of Ali.,53b9d39a-77d2-590e-9013-2041416cf80e,base
A120PN22KW0VPY,1,4,target,1,geocentric_near,geocentric_near_target,North of,West of,The statue is North of Ali. Ali walks East. The statue is BLANK of Ali.,53b9d39a-77d2-590e-9013-2041416cf80e,base
A1CN1H9UODZ1E6,1,4,target,0,geocentric_near,geocentric_near_target,North of,West of,The statue is North of Ali. Ali walks East. The statue is BLANK of Ali.,53b9d39a-77d2-590e-9013-2041416cf80e,base
A1UY2W2FL9CWN,1,4,target,1,geocentric_near,geocentric_near_target,North of,West of,The statue is North of Ali. Ali walks East. The statue is BLANK of Ali.,53b9d39a-77d2-590e-9013-2041416cf80e,base
A2SY0XL28MLUTW,1,4,target,1,geocentric_near,geocentric_near_target,North of,West of,The statue is North of Ali. Ali walks East. The statue is BLANK of Ali.,53b9d39a-77d2-590e-9013-2041416cf80e,base
A336V7IY38Q2WN,1,4,target,1,geocentric_near,geocentric_near_target,North of,West of,The statue is North of Ali. Ali walks East. The statue is BLANK of Ali.,53b9d39a-77d2-590e-9013-2041416cf80e,base
A346XUUK22V9AZ,1,4,target,1,geocentric_near,geocentric_near_target,North of,West of,The statue is North of Ali. Ali walks East. The statue is BLANK of Ali.,53b9d39a-77d2-590e-9013-2041416cf80e,base
AHRQCN5HVAZY4,1,4,target,0,geocentric_near,geocentric_near_target,North of,West of,The statue is North of Ali. Ali walks East. The statue is BLANK of Ali.,53b9d39a-77d2-590e-9013-2041416cf80e,base
AKSJ3C5O3V9RB,1,4,target,1,geocentric_near,geocentric_near_target,North of,West of,The statue is North of Ali. Ali walks East. The statue is BLANK of Ali.,53b9d39a-77d2-590e-9013-2041416cf80e,base
AVD6HMIO1HLFI,1,4,target,0,geocentric_near,geocentric_near_target,North of,West of,The statue is North of Ali. Ali walks East. The statue is BLANK of Ali.,53b9d39a-77d2-590e-9013-2041416cf80e,base
AWKX5GXJ8QYP7,1,4,target,1,geocentric_near,geocentric_near_target,North of,West of,The statue is North of Ali. Ali walks East. The statue is BLANK of Ali.,53b9d39a-77d2-590e-9013-2041416cf80e,base
A10JXOU89D5RXR,1,4,target,1,relative_pos,relative_pos_target,closer to,further from,The tennis ball is at the top of ther amp and the bowling ball is at the bottom of the ramp. Ali rolls the bowling ball up the ramp. The bowling ball is getting BLANK the tennis ball.,0800d2b4-3253-5113-aa26-ea41514dddd7,base
A120PN22KW0VPY,1,4,target,0,relative_pos,relative_pos_target,closer to,further from,The tennis ball is at the top of ther amp and the bowling ball is at the bottom of the ramp. Ali rolls the bowling ball up the ramp. The bowling ball is getting BLANK the tennis ball.,0800d2b4-3253-5113-aa26-ea41514dddd7,base
A1CN1H9UODZ1E6,1,4,target,1,relative_pos,relative_pos_target,closer to,further from,The tennis ball is at the top of ther amp and the bowling ball is at the bottom of the ramp. Ali rolls the bowling ball up the ramp. The bowling ball is getting BLANK the tennis ball.,0800d2b4-3253-5113-aa26-ea41514dddd7,base
A1UY2W2FL9CWN,1,4,target,1,relative_pos,relative_pos_target,closer to,further from,The tennis ball is at the top of ther amp and the bowling ball is at the bottom of the ramp. Ali rolls the bowling ball up the ramp. The bowling ball is getting BLANK the tennis ball.,0800d2b4-3253-5113-aa26-ea41514dddd7,base
A2SY0XL28MLUTW,1,4,target,1,relative_pos,relative_pos_target,closer to,further from,The tennis ball is at the top of ther amp and the bowling ball is at the bottom of the ramp. Ali rolls the bowling ball up the ramp. The bowling ball is getting BLANK the tennis ball.,0800d2b4-3253-5113-aa26-ea41514dddd7,base
A336V7IY38Q2WN,1,4,target,1,relative_pos,relative_pos_target,closer to,further from,The tennis ball is at the top of ther amp and the bowling ball is at the bottom of the ramp. Ali rolls the bowling ball up the ramp. The bowling ball is getting BLANK the tennis ball.,0800d2b4-3253-5113-aa26-ea41514dddd7,base
A346XUUK22V9AZ,1,4,target,1,relative_pos,relative_pos_target,closer to,further from,The tennis ball is at the top of ther amp and the bowling ball is at the bottom of the ramp. Ali rolls the bowling ball up the ramp. The bowling ball is getting BLANK the tennis ball.,0800d2b4-3253-5113-aa26-ea41514dddd7,base
AHRQCN5HVAZY4,1,4,target,0,relative_pos,relative_pos_target,closer to,further from,The tennis ball is at the top of ther amp and the bowling ball is at the bottom of the ramp. Ali rolls the bowling ball up the ramp. The bowling ball is getting BLANK the tennis ball.,0800d2b4-3253-5113-aa26-ea41514dddd7,base
AKSJ3C5O3V9RB,1,4,target,1,relative_pos,relative_pos_target,closer to,further from,The tennis ball is at the top of ther amp and the bowling ball is at the bottom of the ramp. Ali rolls the bowling ball up the ramp. The bowling ball is getting BLANK the tennis ball.,0800d2b4-3253-5113-aa26-ea41514dddd7,base
AVD6HMIO1HLFI,1,4,target,1,relative_pos,relative_pos_target,closer to,further from,The tennis ball is at the top of ther amp and the bowling ball is at the bottom of the ramp. Ali rolls the bowling ball up the ramp. The bowling ball is getting BLANK the tennis ball.,0800d2b4-3253-5113-aa26-ea41514dddd7,base
AWKX5GXJ8QYP7,1,4,target,1,relative_pos,relative_pos_target,closer to,further from,The tennis ball is at the top of ther amp and the bowling ball is at the bottom of the ramp. Ali rolls the bowling ball up the ramp. The bowling ball is getting BLANK the tennis ball.,0800d2b4-3253-5113-aa26-ea41514dddd7,base
A10JXOU89D5RXR,1,4,target,1,relative_pos,relative_pos_target,closer to,further from,The tennis ball is far from the bowling ball. Ali rolls the bowling ball. The tennis ball is BLANK the bowling ball.,02f16613-1c2c-561c-93db-096e8105a79a,base
A120PN22KW0VPY,1,4,target,1,relative_pos,relative_pos_target,closer to,further from,The tennis ball is far from the bowling ball. Ali rolls the bowling ball. The tennis ball is BLANK the bowling ball.,02f16613-1c2c-561c-93db-096e8105a79a,base
A1CN1H9UODZ1E6,1,4,target,0,relative_pos,relative_pos_target,closer to,further from,The tennis ball is far from the bowling ball. Ali rolls the bowling ball. The tennis ball is BLANK the bowling ball.,02f16613-1c2c-561c-93db-096e8105a79a,base
A1UY2W2FL9CWN,1,4,target,1,relative_pos,relative_pos_target,closer to,further from,The tennis ball is far from the bowling ball. Ali rolls the bowling ball. The tennis ball is BLANK the bowling ball.,02f16613-1c2c-561c-93db-096e8105a79a,base
A2SY0XL28MLUTW,1,4,target,1,relative_pos,relative_pos_target,closer to,further from,The tennis ball is far from the bowling ball. Ali rolls the bowling ball. The tennis ball is BLANK the bowling ball.,02f16613-1c2c-561c-93db-096e8105a79a,base
A336V7IY38Q2WN,1,4,target,0,relative_pos,relative_pos_target,closer to,further from,The tennis ball is far from the bowling ball. Ali rolls the bowling ball. The tennis ball is BLANK the bowling ball.,02f16613-1c2c-561c-93db-096e8105a79a,base
A346XUUK22V9AZ,1,4,target,1,relative_pos,relative_pos_target,closer to,further from,The tennis ball is far from the bowling ball. Ali rolls the bowling ball. The tennis ball is BLANK the bowling ball.,02f16613-1c2c-561c-93db-096e8105a79a,base
AHRQCN5HVAZY4,1,4,target,1,relative_pos,relative_pos_target,closer to,further from,The tennis ball is far from the bowling ball. Ali rolls the bowling ball. The tennis ball is BLANK the bowling ball.,02f16613-1c2c-561c-93db-096e8105a79a,base
AKSJ3C5O3V9RB,1,4,target,1,relative_pos,relative_pos_target,closer to,further from,The tennis ball is far from the bowling ball. Ali rolls the bowling ball. The tennis ball is BLANK the bowling ball.,02f16613-1c2c-561c-93db-096e8105a79a,base
AVD6HMIO1HLFI,1,4,target,1,relative_pos,relative_pos_target,closer to,further from,The tennis ball is far from the bowling ball. Ali rolls the bowling ball. The tennis ball is BLANK the bowling ball.,02f16613-1c2c-561c-93db-096e8105a79a,base
AWKX5GXJ8QYP7,1,4,target,1,relative_pos,relative_pos_target,closer to,further from,The tennis ball is far from the bowling ball. Ali rolls the bowling ball. The tennis ball is BLANK the bowling ball.,02f16613-1c2c-561c-93db-096e8105a79a,base
A10JXOU89D5RXR,1,4,target,1,state_follows,state_follows_target,painted,clean,The wall was painted 5 minutes ago. Ali touches the wall. Ali's hand is BLANK.,3c71e126-2e48-55b5-b7c9-23c94f0928a8,base
A120PN22KW0VPY,1,4,target,1,state_follows,state_follows_target,painted,clean,The wall was painted 5 minutes ago. Ali touches the wall. Ali's hand is BLANK.,3c71e126-2e48-55b5-b7c9-23c94f0928a8,base
A1CN1H9UODZ1E6,1,4,target,1,state_follows,state_follows_target,painted,clean,The wall was painted 5 minutes ago. Ali touches the wall. Ali's hand is BLANK.,3c71e126-2e48-55b5-b7c9-23c94f0928a8,base
A1UY2W2FL9CWN,1,4,target,1,state_follows,state_follows_target,painted,clean,The wall was painted 5 minutes ago. Ali touches the wall. Ali's hand is BLANK.,3c71e126-2e48-55b5-b7c9-23c94f0928a8,base
A2SY0XL28MLUTW,1,4,target,1,state_follows,state_follows_target,painted,clean,The wall was painted 5 minutes ago. Ali touches the wall. Ali's hand is BLANK.,3c71e126-2e48-55b5-b7c9-23c94f0928a8,base
A336V7IY38Q2WN,1,4,target,1,state_follows,state_follows_target,painted,clean,The wall was painted 5 minutes ago. Ali touches the wall. Ali's hand is BLANK.,3c71e126-2e48-55b5-b7c9-23c94f0928a8,base
A346XUUK22V9AZ,1,4,target,1,state_follows,state_follows_target,painted,clean,The wall was painted 5 minutes ago. Ali touches the wall. Ali's hand is BLANK.,3c71e126-2e48-55b5-b7c9-23c94f0928a8,base
AHRQCN5HVAZY4,1,4,target,1,state_follows,state_follows_target,painted,clean,The wall was painted 5 minutes ago. Ali touches the wall. Ali's hand is BLANK.,3c71e126-2e48-55b5-b7c9-23c94f0928a8,base
AKSJ3C5O3V9RB,1,4,target,1,state_follows,state_follows_target,painted,clean,The wall was painted 5 minutes ago. Ali touches the wall. Ali's hand is BLANK.,3c71e126-2e48-55b5-b7c9-23c94f0928a8,base
AVD6HMIO1HLFI,1,4,target,1,state_follows,state_follows_target,painted,clean,The wall was painted 5 minutes ago. Ali touches the wall. Ali's hand is BLANK.,3c71e126-2e48-55b5-b7c9-23c94f0928a8,base
AWKX5GXJ8QYP7,1,4,target,1,state_follows,state_follows_target,painted,clean,The wall was painted 5 minutes ago. Ali touches the wall. Ali's hand is BLANK.,3c71e126-2e48-55b5-b7c9-23c94f0928a8,base
A10JXOU89D5RXR,1,4,target,1,state_nonfollows,state_nonfollows_target,doesn't break,breaks,The window is behind Ali. Ali throws the baseball forward. The window BLANK.,96eb93cd-1931-5621-9a9a-b0c1f0145281,base
A120PN22KW0VPY,1,4,target,0,state_nonfollows,state_nonfollows_target,doesn't break,breaks,The window is behind Ali. Ali throws the baseball forward. The window BLANK.,96eb93cd-1931-5621-9a9a-b0c1f0145281,base
A1CN1H9UODZ1E6,1,4,target,0,state_nonfollows,state_nonfollows_target,doesn't break,breaks,The window is behind Ali. Ali throws the baseball forward. The window BLANK.,96eb93cd-1931-5621-9a9a-b0c1f0145281,base
A1UY2W2FL9CWN,1,4,target,0,state_nonfollows,state_nonfollows_target,doesn't break,breaks,The window is behind Ali. Ali throws the baseball forward. The window BLANK.,96eb93cd-1931-5621-9a9a-b0c1f0145281,base
A2SY0XL28MLUTW,1,4,target,1,state_nonfollows,state_nonfollows_target,doesn't break,breaks,The window is behind Ali. Ali throws the baseball forward. The window BLANK.,96eb93cd-1931-5621-9a9a-b0c1f0145281,base
A336V7IY38Q2WN,1,4,target,0,state_nonfollows,state_nonfollows_target,doesn't break,breaks,The window is behind Ali. Ali throws the baseball forward. The window BLANK.,96eb93cd-1931-5621-9a9a-b0c1f0145281,base
A346XUUK22V9AZ,1,4,target,1,state_nonfollows,state_nonfollows_target,doesn't break,breaks,The window is behind Ali. Ali throws the baseball forward. The window BLANK.,96eb93cd-1931-5621-9a9a-b0c1f0145281,base
AHRQCN5HVAZY4,1,4,target,0,state_nonfollows,state_nonfollows_target,doesn't break,breaks,The window is behind Ali. Ali throws the baseball forward. The window BLANK.,96eb93cd-1931-5621-9a9a-b0c1f0145281,base
AKSJ3C5O3V9RB,1,4,target,1,state_nonfollows,state_nonfollows_target,doesn't break,breaks,The window is behind Ali. Ali throws the baseball forward. The window BLANK.,96eb93cd-1931-5621-9a9a-b0c1f0145281,base
AVD6HMIO1HLFI,1,4,target,0,state_nonfollows,state_nonfollows_target,doesn't break,breaks,The window is behind Ali. Ali throws the baseball forward. The window BLANK.,96eb93cd-1931-5621-9a9a-b0c1f0145281,base
AWKX5GXJ8QYP7,1,4,target,1,state_nonfollows,state_nonfollows_target,doesn't break,breaks,The window is behind Ali. Ali throws the baseball forward. The window BLANK.,96eb93cd-1931-5621-9a9a-b0c1f0145281,base
A10JXOU89D5RXR,1,4,target,1,action_follows,action_follows_target,table,floor,The wine glass is on the table. The wine glass falls over. The wine spills on the BLANK.,8a00bd55-84cc-51cb-837b-fe6192ad4334,base
A120PN22KW0VPY,1,4,target,0,action_follows,action_follows_target,table,floor,The wine glass is on the table. The wine glass falls over. The wine spills on the BLANK.,8a00bd55-84cc-51cb-837b-fe6192ad4334,base
A1CN1H9UODZ1E6,1,4,target,1,action_follows,action_follows_target,table,floor,The wine glass is on the table. The wine glass falls over. The wine spills on the BLANK.,8a00bd55-84cc-51cb-837b-fe6192ad4334,base
A1UY2W2FL9CWN,1,4,target,1,action_follows,action_follows_target,table,floor,The wine glass is on the table. The wine glass falls over. The wine spills on the BLANK.,8a00bd55-84cc-51cb-837b-fe6192ad4334,base
A2SY0XL28MLUTW,1,4,target,1,action_follows,action_follows_target,table,floor,The wine glass is on the table. The wine glass falls over. The wine spills on the BLANK.,8a00bd55-84cc-51cb-837b-fe6192ad4334,base
A336V7IY38Q2WN,1,4,target,0,action_follows,action_follows_target,table,floor,The wine glass is on the table. The wine glass falls over. The wine spills on the BLANK.,8a00bd55-84cc-51cb-837b-fe6192ad4334,base
A346XUUK22V9AZ,1,4,target,0,action_follows,action_follows_target,table,floor,The wine glass is on the table. The wine glass falls over. The wine spills on the BLANK.,8a00bd55-84cc-51cb-837b-fe6192ad4334,base
AHRQCN5HVAZY4,1,4,target,1,action_follows,action_follows_target,table,floor,The wine glass is on the table. The wine glass falls over. The wine spills on the BLANK.,8a00bd55-84cc-51cb-837b-fe6192ad4334,base
AKSJ3C5O3V9RB,1,4,target,0,action_follows,action_follows_target,table,floor,The wine glass is on the table. The wine glass falls over. The wine spills on the BLANK.,8a00bd55-84cc-51cb-837b-fe6192ad4334,base
AVD6HMIO1HLFI,1,4,target,0,action_follows,action_follows_target,table,floor,The wine glass is on the table. The wine glass falls over. The wine spills on the BLANK.,8a00bd55-84cc-51cb-837b-fe6192ad4334,base
AWKX5GXJ8QYP7,1,4,target,0,action_follows,action_follows_target,table,floor,The wine glass is on the table. The wine glass falls over. The wine spills on the BLANK.,8a00bd55-84cc-51cb-837b-fe6192ad4334,base
A10JXOU89D5RXR,1,4,target,1,action_follows,action_follows_target,goes up,stays down,There is a bowling ball on the right side of the seesaw. Ali picks the bowling ball up. The right side BLANK.,64ec20f6-1d1c-5e4f-8039-8505b8f75d94,base
A120PN22KW0VPY,1,4,target,1,action_follows,action_follows_target,goes up,stays down,There is a bowling ball on the right side of the seesaw. Ali picks the bowling ball up. The right side BLANK.,64ec20f6-1d1c-5e4f-8039-8505b8f75d94,base
A1CN1H9UODZ1E6,1,4,target,1,action_follows,action_follows_target,goes up,stays down,There is a bowling ball on the right side of the seesaw. Ali picks the bowling ball up. The right side BLANK.,64ec20f6-1d1c-5e4f-8039-8505b8f75d94,base
A1UY2W2FL9CWN,1,4,target,1,action_follows,action_follows_target,goes up,stays down,There is a bowling ball on the right side of the seesaw. Ali picks the bowling ball up. The right side BLANK.,64ec20f6-1d1c-5e4f-8039-8505b8f75d94,base
A2SY0XL28MLUTW,1,4,target,1,action_follows,action_follows_target,goes up,stays down,There is a bowling ball on the right side of the seesaw. Ali picks the bowling ball up. The right side BLANK.,64ec20f6-1d1c-5e4f-8039-8505b8f75d94,base
A336V7IY38Q2WN,1,4,target,0,action_follows,action_follows_target,goes up,stays down,There is a bowling ball on the right side of the seesaw. Ali picks the bowling ball up. The right side BLANK.,64ec20f6-1d1c-5e4f-8039-8505b8f75d94,base
A346XUUK22V9AZ,1,4,target,1,action_follows,action_follows_target,goes up,stays down,There is a bowling ball on the right side of the seesaw. Ali picks the bowling ball up. The right side BLANK.,64ec20f6-1d1c-5e4f-8039-8505b8f75d94,base
AHRQCN5HVAZY4,1,4,target,0,action_follows,action_follows_target,goes up,stays down,There is a bowling ball on the right side of the seesaw. Ali picks the bowling ball up. The right side BLANK.,64ec20f6-1d1c-5e4f-8039-8505b8f75d94,base
AKSJ3C5O3V9RB,1,4,target,1,action_follows,action_follows_target,goes up,stays down,There is a bowling ball on the right side of the seesaw. Ali picks the bowling ball up. The right side BLANK.,64ec20f6-1d1c-5e4f-8039-8505b8f75d94,base
AVD6HMIO1HLFI,1,4,target,1,action_follows,action_follows_target,goes up,stays down,There is a bowling ball on the right side of the seesaw. Ali picks the bowling ball up. The right side BLANK.,64ec20f6-1d1c-5e4f-8039-8505b8f75d94,base
AWKX5GXJ8QYP7,1,4,target,1,action_follows,action_follows_target,goes up,stays down,There is a bowling ball on the right side of the seesaw. Ali picks the bowling ball up. The right side BLANK.,64ec20f6-1d1c-5e4f-8039-8505b8f75d94,base
A11FXG88VL23K5,1,7,context,0,two_refs_egocentric,two_refs_egocentric_context,Mark,Ali,Ali and Mark are facing eachother. BLANK turns around. Ali is facing towards Mark.,554eecfd-5f36-53a1-a69b-9db494809329,base
A1DRNG1LGX8OA0,1,7,context,1,two_refs_egocentric,two_refs_egocentric_context,Mark,Ali,Ali and Mark are facing eachother. BLANK turns around. Ali is facing towards Mark.,554eecfd-5f36-53a1-a69b-9db494809329,base
A1I0DV4B4MFQCL,1,7,context,1,two_refs_egocentric,two_refs_egocentric_context,Mark,Ali,Ali and Mark are facing eachother. BLANK turns around. Ali is facing towards Mark.,554eecfd-5f36-53a1-a69b-9db494809329,base
A1OOCYEFLAJD98,1,7,context,1,two_refs_egocentric,two_refs_egocentric_context,Mark,Ali,Ali and Mark are facing eachother. BLANK turns around. Ali is facing towards Mark.,554eecfd-5f36-53a1-a69b-9db494809329,base
A1QWQI2ZV6TFOB,1,7,context,1,two_refs_egocentric,two_refs_egocentric_context,Mark,Ali,Ali and Mark are facing eachother. BLANK turns around. Ali is facing towards Mark.,554eecfd-5f36-53a1-a69b-9db494809329,base
A29Z9P7UNLDTU5,1,7,context,1,two_refs_egocentric,two_refs_egocentric_context,Mark,Ali,Ali and Mark are facing eachother. BLANK turns around. Ali is facing towards Mark.,554eecfd-5f36-53a1-a69b-9db494809329,base
A2ENGQJ6CBQSUP,1,7,context,1,two_refs_egocentric,two_refs_egocentric_context,Mark,Ali,Ali and Mark are facing eachother. BLANK turns around. Ali is facing towards Mark.,554eecfd-5f36-53a1-a69b-9db494809329,base
A2KDYSLV030FVX,1,7,context,1,two_refs_egocentric,two_refs_egocentric_context,Mark,Ali,Ali and Mark are facing eachother. BLANK turns around. Ali is facing towards Mark.,554eecfd-5f36-53a1-a69b-9db494809329,base
A2PAMXM5XJGGPO,1,7,context,0,two_refs_egocentric,two_refs_egocentric_context,Mark,Ali,Ali and Mark are facing eachother. BLANK turns around. Ali is facing towards Mark.,554eecfd-5f36-53a1-a69b-9db494809329,base
A2XFO0X6RCS98M,1,7,context,1,two_refs_egocentric,two_refs_egocentric_context,Mark,Ali,Ali and Mark are facing eachother. BLANK turns around. Ali is facing towards Mark.,554eecfd-5f36-53a1-a69b-9db494809329,base
A341XKSRZ58FJK,1,7,context,1,two_refs_egocentric,two_refs_egocentric_context,Mark,Ali,Ali and Mark are facing eachother. BLANK turns around. Ali is facing towards Mark.,554eecfd-5f36-53a1-a69b-9db494809329,base
A3760PCQD2MPIO,1,7,context,0,two_refs_egocentric,two_refs_egocentric_context,Mark,Ali,Ali and Mark are facing eachother. BLANK turns around. Ali is facing towards Mark.,554eecfd-5f36-53a1-a69b-9db494809329,base
A37E36IPU0BJX5,1,7,context,1,two_refs_egocentric,two_refs_egocentric_context,Mark,Ali,Ali and Mark are facing eachother. BLANK turns around. Ali is facing towards Mark.,554eecfd-5f36-53a1-a69b-9db494809329,base
A37GOI3N77WX21,1,7,context,1,two_refs_egocentric,two_refs_egocentric_context,Mark,Ali,Ali and Mark are facing eachother. BLANK turns around. Ali is facing towards Mark.,554eecfd-5f36-53a1-a69b-9db494809329,base
A39C1BN9ZSQ0R2,1,7,context,0,two_refs_egocentric,two_refs_egocentric_context,Mark,Ali,Ali and Mark are facing eachother. BLANK turns around. Ali is facing towards Mark.,554eecfd-5f36-53a1-a69b-9db494809329,base
A3E8SXH0BAYG85,1,7,context,1,two_refs_egocentric,two_refs_egocentric_context,Mark,Ali,Ali and Mark are facing eachother. BLANK turns around. Ali is facing towards Mark.,554eecfd-5f36-53a1-a69b-9db494809329,base
A3H3BTRV6I3LYU,1,7,context,0,two_refs_egocentric,two_refs_egocentric_context,Mark,Ali,Ali and Mark are facing eachother. BLANK turns around. Ali is facing towards Mark.,554eecfd-5f36-53a1-a69b-9db494809329,base
A9IPBD6C63ASJ,1,7,context,1,two_refs_egocentric,two_refs_egocentric_context,Mark,Ali,Ali and Mark are facing eachother. BLANK turns around. Ali is facing towards Mark.,554eecfd-5f36-53a1-a69b-9db494809329,base
AF0M3066S5UF1,1,7,context,1,two_refs_egocentric,two_refs_egocentric_context,Mark,Ali,Ali and Mark are facing eachother. BLANK turns around. Ali is facing towards Mark.,554eecfd-5f36-53a1-a69b-9db494809329,base
ALLAOJV83NU5Q,1,7,context,1,two_refs_egocentric,two_refs_egocentric_context,Mark,Ali,Ali and Mark are facing eachother. BLANK turns around. Ali is facing towards Mark.,554eecfd-5f36-53a1-a69b-9db494809329,base
AOOLS8280CL0Z,1,7,context,0,two_refs_egocentric,two_refs_egocentric_context,Mark,Ali,Ali and Mark are facing eachother. BLANK turns around. Ali is facing towards Mark.,554eecfd-5f36-53a1-a69b-9db494809329,base
APEPEEDYQTGMC,1,7,context,1,two_refs_egocentric,two_refs_egocentric_context,Mark,Ali,Ali and Mark are facing eachother. BLANK turns around. Ali is facing towards Mark.,554eecfd-5f36-53a1-a69b-9db494809329,base
A11FXG88VL23K5,1,7,context,1,geocentric_distant,geocentric_distant_context,East,West,Ali is BLANK of Milwaukee. Ali walks West. Ali is getting closer to Milwaukee.,ecba7770-0edf-5558-834c-89382aa91d3c,base
A1DRNG1LGX8OA0,1,7,context,0,geocentric_distant,geocentric_distant_context,East,West,Ali is BLANK of Milwaukee. Ali walks West. Ali is getting closer to Milwaukee.,ecba7770-0edf-5558-834c-89382aa91d3c,base
A1I0DV4B4MFQCL,1,7,context,0,geocentric_distant,geocentric_distant_context,East,West,Ali is BLANK of Milwaukee. Ali walks West. Ali is getting closer to Milwaukee.,ecba7770-0edf-5558-834c-89382aa91d3c,base
A1OOCYEFLAJD98,1,7,context,1,geocentric_distant,geocentric_distant_context,East,West,Ali is BLANK of Milwaukee. Ali walks West. Ali is getting closer to Milwaukee.,ecba7770-0edf-5558-834c-89382aa91d3c,base
A1QWQI2ZV6TFOB,1,7,context,1,geocentric_distant,geocentric_distant_context,East,West,Ali is BLANK of Milwaukee. Ali walks West. Ali is getting closer to Milwaukee.,ecba7770-0edf-5558-834c-89382aa91d3c,base
A29Z9P7UNLDTU5,1,7,context,0,geocentric_distant,geocentric_distant_context,East,West,Ali is BLANK of Milwaukee. Ali walks West. Ali is getting closer to Milwaukee.,ecba7770-0edf-5558-834c-89382aa91d3c,base
A2ENGQJ6CBQSUP,1,7,context,1,geocentric_distant,geocentric_distant_context,East,West,Ali is BLANK of Milwaukee. Ali walks West. Ali is getting closer to Milwaukee.,ecba7770-0edf-5558-834c-89382aa91d3c,base
A2KDYSLV030FVX,1,7,context,0,geocentric_distant,geocentric_distant_context,East,West,Ali is BLANK of Milwaukee. Ali walks West. Ali is getting closer to Milwaukee.,ecba7770-0edf-5558-834c-89382aa91d3c,base
A2PAMXM5XJGGPO,1,7,context,1,geocentric_distant,geocentric_distant_context,East,West,Ali is BLANK of Milwaukee. Ali walks West. Ali is getting closer to Milwaukee.,ecba7770-0edf-5558-834c-89382aa91d3c,base
A2XFO0X6RCS98M,1,7,context,1,geocentric_distant,geocentric_distant_context,East,West,Ali is BLANK of Milwaukee. Ali walks West. Ali is getting closer to Milwaukee.,ecba7770-0edf-5558-834c-89382aa91d3c,base
A341XKSRZ58FJK,1,7,context,0,geocentric_distant,geocentric_distant_context,East,West,Ali is BLANK of Milwaukee. Ali walks West. Ali is getting closer to Milwaukee.,ecba7770-0edf-5558-834c-89382aa91d3c,base
A3760PCQD2MPIO,1,7,context,0,geocentric_distant,geocentric_distant_context,East,West,Ali is BLANK of Milwaukee. Ali walks West. Ali is getting closer to Milwaukee.,ecba7770-0edf-5558-834c-89382aa91d3c,base
A37E36IPU0BJX5,1,7,context,1,geocentric_distant,geocentric_distant_context,East,West,Ali is BLANK of Milwaukee. Ali walks West. Ali is getting closer to Milwaukee.,ecba7770-0edf-5558-834c-89382aa91d3c,base
A37GOI3N77WX21,1,7,context,1,geocentric_distant,geocentric_distant_context,East,West,Ali is BLANK of Milwaukee. Ali walks West. Ali is getting closer to Milwaukee.,ecba7770-0edf-5558-834c-89382aa91d3c,base
A39C1BN9ZSQ0R2,1,7,context,1,geocentric_distant,geocentric_distant_context,East,West,Ali is BLANK of Milwaukee. Ali walks West. Ali is getting closer to Milwaukee.,ecba7770-0edf-5558-834c-89382aa91d3c,base
A3H3BTRV6I3LYU,1,7,context,0,geocentric_distant,geocentric_distant_context,East,West,Ali is BLANK of Milwaukee. Ali walks West. Ali is getting closer to Milwaukee.,ecba7770-0edf-5558-834c-89382aa91d3c,base
A9IPBD6C63ASJ,1,7,context,0,geocentric_distant,geocentric_distant_context,East,West,Ali is BLANK of Milwaukee. Ali walks West. Ali is getting closer to Milwaukee.,ecba7770-0edf-5558-834c-89382aa91d3c,base
AF0M3066S5UF1,1,7,context,1,geocentric_distant,geocentric_distant_context,East,West,Ali is BLANK of Milwaukee. Ali walks West. Ali is getting closer to Milwaukee.,ecba7770-0edf-5558-834c-89382aa91d3c,base
ALLAOJV83NU5Q,1,7,context,1,geocentric_distant,geocentric_distant_context,East,West,Ali is BLANK of Milwaukee. Ali walks West. Ali is getting closer to Milwaukee.,ecba7770-0edf-5558-834c-89382aa91d3c,base
AOOLS8280CL0Z,1,7,context,1,geocentric_distant,geocentric_distant_context,East,West,Ali is BLANK of Milwaukee. Ali walks West. Ali is getting closer to Milwaukee.,ecba7770-0edf-5558-834c-89382aa91d3c,base
APEPEEDYQTGMC,1,7,context,0,geocentric_distant,geocentric_distant_context,East,West,Ali is BLANK of Milwaukee. Ali walks West. Ali is getting closer to Milwaukee.,ecba7770-0edf-5558-834c-89382aa91d3c,base
A11FXG88VL23K5,1,7,context,1,egocentric_near,egocentric_near_context,in front of,behind,Ali is BLANK the painting. Ali turns around. The painting is behind Ali.,ea32aa90-9f18-574d-95a1-407be4c9cacf,base
A1DRNG1LGX8OA0,1,7,context,1,egocentric_near,egocentric_near_context,in front of,behind,Ali is BLANK the painting. Ali turns around. The painting is behind Ali.,ea32aa90-9f18-574d-95a1-407be4c9cacf,base
A1I0DV4B4MFQCL,1,7,context,0,egocentric_near,egocentric_near_context,in front of,behind,Ali is BLANK the painting. Ali turns around. The painting is behind Ali.,ea32aa90-9f18-574d-95a1-407be4c9cacf,base
A1OOCYEFLAJD98,1,7,context,1,egocentric_near,egocentric_near_context,in front of,behind,Ali is BLANK the painting. Ali turns around. The painting is behind Ali.,ea32aa90-9f18-574d-95a1-407be4c9cacf,base
A1QWQI2ZV6TFOB,1,7,context,1,egocentric_near,egocentric_near_context,in front of,behind,Ali is BLANK the painting. Ali turns around. The painting is behind Ali.,ea32aa90-9f18-574d-95a1-407be4c9cacf,base
A29Z9P7UNLDTU5,1,7,context,1,egocentric_near,egocentric_near_context,in front of,behind,Ali is BLANK the painting. Ali turns around. The painting is behind Ali.,ea32aa90-9f18-574d-95a1-407be4c9cacf,base
A2ENGQJ6CBQSUP,1,7,context,1,egocentric_near,egocentric_near_context,in front of,behind,Ali is BLANK the painting. Ali turns around. The painting is behind Ali.,ea32aa90-9f18-574d-95a1-407be4c9cacf,base
A2KDYSLV030FVX,1,7,context,0,egocentric_near,egocentric_near_context,in front of,behind,Ali is BLANK the painting. Ali turns around. The painting is behind Ali.,ea32aa90-9f18-574d-95a1-407be4c9cacf,base
A2PAMXM5XJGGPO,1,7,context,1,egocentric_near,egocentric_near_context,in front of,behind,Ali is BLANK the painting. Ali turns around. The painting is behind Ali.,ea32aa90-9f18-574d-95a1-407be4c9cacf,base
A2XFO0X6RCS98M,1,7,context,1,egocentric_near,egocentric_near_context,in front of,behind,Ali is BLANK the painting. Ali turns around. The painting is behind Ali.,ea32aa90-9f18-574d-95a1-407be4c9cacf,base
A341XKSRZ58FJK,1,7,context,1,egocentric_near,egocentric_near_context,in front of,behind,Ali is BLANK the painting. Ali turns around. The painting is behind Ali.,ea32aa90-9f18-574d-95a1-407be4c9cacf,base
A3760PCQD2MPIO,1,7,context,1,egocentric_near,egocentric_near_context,in front of,behind,Ali is BLANK the painting. Ali turns around. The painting is behind Ali.,ea32aa90-9f18-574d-95a1-407be4c9cacf,base
A37E36IPU0BJX5,1,7,context,1,egocentric_near,egocentric_near_context,in front of,behind,Ali is BLANK the painting. Ali turns around. The painting is behind Ali.,ea32aa90-9f18-574d-95a1-407be4c9cacf,base
A37GOI3N77WX21,1,7,context,1,egocentric_near,egocentric_near_context,in front of,behind,Ali is BLANK the painting. Ali turns around. The painting is behind Ali.,ea32aa90-9f18-574d-95a1-407be4c9cacf,base
A39C1BN9ZSQ0R2,1,7,context,1,egocentric_near,egocentric_near_context,in front of,behind,Ali is BLANK the painting. Ali turns around. The painting is behind Ali.,ea32aa90-9f18-574d-95a1-407be4c9cacf,base
A3H3BTRV6I3LYU,1,7,context,0,egocentric_near,egocentric_near_context,in front of,behind,Ali is BLANK the painting. Ali turns around. The painting is behind Ali.,ea32aa90-9f18-574d-95a1-407be4c9cacf,base
A9IPBD6C63ASJ,1,7,context,1,egocentric_near,egocentric_near_context,in front of,behind,Ali is BLANK the painting. Ali turns around. The painting is behind Ali.,ea32aa90-9f18-574d-95a1-407be4c9cacf,base
AF0M3066S5UF1,1,7,context,1,egocentric_near,egocentric_near_context,in front of,behind,Ali is BLANK the painting. Ali turns around. The painting is behind Ali.,ea32aa90-9f18-574d-95a1-407be4c9cacf,base
ALLAOJV83NU5Q,1,7,context,1,egocentric_near,egocentric_near_context,in front of,behind,Ali is BLANK the painting. Ali turns around. The painting is behind Ali.,ea32aa90-9f18-574d-95a1-407be4c9cacf,base
AOOLS8280CL0Z,1,7,context,1,egocentric_near,egocentric_near_context,in front of,behind,Ali is BLANK the painting. Ali turns around. The painting is behind Ali.,ea32aa90-9f18-574d-95a1-407be4c9cacf,base
APEPEEDYQTGMC,1,7,context,1,egocentric_near,egocentric_near_context,in front of,behind,Ali is BLANK the painting. Ali turns around. The painting is behind Ali.,ea32aa90-9f18-574d-95a1-407be4c9cacf,base
A11FXG88VL23K5,1,7,context,0,action_nonfollows,action_nonfollows_context,behind the statue,in front of the statue,Ali is BLANK. Ali turns around. Ali is behind the statue.,7d17626f-d7ad-50f5-8804-948780e275ec,base
A1DRNG1LGX8OA0,1,7,context,1,action_nonfollows,action_nonfollows_context,behind the statue,in front of the statue,Ali is BLANK. Ali turns around. Ali is behind the statue.,7d17626f-d7ad-50f5-8804-948780e275ec,base
A1I0DV4B4MFQCL,1,7,context,0,action_nonfollows,action_nonfollows_context,behind the statue,in front of the statue,Ali is BLANK. Ali turns around. Ali is behind the statue.,7d17626f-d7ad-50f5-8804-948780e275ec,base
A1OOCYEFLAJD98,1,7,context,1,action_nonfollows,action_nonfollows_context,behind the statue,in front of the statue,Ali is BLANK. Ali turns around. Ali is behind the statue.,7d17626f-d7ad-50f5-8804-948780e275ec,base
A1QWQI2ZV6TFOB,1,7,context,0,action_nonfollows,action_nonfollows_context,behind the statue,in front of the statue,Ali is BLANK. Ali turns around. Ali is behind the statue.,7d17626f-d7ad-50f5-8804-948780e275ec,base
A29Z9P7UNLDTU5,1,7,context,1,action_nonfollows,action_nonfollows_context,behind the statue,in front of the statue,Ali is BLANK. Ali turns around. Ali is behind the statue.,7d17626f-d7ad-50f5-8804-948780e275ec,base
A2ENGQJ6CBQSUP,1,7,context,0,action_nonfollows,action_nonfollows_context,behind the statue,in front of the statue,Ali is BLANK. Ali turns around. Ali is behind the statue.,7d17626f-d7ad-50f5-8804-948780e275ec,base
A2KDYSLV030FVX,1,7,context,0,action_nonfollows,action_nonfollows_context,behind the statue,in front of the statue,Ali is BLANK. Ali turns around. Ali is behind the statue.,7d17626f-d7ad-50f5-8804-948780e275ec,base
A2PAMXM5XJGGPO,1,7,context,0,action_nonfollows,action_nonfollows_context,behind the statue,in front of the statue,Ali is BLANK. Ali turns around. Ali is behind the statue.,7d17626f-d7ad-50f5-8804-948780e275ec,base
A2XFO0X6RCS98M,1,7,context,0,action_nonfollows,action_nonfollows_context,behind the statue,in front of the statue,Ali is BLANK. Ali turns around. Ali is behind the statue.,7d17626f-d7ad-50f5-8804-948780e275ec,base
A341XKSRZ58FJK,1,7,context,0,action_nonfollows,action_nonfollows_context,behind the statue,in front of the statue,Ali is BLANK. Ali turns around. Ali is behind the statue.,7d17626f-d7ad-50f5-8804-948780e275ec,base
A3760PCQD2MPIO,1,7,context,0,action_nonfollows,action_nonfollows_context,behind the statue,in front of the statue,Ali is BLANK. Ali turns around. Ali is behind the statue.,7d17626f-d7ad-50f5-8804-948780e275ec,base
A37E36IPU0BJX5,1,7,context,0,action_nonfollows,action_nonfollows_context,behind the statue,in front of the statue,Ali is BLANK. Ali turns around. Ali is behind the statue.,7d17626f-d7ad-50f5-8804-948780e275ec,base
A37GOI3N77WX21,1,7,context,0,action_nonfollows,action_nonfollows_context,behind the statue,in front of the statue,Ali is BLANK. Ali turns around. Ali is behind the statue.,7d17626f-d7ad-50f5-8804-948780e275ec,base
A39C1BN9ZSQ0R2,1,7,context,0,action_nonfollows,action_nonfollows_context,behind the statue,in front of the statue,Ali is BLANK. Ali turns around. Ali is behind the statue.,7d17626f-d7ad-50f5-8804-948780e275ec,base
A3H3BTRV6I3LYU,1,7,context,0,action_nonfollows,action_nonfollows_context,behind the statue,in front of the statue,Ali is BLANK. Ali turns around. Ali is behind the statue.,7d17626f-d7ad-50f5-8804-948780e275ec,base
A9IPBD6C63ASJ,1,7,context,0,action_nonfollows,action_nonfollows_context,behind the statue,in front of the statue,Ali is BLANK. Ali turns around. Ali is behind the statue.,7d17626f-d7ad-50f5-8804-948780e275ec,base
AF0M3066S5UF1,1,7,context,1,action_nonfollows,action_nonfollows_context,behind the statue,in front of the statue,Ali is BLANK. Ali turns around. Ali is behind the statue.,7d17626f-d7ad-50f5-8804-948780e275ec,base
ALLAOJV83NU5Q,1,7,context,1,action_nonfollows,action_nonfollows_context,behind the statue,in front of the statue,Ali is BLANK. Ali turns around. Ali is behind the statue.,7d17626f-d7ad-50f5-8804-948780e275ec,base
AOOLS8280CL0Z,1,7,context,1,action_nonfollows,action_nonfollows_context,behind the statue,in front of the statue,Ali is BLANK. Ali turns around. Ali is behind the statue.,7d17626f-d7ad-50f5-8804-948780e275ec,base
APEPEEDYQTGMC,1,7,context,1,action_nonfollows,action_nonfollows_context,behind the statue,in front of the statue,Ali is BLANK. Ali turns around. Ali is behind the statue.,7d17626f-d7ad-50f5-8804-948780e275ec,base
A11FXG88VL23K5,1,7,context,0,geocentric_distant,geocentric_distant_context,South,North,Ali is directly BLANK of Milwaukee. Ali walks West. Ali is Southwest of Milwaukee.,6fc3e325-93ce-5aec-bf73-393a4cdad0fd,base
A1DRNG1LGX8OA0,1,7,context,1,geocentric_distant,geocentric_distant_context,South,North,Ali is directly BLANK of Milwaukee. Ali walks West. Ali is Southwest of Milwaukee.,6fc3e325-93ce-5aec-bf73-393a4cdad0fd,base
A1I0DV4B4MFQCL,1,7,context,1,geocentric_distant,geocentric_distant_context,South,North,Ali is directly BLANK of Milwaukee. Ali walks West. Ali is Southwest of Milwaukee.,6fc3e325-93ce-5aec-bf73-393a4cdad0fd,base
A1OOCYEFLAJD98,1,7,context,0,geocentric_distant,geocentric_distant_context,South,North,Ali is directly BLANK of Milwaukee. Ali walks West. Ali is Southwest of Milwaukee.,6fc3e325-93ce-5aec-bf73-393a4cdad0fd,base
A1QWQI2ZV6TFOB,1,7,context,1,geocentric_distant,geocentric_distant_context,South,North,Ali is directly BLANK of Milwaukee. Ali walks West. Ali is Southwest of Milwaukee.,6fc3e325-93ce-5aec-bf73-393a4cdad0fd,base
A29Z9P7UNLDTU5,1,7,context,1,geocentric_distant,geocentric_distant_context,South,North,Ali is directly BLANK of Milwaukee. Ali walks West. Ali is Southwest of Milwaukee.,6fc3e325-93ce-5aec-bf73-393a4cdad0fd,base
A2ENGQJ6CBQSUP,1,7,context,1,geocentric_distant,geocentric_distant_context,South,North,Ali is directly BLANK of Milwaukee. Ali walks West. Ali is Southwest of Milwaukee.,6fc3e325-93ce-5aec-bf73-393a4cdad0fd,base
A2KDYSLV030FVX,1,7,context,1,geocentric_distant,geocentric_distant_context,South,North,Ali is directly BLANK of Milwaukee. Ali walks West. Ali is Southwest of Milwaukee.,6fc3e325-93ce-5aec-bf73-393a4cdad0fd,base
A2PAMXM5XJGGPO,1,7,context,1,geocentric_distant,geocentric_distant_context,South,North,Ali is directly BLANK of Milwaukee. Ali walks West. Ali is Southwest of Milwaukee.,6fc3e325-93ce-5aec-bf73-393a4cdad0fd,base
A2XFO0X6RCS98M,1,7,context,1,geocentric_distant,geocentric_distant_context,South,North,Ali is directly BLANK of Milwaukee. Ali walks West. Ali is Southwest of Milwaukee.,6fc3e325-93ce-5aec-bf73-393a4cdad0fd,base
A341XKSRZ58FJK,1,7,context,0,geocentric_distant,geocentric_distant_context,South,North,Ali is directly BLANK of Milwaukee. Ali walks West. Ali is Southwest of Milwaukee.,6fc3e325-93ce-5aec-bf73-393a4cdad0fd,base
A3760PCQD2MPIO,1,7,context,1,geocentric_distant,geocentric_distant_context,South,North,Ali is directly BLANK of Milwaukee. Ali walks West. Ali is Southwest of Milwaukee.,6fc3e325-93ce-5aec-bf73-393a4cdad0fd,base
A37E36IPU0BJX5,1,7,context,1,geocentric_distant,geocentric_distant_context,South,North,Ali is directly BLANK of Milwaukee. Ali walks West. Ali is Southwest of Milwaukee.,6fc3e325-93ce-5aec-bf73-393a4cdad0fd,base
A37GOI3N77WX21,1,7,context,1,geocentric_distant,geocentric_distant_context,South,North,Ali is directly BLANK of Milwaukee. Ali walks West. Ali is Southwest of Milwaukee.,6fc3e325-93ce-5aec-bf73-393a4cdad0fd,base
A39C1BN9ZSQ0R2,1,7,context,1,geocentric_distant,geocentric_distant_context,South,North,Ali is directly BLANK of Milwaukee. Ali walks West. Ali is Southwest of Milwaukee.,6fc3e325-93ce-5aec-bf73-393a4cdad0fd,base
A3H3BTRV6I3LYU,1,7,context,1,geocentric_distant,geocentric_distant_context,South,North,Ali is directly BLANK of Milwaukee. Ali walks West. Ali is Southwest of Milwaukee.,6fc3e325-93ce-5aec-bf73-393a4cdad0fd,base
A9IPBD6C63ASJ,1,7,context,0,geocentric_distant,geocentric_distant_context,South,North,Ali is directly BLANK of Milwaukee. Ali walks West. Ali is Southwest of Milwaukee.,6fc3e325-93ce-5aec-bf73-393a4cdad0fd,base
AF0M3066S5UF1,1,7,context,1,geocentric_distant,geocentric_distant_context,South,North,Ali is directly BLANK of Milwaukee. Ali walks West. Ali is Southwest of Milwaukee.,6fc3e325-93ce-5aec-bf73-393a4cdad0fd,base
ALLAOJV83NU5Q,1,7,context,1,geocentric_distant,geocentric_distant_context,South,North,Ali is directly BLANK of Milwaukee. Ali walks West. Ali is Southwest of Milwaukee.,6fc3e325-93ce-5aec-bf73-393a4cdad0fd,base
AOOLS8280CL0Z,1,7,context,0,geocentric_distant,geocentric_distant_context,South,North,Ali is directly BLANK of Milwaukee. Ali walks West. Ali is Southwest of Milwaukee.,6fc3e325-93ce-5aec-bf73-393a4cdad0fd,base
APEPEEDYQTGMC,1,7,context,0,geocentric_distant,geocentric_distant_context,South,North,Ali is directly BLANK of Milwaukee. Ali walks West. Ali is Southwest of Milwaukee.,6fc3e325-93ce-5aec-bf73-393a4cdad0fd,base
A11FXG88VL23K5,1,7,context,1,egocentric_distant,egocentric_distant_context,away from,towards,Ali is facing BLANK Chicago. Ali turns right. Chicago is right of Ali.,39df4f6b-043d-5c3d-ab43-8eca1b3abdc0,base
A1DRNG1LGX8OA0,1,7,context,1,egocentric_distant,egocentric_distant_context,away from,towards,Ali is facing BLANK Chicago. Ali turns right. Chicago is right of Ali.,39df4f6b-043d-5c3d-ab43-8eca1b3abdc0,base
A1I0DV4B4MFQCL,1,7,context,1,egocentric_distant,egocentric_distant_context,away from,towards,Ali is facing BLANK Chicago. Ali turns right. Chicago is right of Ali.,39df4f6b-043d-5c3d-ab43-8eca1b3abdc0,base
A1OOCYEFLAJD98,1,7,context,1,egocentric_distant,egocentric_distant_context,away from,towards,Ali is facing BLANK Chicago. Ali turns right. Chicago is right of Ali.,39df4f6b-043d-5c3d-ab43-8eca1b3abdc0,base
A1QWQI2ZV6TFOB,1,7,context,1,egocentric_distant,egocentric_distant_context,away from,towards,Ali is facing BLANK Chicago. Ali turns right. Chicago is right of Ali.,39df4f6b-043d-5c3d-ab43-8eca1b3abdc0,base
A29Z9P7UNLDTU5,1,7,context,1,egocentric_distant,egocentric_distant_context,away from,towards,Ali is facing BLANK Chicago. Ali turns right. Chicago is right of Ali.,39df4f6b-043d-5c3d-ab43-8eca1b3abdc0,base
A2ENGQJ6CBQSUP,1,7,context,1,egocentric_distant,egocentric_distant_context,away from,towards,Ali is facing BLANK Chicago. Ali turns right. Chicago is right of Ali.,39df4f6b-043d-5c3d-ab43-8eca1b3abdc0,base
A2KDYSLV030FVX,1,7,context,1,egocentric_distant,egocentric_distant_context,away from,towards,Ali is facing BLANK Chicago. Ali turns right. Chicago is right of Ali.,39df4f6b-043d-5c3d-ab43-8eca1b3abdc0,base
A2PAMXM5XJGGPO,1,7,context,1,egocentric_distant,egocentric_distant_context,away from,towards,Ali is facing BLANK Chicago. Ali turns right. Chicago is right of Ali.,39df4f6b-043d-5c3d-ab43-8eca1b3abdc0,base
A2XFO0X6RCS98M,1,7,context,1,egocentric_distant,egocentric_distant_context,away from,towards,Ali is facing BLANK Chicago. Ali turns right. Chicago is right of Ali.,39df4f6b-043d-5c3d-ab43-8eca1b3abdc0,base
A341XKSRZ58FJK,1,7,context,0,egocentric_distant,egocentric_distant_context,away from,towards,Ali is facing BLANK Chicago. Ali turns right. Chicago is right of Ali.,39df4f6b-043d-5c3d-ab43-8eca1b3abdc0,base
A3760PCQD2MPIO,1,7,context,1,egocentric_distant,egocentric_distant_context,away from,towards,Ali is facing BLANK Chicago. Ali turns right. Chicago is right of Ali.,39df4f6b-043d-5c3d-ab43-8eca1b3abdc0,base
A37E36IPU0BJX5,1,7,context,0,egocentric_distant,egocentric_distant_context,away from,towards,Ali is facing BLANK Chicago. Ali turns right. Chicago is right of Ali.,39df4f6b-043d-5c3d-ab43-8eca1b3abdc0,base
A37GOI3N77WX21,1,7,context,1,egocentric_distant,egocentric_distant_context,away from,towards,Ali is facing BLANK Chicago. Ali turns right. Chicago is right of Ali.,39df4f6b-043d-5c3d-ab43-8eca1b3abdc0,base
A39C1BN9ZSQ0R2,1,7,context,1,egocentric_distant,egocentric_distant_context,away from,towards,Ali is facing BLANK Chicago. Ali turns right. Chicago is right of Ali.,39df4f6b-043d-5c3d-ab43-8eca1b3abdc0,base
A3E8SXH0BAYG85,1,7,context,1,egocentric_distant,egocentric_distant_context,away from,towards,Ali is facing BLANK Chicago. Ali turns right. Chicago is right of Ali.,39df4f6b-043d-5c3d-ab43-8eca1b3abdc0,base
A3H3BTRV6I3LYU,1,7,context,1,egocentric_distant,egocentric_distant_context,away from,towards,Ali is facing BLANK Chicago. Ali turns right. Chicago is right of Ali.,39df4f6b-043d-5c3d-ab43-8eca1b3abdc0,base
A9IPBD6C63ASJ,1,7,context,1,egocentric_distant,egocentric_distant_context,away from,towards,Ali is facing BLANK Chicago. Ali turns right. Chicago is right of Ali.,39df4f6b-043d-5c3d-ab43-8eca1b3abdc0,base
AF0M3066S5UF1,1,7,context,1,egocentric_distant,egocentric_distant_context,away from,towards,Ali is facing BLANK Chicago. Ali turns right. Chicago is right of Ali.,39df4f6b-043d-5c3d-ab43-8eca1b3abdc0,base
ALLAOJV83NU5Q,1,7,context,1,egocentric_distant,egocentric_distant_context,away from,towards,Ali is facing BLANK Chicago. Ali turns right. Chicago is right of Ali.,39df4f6b-043d-5c3d-ab43-8eca1b3abdc0,base
AOOLS8280CL0Z,1,7,context,1,egocentric_distant,egocentric_distant_context,away from,towards,Ali is facing BLANK Chicago. Ali turns right. Chicago is right of Ali.,39df4f6b-043d-5c3d-ab43-8eca1b3abdc0,base
APEPEEDYQTGMC,1,7,context,1,egocentric_distant,egocentric_distant_context,away from,towards,Ali is facing BLANK Chicago. Ali turns right. Chicago is right of Ali.,39df4f6b-043d-5c3d-ab43-8eca1b3abdc0,base
A11FXG88VL23K5,1,7,context,1,egocentric_distant,egocentric_distant_context,towards,away from,Ali is facing BLANK Milwaukee. Ali turns around. Ali is facing away from Milwaukee.,63eb0666-c69b-5b8d-8f14-fa39d65a6c9c,base
A1DRNG1LGX8OA0,1,7,context,1,egocentric_distant,egocentric_distant_context,towards,away from,Ali is facing BLANK Milwaukee. Ali turns around. Ali is facing away from Milwaukee.,63eb0666-c69b-5b8d-8f14-fa39d65a6c9c,base
A1I0DV4B4MFQCL,1,7,context,1,egocentric_distant,egocentric_distant_context,towards,away from,Ali is facing BLANK Milwaukee. Ali turns around. Ali is facing away from Milwaukee.,63eb0666-c69b-5b8d-8f14-fa39d65a6c9c,base
A1OOCYEFLAJD98,1,7,context,1,egocentric_distant,egocentric_distant_context,towards,away from,Ali is facing BLANK Milwaukee. Ali turns around. Ali is facing away from Milwaukee.,63eb0666-c69b-5b8d-8f14-fa39d65a6c9c,base
A1QWQI2ZV6TFOB,1,7,context,1,egocentric_distant,egocentric_distant_context,towards,away from,Ali is facing BLANK Milwaukee. Ali turns around. Ali is facing away from Milwaukee.,63eb0666-c69b-5b8d-8f14-fa39d65a6c9c,base
A29Z9P7UNLDTU5,1,7,context,1,egocentric_distant,egocentric_distant_context,towards,away from,Ali is facing BLANK Milwaukee. Ali turns around. Ali is facing away from Milwaukee.,63eb0666-c69b-5b8d-8f14-fa39d65a6c9c,base
A2ENGQJ6CBQSUP,1,7,context,1,egocentric_distant,egocentric_distant_context,towards,away from,Ali is facing BLANK Milwaukee. Ali turns around. Ali is facing away from Milwaukee.,63eb0666-c69b-5b8d-8f14-fa39d65a6c9c,base
A2KDYSLV030FVX,1,7,context,0,egocentric_distant,egocentric_distant_context,towards,away from,Ali is facing BLANK Milwaukee. Ali turns around. Ali is facing away from Milwaukee.,63eb0666-c69b-5b8d-8f14-fa39d65a6c9c,base
A2PAMXM5XJGGPO,1,7,context,1,egocentric_distant,egocentric_distant_context,towards,away from,Ali is facing BLANK Milwaukee. Ali turns around. Ali is facing away from Milwaukee.,63eb0666-c69b-5b8d-8f14-fa39d65a6c9c,base
A2XFO0X6RCS98M,1,7,context,1,egocentric_distant,egocentric_distant_context,towards,away from,Ali is facing BLANK Milwaukee. Ali turns around. Ali is facing away from Milwaukee.,63eb0666-c69b-5b8d-8f14-fa39d65a6c9c,base
A341XKSRZ58FJK,1,7,context,1,egocentric_distant,egocentric_distant_context,towards,away from,Ali is facing BLANK Milwaukee. Ali turns around. Ali is facing away from Milwaukee.,63eb0666-c69b-5b8d-8f14-fa39d65a6c9c,base
A3760PCQD2MPIO,1,7,context,1,egocentric_distant,egocentric_distant_context,towards,away from,Ali is facing BLANK Milwaukee. Ali turns around. Ali is facing away from Milwaukee.,63eb0666-c69b-5b8d-8f14-fa39d65a6c9c,base
A37E36IPU0BJX5,1,7,context,0,egocentric_distant,egocentric_distant_context,towards,away from,Ali is facing BLANK Milwaukee. Ali turns around. Ali is facing away from Milwaukee.,63eb0666-c69b-5b8d-8f14-fa39d65a6c9c,base
A37GOI3N77WX21,1,7,context,1,egocentric_distant,egocentric_distant_context,towards,away from,Ali is facing BLANK Milwaukee. Ali turns around. Ali is facing away from Milwaukee.,63eb0666-c69b-5b8d-8f14-fa39d65a6c9c,base
A39C1BN9ZSQ0R2,1,7,context,1,egocentric_distant,egocentric_distant_context,towards,away from,Ali is facing BLANK Milwaukee. Ali turns around. Ali is facing away from Milwaukee.,63eb0666-c69b-5b8d-8f14-fa39d65a6c9c,base
A3E8SXH0BAYG85,1,7,context,1,egocentric_distant,egocentric_distant_context,towards,away from,Ali is facing BLANK Milwaukee. Ali turns around. Ali is facing away from Milwaukee.,63eb0666-c69b-5b8d-8f14-fa39d65a6c9c,base
A3H3BTRV6I3LYU,1,7,context,0,egocentric_distant,egocentric_distant_context,towards,away from,Ali is facing BLANK Milwaukee. Ali turns around. Ali is facing away from Milwaukee.,63eb0666-c69b-5b8d-8f14-fa39d65a6c9c,base
A9IPBD6C63ASJ,1,7,context,1,egocentric_distant,egocentric_distant_context,towards,away from,Ali is facing BLANK Milwaukee. Ali turns around. Ali is facing away from Milwaukee.,63eb0666-c69b-5b8d-8f14-fa39d65a6c9c,base
AF0M3066S5UF1,1,7,context,1,egocentric_distant,egocentric_distant_context,towards,away from,Ali is facing BLANK Milwaukee. Ali turns around. Ali is facing away from Milwaukee.,63eb0666-c69b-5b8d-8f14-fa39d65a6c9c,base
ALLAOJV83NU5Q,1,7,context,1,egocentric_distant,egocentric_distant_context,towards,away from,Ali is facing BLANK Milwaukee. Ali turns around. Ali is facing away from Milwaukee.,63eb0666-c69b-5b8d-8f14-fa39d65a6c9c,base
AOOLS8280CL0Z,1,7,context,0,egocentric_distant,egocentric_distant_context,towards,away from,Ali is facing BLANK Milwaukee. Ali turns around. Ali is facing away from Milwaukee.,63eb0666-c69b-5b8d-8f14-fa39d65a6c9c,base
APEPEEDYQTGMC,1,7,context,1,egocentric_distant,egocentric_distant_context,towards,away from,Ali is facing BLANK Milwaukee. Ali turns around. Ali is facing away from Milwaukee.,63eb0666-c69b-5b8d-8f14-fa39d65a6c9c,base
A11FXG88VL23K5,1,7,context,1,state_follows,state_follows_context,tile,carpet,Ali is standing on BLANK. Ali drops the glass. The glass breaks.,d689bf0a-3652-5ecb-87b8-d222631bd353,base
A1DRNG1LGX8OA0,1,7,context,1,state_follows,state_follows_context,tile,carpet,Ali is standing on BLANK. Ali drops the glass. The glass breaks.,d689bf0a-3652-5ecb-87b8-d222631bd353,base
A1I0DV4B4MFQCL,1,7,context,1,state_follows,state_follows_context,tile,carpet,Ali is standing on BLANK. Ali drops the glass. The glass breaks.,d689bf0a-3652-5ecb-87b8-d222631bd353,base
A1OOCYEFLAJD98,1,7,context,1,state_follows,state_follows_context,tile,carpet,Ali is standing on BLANK. Ali drops the glass. The glass breaks.,d689bf0a-3652-5ecb-87b8-d222631bd353,base
A1QWQI2ZV6TFOB,1,7,context,1,state_follows,state_follows_context,tile,carpet,Ali is standing on BLANK. Ali drops the glass. The glass breaks.,d689bf0a-3652-5ecb-87b8-d222631bd353,base
A29Z9P7UNLDTU5,1,7,context,1,state_follows,state_follows_context,tile,carpet,Ali is standing on BLANK. Ali drops the glass. The glass breaks.,d689bf0a-3652-5ecb-87b8-d222631bd353,base
A2ENGQJ6CBQSUP,1,7,context,1,state_follows,state_follows_context,tile,carpet,Ali is standing on BLANK. Ali drops the glass. The glass breaks.,d689bf0a-3652-5ecb-87b8-d222631bd353,base
A2KDYSLV030FVX,1,7,context,1,state_follows,state_follows_context,tile,carpet,Ali is standing on BLANK. Ali drops the glass. The glass breaks.,d689bf0a-3652-5ecb-87b8-d222631bd353,base
A2PAMXM5XJGGPO,1,7,context,1,state_follows,state_follows_context,tile,carpet,Ali is standing on BLANK. Ali drops the glass. The glass breaks.,d689bf0a-3652-5ecb-87b8-d222631bd353,base
A2XFO0X6RCS98M,1,7,context,1,state_follows,state_follows_context,tile,carpet,Ali is standing on BLANK. Ali drops the glass. The glass breaks.,d689bf0a-3652-5ecb-87b8-d222631bd353,base
A341XKSRZ58FJK,1,7,context,1,state_follows,state_follows_context,tile,carpet,Ali is standing on BLANK. Ali drops the glass. The glass breaks.,d689bf0a-3652-5ecb-87b8-d222631bd353,base
A3760PCQD2MPIO,1,7,context,1,state_follows,state_follows_context,tile,carpet,Ali is standing on BLANK. Ali drops the glass. The glass breaks.,d689bf0a-3652-5ecb-87b8-d222631bd353,base
A37E36IPU0BJX5,1,7,context,1,state_follows,state_follows_context,tile,carpet,Ali is standing on BLANK. Ali drops the glass. The glass breaks.,d689bf0a-3652-5ecb-87b8-d222631bd353,base
A37GOI3N77WX21,1,7,context,1,state_follows,state_follows_context,tile,carpet,Ali is standing on BLANK. Ali drops the glass. The glass breaks.,d689bf0a-3652-5ecb-87b8-d222631bd353,base
A39C1BN9ZSQ0R2,1,7,context,1,state_follows,state_follows_context,tile,carpet,Ali is standing on BLANK. Ali drops the glass. The glass breaks.,d689bf0a-3652-5ecb-87b8-d222631bd353,base
A3E8SXH0BAYG85,1,7,context,1,state_follows,state_follows_context,tile,carpet,Ali is standing on BLANK. Ali drops the glass. The glass breaks.,d689bf0a-3652-5ecb-87b8-d222631bd353,base
A3H3BTRV6I3LYU,1,7,context,1,state_follows,state_follows_context,tile,carpet,Ali is standing on BLANK. Ali drops the glass. The glass breaks.,d689bf0a-3652-5ecb-87b8-d222631bd353,base
A9IPBD6C63ASJ,1,7,context,1,state_follows,state_follows_context,tile,carpet,Ali is standing on BLANK. Ali drops the glass. The glass breaks.,d689bf0a-3652-5ecb-87b8-d222631bd353,base
AF0M3066S5UF1,1,7,context,1,state_follows,state_follows_context,tile,carpet,Ali is standing on BLANK. Ali drops the glass. The glass breaks.,d689bf0a-3652-5ecb-87b8-d222631bd353,base
ALLAOJV83NU5Q,1,7,context,1,state_follows,state_follows_context,tile,carpet,Ali is standing on BLANK. Ali drops the glass. The glass breaks.,d689bf0a-3652-5ecb-87b8-d222631bd353,base
AOOLS8280CL0Z,1,7,context,1,state_follows,state_follows_context,tile,carpet,Ali is standing on BLANK. Ali drops the glass. The glass breaks.,d689bf0a-3652-5ecb-87b8-d222631bd353,base
APEPEEDYQTGMC,1,7,context,1,state_follows,state_follows_context,tile,carpet,Ali is standing on BLANK. Ali drops the glass. The glass breaks.,d689bf0a-3652-5ecb-87b8-d222631bd353,base
A11FXG88VL23K5,1,7,context,0,egocentric_distant,egocentric_distant_context,in front of,behind,Chicago is BLANK Ali. Ali turns around. Chicago is behind Ali.,3e04e7df-712c-5547-b380-1ea67b997ea5,base
A1DRNG1LGX8OA0,1,7,context,1,egocentric_distant,egocentric_distant_context,in front of,behind,Chicago is BLANK Ali. Ali turns around. Chicago is behind Ali.,3e04e7df-712c-5547-b380-1ea67b997ea5,base
A1I0DV4B4MFQCL,1,7,context,1,egocentric_distant,egocentric_distant_context,in front of,behind,Chicago is BLANK Ali. Ali turns around. Chicago is behind Ali.,3e04e7df-712c-5547-b380-1ea67b997ea5,base
A1OOCYEFLAJD98,1,7,context,1,egocentric_distant,egocentric_distant_context,in front of,behind,Chicago is BLANK Ali. Ali turns around. Chicago is behind Ali.,3e04e7df-712c-5547-b380-1ea67b997ea5,base
A1QWQI2ZV6TFOB,1,7,context,1,egocentric_distant,egocentric_distant_context,in front of,behind,Chicago is BLANK Ali. Ali turns around. Chicago is behind Ali.,3e04e7df-712c-5547-b380-1ea67b997ea5,base
A29Z9P7UNLDTU5,1,7,context,1,egocentric_distant,egocentric_distant_context,in front of,behind,Chicago is BLANK Ali. Ali turns around. Chicago is behind Ali.,3e04e7df-712c-5547-b380-1ea67b997ea5,base
A2ENGQJ6CBQSUP,1,7,context,0,egocentric_distant,egocentric_distant_context,in front of,behind,Chicago is BLANK Ali. Ali turns around. Chicago is behind Ali.,3e04e7df-712c-5547-b380-1ea67b997ea5,base
A2KDYSLV030FVX,1,7,context,1,egocentric_distant,egocentric_distant_context,in front of,behind,Chicago is BLANK Ali. Ali turns around. Chicago is behind Ali.,3e04e7df-712c-5547-b380-1ea67b997ea5,base
A2PAMXM5XJGGPO,1,7,context,1,egocentric_distant,egocentric_distant_context,in front of,behind,Chicago is BLANK Ali. Ali turns around. Chicago is behind Ali.,3e04e7df-712c-5547-b380-1ea67b997ea5,base
A2XFO0X6RCS98M,1,7,context,1,egocentric_distant,egocentric_distant_context,in front of,behind,Chicago is BLANK Ali. Ali turns around. Chicago is behind Ali.,3e04e7df-712c-5547-b380-1ea67b997ea5,base
A341XKSRZ58FJK,1,7,context,1,egocentric_distant,egocentric_distant_context,in front of,behind,Chicago is BLANK Ali. Ali turns around. Chicago is behind Ali.,3e04e7df-712c-5547-b380-1ea67b997ea5,base
A3760PCQD2MPIO,1,7,context,1,egocentric_distant,egocentric_distant_context,in front of,behind,Chicago is BLANK Ali. Ali turns around. Chicago is behind Ali.,3e04e7df-712c-5547-b380-1ea67b997ea5,base
A37E36IPU0BJX5,1,7,context,0,egocentric_distant,egocentric_distant_context,in front of,behind,Chicago is BLANK Ali. Ali turns around. Chicago is behind Ali.,3e04e7df-712c-5547-b380-1ea67b997ea5,base
A37GOI3N77WX21,1,7,context,1,egocentric_distant,egocentric_distant_context,in front of,behind,Chicago is BLANK Ali. Ali turns around. Chicago is behind Ali.,3e04e7df-712c-5547-b380-1ea67b997ea5,base
A39C1BN9ZSQ0R2,1,7,context,1,egocentric_distant,egocentric_distant_context,in front of,behind,Chicago is BLANK Ali. Ali turns around. Chicago is behind Ali.,3e04e7df-712c-5547-b380-1ea67b997ea5,base
A3E8SXH0BAYG85,1,7,context,1,egocentric_distant,egocentric_distant_context,in front of,behind,Chicago is BLANK Ali. Ali turns around. Chicago is behind Ali.,3e04e7df-712c-5547-b380-1ea67b997ea5,base
A3H3BTRV6I3LYU,1,7,context,0,egocentric_distant,egocentric_distant_context,in front of,behind,Chicago is BLANK Ali. Ali turns around. Chicago is behind Ali.,3e04e7df-712c-5547-b380-1ea67b997ea5,base
A9IPBD6C63ASJ,1,7,context,1,egocentric_distant,egocentric_distant_context,in front of,behind,Chicago is BLANK Ali. Ali turns around. Chicago is behind Ali.,3e04e7df-712c-5547-b380-1ea67b997ea5,base
AF0M3066S5UF1,1,7,context,1,egocentric_distant,egocentric_distant_context,in front of,behind,Chicago is BLANK Ali. Ali turns around. Chicago is behind Ali.,3e04e7df-712c-5547-b380-1ea67b997ea5,base
ALLAOJV83NU5Q,1,7,context,1,egocentric_distant,egocentric_distant_context,in front of,behind,Chicago is BLANK Ali. Ali turns around. Chicago is behind Ali.,3e04e7df-712c-5547-b380-1ea67b997ea5,base
AOOLS8280CL0Z,1,7,context,1,egocentric_distant,egocentric_distant_context,in front of,behind,Chicago is BLANK Ali. Ali turns around. Chicago is behind Ali.,3e04e7df-712c-5547-b380-1ea67b997ea5,base
APEPEEDYQTGMC,1,7,context,1,egocentric_distant,egocentric_distant_context,in front of,behind,Chicago is BLANK Ali. Ali turns around. Chicago is behind Ali.,3e04e7df-712c-5547-b380-1ea67b997ea5,base
A11FXG88VL23K5,1,7,context,1,egocentric_distant,egocentric_distant_context,in front of,behind,Chicago is BLANK Ali. Ali turns right. Chicago is left of Ali.,27c72cf7-5d80-526d-9ace-d6625063dfe0,base
A1DRNG1LGX8OA0,1,7,context,0,egocentric_distant,egocentric_distant_context,in front of,behind,Chicago is BLANK Ali. Ali turns right. Chicago is left of Ali.,27c72cf7-5d80-526d-9ace-d6625063dfe0,base
A1I0DV4B4MFQCL,1,7,context,1,egocentric_distant,egocentric_distant_context,in front of,behind,Chicago is BLANK Ali. Ali turns right. Chicago is left of Ali.,27c72cf7-5d80-526d-9ace-d6625063dfe0,base
A1OOCYEFLAJD98,1,7,context,1,egocentric_distant,egocentric_distant_context,in front of,behind,Chicago is BLANK Ali. Ali turns right. Chicago is left of Ali.,27c72cf7-5d80-526d-9ace-d6625063dfe0,base
A1QWQI2ZV6TFOB,1,7,context,1,egocentric_distant,egocentric_distant_context,in front of,behind,Chicago is BLANK Ali. Ali turns right. Chicago is left of Ali.,27c72cf7-5d80-526d-9ace-d6625063dfe0,base
A29Z9P7UNLDTU5,1,7,context,1,egocentric_distant,egocentric_distant_context,in front of,behind,Chicago is BLANK Ali. Ali turns right. Chicago is left of Ali.,27c72cf7-5d80-526d-9ace-d6625063dfe0,base
A2ENGQJ6CBQSUP,1,7,context,1,egocentric_distant,egocentric_distant_context,in front of,behind,Chicago is BLANK Ali. Ali turns right. Chicago is left of Ali.,27c72cf7-5d80-526d-9ace-d6625063dfe0,base
A2KDYSLV030FVX,1,7,context,0,egocentric_distant,egocentric_distant_context,in front of,behind,Chicago is BLANK Ali. Ali turns right. Chicago is left of Ali.,27c72cf7-5d80-526d-9ace-d6625063dfe0,base
A2PAMXM5XJGGPO,1,7,context,1,egocentric_distant,egocentric_distant_context,in front of,behind,Chicago is BLANK Ali. Ali turns right. Chicago is left of Ali.,27c72cf7-5d80-526d-9ace-d6625063dfe0,base
A2XFO0X6RCS98M,1,7,context,1,egocentric_distant,egocentric_distant_context,in front of,behind,Chicago is BLANK Ali. Ali turns right. Chicago is left of Ali.,27c72cf7-5d80-526d-9ace-d6625063dfe0,base
A341XKSRZ58FJK,1,7,context,1,egocentric_distant,egocentric_distant_context,in front of,behind,Chicago is BLANK Ali. Ali turns right. Chicago is left of Ali.,27c72cf7-5d80-526d-9ace-d6625063dfe0,base
A3760PCQD2MPIO,1,7,context,0,egocentric_distant,egocentric_distant_context,in front of,behind,Chicago is BLANK Ali. Ali turns right. Chicago is left of Ali.,27c72cf7-5d80-526d-9ace-d6625063dfe0,base
A37E36IPU0BJX5,1,7,context,0,egocentric_distant,egocentric_distant_context,in front of,behind,Chicago is BLANK Ali. Ali turns right. Chicago is left of Ali.,27c72cf7-5d80-526d-9ace-d6625063dfe0,base
A37GOI3N77WX21,1,7,context,0,egocentric_distant,egocentric_distant_context,in front of,behind,Chicago is BLANK Ali. Ali turns right. Chicago is left of Ali.,27c72cf7-5d80-526d-9ace-d6625063dfe0,base
A39C1BN9ZSQ0R2,1,7,context,0,egocentric_distant,egocentric_distant_context,in front of,behind,Chicago is BLANK Ali. Ali turns right. Chicago is left of Ali.,27c72cf7-5d80-526d-9ace-d6625063dfe0,base
A3E8SXH0BAYG85,1,7,context,1,egocentric_distant,egocentric_distant_context,in front of,behind,Chicago is BLANK Ali. Ali turns right. Chicago is left of Ali.,27c72cf7-5d80-526d-9ace-d6625063dfe0,base
A3H3BTRV6I3LYU,1,7,context,1,egocentric_distant,egocentric_distant_context,in front of,behind,Chicago is BLANK Ali. Ali turns right. Chicago is left of Ali.,27c72cf7-5d80-526d-9ace-d6625063dfe0,base
A9IPBD6C63ASJ,1,7,context,0,egocentric_distant,egocentric_distant_context,in front of,behind,Chicago is BLANK Ali. Ali turns right. Chicago is left of Ali.,27c72cf7-5d80-526d-9ace-d6625063dfe0,base
AF0M3066S5UF1,1,7,context,1,egocentric_distant,egocentric_distant_context,in front of,behind,Chicago is BLANK Ali. Ali turns right. Chicago is left of Ali.,27c72cf7-5d80-526d-9ace-d6625063dfe0,base
ALLAOJV83NU5Q,1,7,context,1,egocentric_distant,egocentric_distant_context,in front of,behind,Chicago is BLANK Ali. Ali turns right. Chicago is left of Ali.,27c72cf7-5d80-526d-9ace-d6625063dfe0,base
AOOLS8280CL0Z,1,7,context,0,egocentric_distant,egocentric_distant_context,in front of,behind,Chicago is BLANK Ali. Ali turns right. Chicago is left of Ali.,27c72cf7-5d80-526d-9ace-d6625063dfe0,base
APEPEEDYQTGMC,1,7,context,1,egocentric_distant,egocentric_distant_context,in front of,behind,Chicago is BLANK Ali. Ali turns right. Chicago is left of Ali.,27c72cf7-5d80-526d-9ace-d6625063dfe0,base
A11FXG88VL23K5,1,7,context,1,egocentric_distant,egocentric_distant_context,left,right,Chicago is to Ali's BLANK. Ali turns right. Ali is facing away from Chicago.,4104d41b-4557-59d7-84ff-dc5a1d9250f9,base
A1DRNG1LGX8OA0,1,7,context,0,egocentric_distant,egocentric_distant_context,left,right,Chicago is to Ali's BLANK. Ali turns right. Ali is facing away from Chicago.,4104d41b-4557-59d7-84ff-dc5a1d9250f9,base
A1I0DV4B4MFQCL,1,7,context,1,egocentric_distant,egocentric_distant_context,left,right,Chicago is to Ali's BLANK. Ali turns right. Ali is facing away from Chicago.,4104d41b-4557-59d7-84ff-dc5a1d9250f9,base
A1OOCYEFLAJD98,1,7,context,1,egocentric_distant,egocentric_distant_context,left,right,Chicago is to Ali's BLANK. Ali turns right. Ali is facing away from Chicago.,4104d41b-4557-59d7-84ff-dc5a1d9250f9,base
A1QWQI2ZV6TFOB,1,7,context,1,egocentric_distant,egocentric_distant_context,left,right,Chicago is to Ali's BLANK. Ali turns right. Ali is facing away from Chicago.,4104d41b-4557-59d7-84ff-dc5a1d9250f9,base
A29Z9P7UNLDTU5,1,7,context,1,egocentric_distant,egocentric_distant_context,left,right,Chicago is to Ali's BLANK. Ali turns right. Ali is facing away from Chicago.,4104d41b-4557-59d7-84ff-dc5a1d9250f9,base
A2ENGQJ6CBQSUP,1,7,context,1,egocentric_distant,egocentric_distant_context,left,right,Chicago is to Ali's BLANK. Ali turns right. Ali is facing away from Chicago.,4104d41b-4557-59d7-84ff-dc5a1d9250f9,base
A2KDYSLV030FVX,1,7,context,1,egocentric_distant,egocentric_distant_context,left,right,Chicago is to Ali's BLANK. Ali turns right. Ali is facing away from Chicago.,4104d41b-4557-59d7-84ff-dc5a1d9250f9,base
A2PAMXM5XJGGPO,1,7,context,1,egocentric_distant,egocentric_distant_context,left,right,Chicago is to Ali's BLANK. Ali turns right. Ali is facing away from Chicago.,4104d41b-4557-59d7-84ff-dc5a1d9250f9,base
A2XFO0X6RCS98M,1,7,context,1,egocentric_distant,egocentric_distant_context,left,right,Chicago is to Ali's BLANK. Ali turns right. Ali is facing away from Chicago.,4104d41b-4557-59d7-84ff-dc5a1d9250f9,base
A341XKSRZ58FJK,1,7,context,1,egocentric_distant,egocentric_distant_context,left,right,Chicago is to Ali's BLANK. Ali turns right. Ali is facing away from Chicago.,4104d41b-4557-59d7-84ff-dc5a1d9250f9,base
A3760PCQD2MPIO,1,7,context,1,egocentric_distant,egocentric_distant_context,left,right,Chicago is to Ali's BLANK. Ali turns right. Ali is facing away from Chicago.,4104d41b-4557-59d7-84ff-dc5a1d9250f9,base
A37E36IPU0BJX5,1,7,context,1,egocentric_distant,egocentric_distant_context,left,right,Chicago is to Ali's BLANK. Ali turns right. Ali is facing away from Chicago.,4104d41b-4557-59d7-84ff-dc5a1d9250f9,base
A37GOI3N77WX21,1,7,context,1,egocentric_distant,egocentric_distant_context,left,right,Chicago is to Ali's BLANK. Ali turns right. Ali is facing away from Chicago.,4104d41b-4557-59d7-84ff-dc5a1d9250f9,base
A39C1BN9ZSQ0R2,1,7,context,1,egocentric_distant,egocentric_distant_context,left,right,Chicago is to Ali's BLANK. Ali turns right. Ali is facing away from Chicago.,4104d41b-4557-59d7-84ff-dc5a1d9250f9,base
A3E8SXH0BAYG85,1,7,context,1,egocentric_distant,egocentric_distant_context,left,right,Chicago is to Ali's BLANK. Ali turns right. Ali is facing away from Chicago.,4104d41b-4557-59d7-84ff-dc5a1d9250f9,base
A3H3BTRV6I3LYU,1,7,context,1,egocentric_distant,egocentric_distant_context,left,right,Chicago is to Ali's BLANK. Ali turns right. Ali is facing away from Chicago.,4104d41b-4557-59d7-84ff-dc5a1d9250f9,base
A9IPBD6C63ASJ,1,7,context,1,egocentric_distant,egocentric_distant_context,left,right,Chicago is to Ali's BLANK. Ali turns right. Ali is facing away from Chicago.,4104d41b-4557-59d7-84ff-dc5a1d9250f9,base
AF0M3066S5UF1,1,7,context,1,egocentric_distant,egocentric_distant_context,left,right,Chicago is to Ali's BLANK. Ali turns right. Ali is facing away from Chicago.,4104d41b-4557-59d7-84ff-dc5a1d9250f9,base
ALLAOJV83NU5Q,1,7,context,1,egocentric_distant,egocentric_distant_context,left,right,Chicago is to Ali's BLANK. Ali turns right. Ali is facing away from Chicago.,4104d41b-4557-59d7-84ff-dc5a1d9250f9,base
AOOLS8280CL0Z,1,7,context,0,egocentric_distant,egocentric_distant_context,left,right,Chicago is to Ali's BLANK. Ali turns right. Ali is facing away from Chicago.,4104d41b-4557-59d7-84ff-dc5a1d9250f9,base
APEPEEDYQTGMC,1,7,context,1,egocentric_distant,egocentric_distant_context,left,right,Chicago is to Ali's BLANK. Ali turns right. Ali is facing away from Chicago.,4104d41b-4557-59d7-84ff-dc5a1d9250f9,base
A11FXG88VL23K5,1,7,context,1,two_refs_geocentric,two_refs_geocentric_context,North,South,Mark and Ali are both directly East of Budapest. Mark walks BLANK. Ali is South of Mark.,8ee5478d-a04e-5da7-be82-139a10e98344,base
A1DRNG1LGX8OA0,1,7,context,1,two_refs_geocentric,two_refs_geocentric_context,North,South,Mark and Ali are both directly East of Budapest. Mark walks BLANK. Ali is South of Mark.,8ee5478d-a04e-5da7-be82-139a10e98344,base
A1I0DV4B4MFQCL,1,7,context,1,two_refs_geocentric,two_refs_geocentric_context,North,South,Mark and Ali are both directly East of Budapest. Mark walks BLANK. Ali is South of Mark.,8ee5478d-a04e-5da7-be82-139a10e98344,base
A1OOCYEFLAJD98,1,7,context,1,two_refs_geocentric,two_refs_geocentric_context,North,South,Mark and Ali are both directly East of Budapest. Mark walks BLANK. Ali is South of Mark.,8ee5478d-a04e-5da7-be82-139a10e98344,base
A1QWQI2ZV6TFOB,1,7,context,1,two_refs_geocentric,two_refs_geocentric_context,North,South,Mark and Ali are both directly East of Budapest. Mark walks BLANK. Ali is South of Mark.,8ee5478d-a04e-5da7-be82-139a10e98344,base
A29Z9P7UNLDTU5,1,7,context,1,two_refs_geocentric,two_refs_geocentric_context,North,South,Mark and Ali are both directly East of Budapest. Mark walks BLANK. Ali is South of Mark.,8ee5478d-a04e-5da7-be82-139a10e98344,base
A2ENGQJ6CBQSUP,1,7,context,1,two_refs_geocentric,two_refs_geocentric_context,North,South,Mark and Ali are both directly East of Budapest. Mark walks BLANK. Ali is South of Mark.,8ee5478d-a04e-5da7-be82-139a10e98344,base
A2KDYSLV030FVX,1,7,context,1,two_refs_geocentric,two_refs_geocentric_context,North,South,Mark and Ali are both directly East of Budapest. Mark walks BLANK. Ali is South of Mark.,8ee5478d-a04e-5da7-be82-139a10e98344,base
A2PAMXM5XJGGPO,1,7,context,1,two_refs_geocentric,two_refs_geocentric_context,North,South,Mark and Ali are both directly East of Budapest. Mark walks BLANK. Ali is South of Mark.,8ee5478d-a04e-5da7-be82-139a10e98344,base
A2XFO0X6RCS98M,1,7,context,1,two_refs_geocentric,two_refs_geocentric_context,North,South,Mark and Ali are both directly East of Budapest. Mark walks BLANK. Ali is South of Mark.,8ee5478d-a04e-5da7-be82-139a10e98344,base
A341XKSRZ58FJK,1,7,context,1,two_refs_geocentric,two_refs_geocentric_context,North,South,Mark and Ali are both directly East of Budapest. Mark walks BLANK. Ali is South of Mark.,8ee5478d-a04e-5da7-be82-139a10e98344,base
A3760PCQD2MPIO,1,7,context,1,two_refs_geocentric,two_refs_geocentric_context,North,South,Mark and Ali are both directly East of Budapest. Mark walks BLANK. Ali is South of Mark.,8ee5478d-a04e-5da7-be82-139a10e98344,base
A37E36IPU0BJX5,1,7,context,1,two_refs_geocentric,two_refs_geocentric_context,North,South,Mark and Ali are both directly East of Budapest. Mark walks BLANK. Ali is South of Mark.,8ee5478d-a04e-5da7-be82-139a10e98344,base
A37GOI3N77WX21,1,7,context,1,two_refs_geocentric,two_refs_geocentric_context,North,South,Mark and Ali are both directly East of Budapest. Mark walks BLANK. Ali is South of Mark.,8ee5478d-a04e-5da7-be82-139a10e98344,base
A39C1BN9ZSQ0R2,1,7,context,1,two_refs_geocentric,two_refs_geocentric_context,North,South,Mark and Ali are both directly East of Budapest. Mark walks BLANK. Ali is South of Mark.,8ee5478d-a04e-5da7-be82-139a10e98344,base
A3E8SXH0BAYG85,1,7,context,1,two_refs_geocentric,two_refs_geocentric_context,North,South,Mark and Ali are both directly East of Budapest. Mark walks BLANK. Ali is South of Mark.,8ee5478d-a04e-5da7-be82-139a10e98344,base
A3H3BTRV6I3LYU,1,7,context,0,two_refs_geocentric,two_refs_geocentric_context,North,South,Mark and Ali are both directly East of Budapest. Mark walks BLANK. Ali is South of Mark.,8ee5478d-a04e-5da7-be82-139a10e98344,base
A9IPBD6C63ASJ,1,7,context,1,two_refs_geocentric,two_refs_geocentric_context,North,South,Mark and Ali are both directly East of Budapest. Mark walks BLANK. Ali is South of Mark.,8ee5478d-a04e-5da7-be82-139a10e98344,base
AF0M3066S5UF1,1,7,context,1,two_refs_geocentric,two_refs_geocentric_context,North,South,Mark and Ali are both directly East of Budapest. Mark walks BLANK. Ali is South of Mark.,8ee5478d-a04e-5da7-be82-139a10e98344,base
ALLAOJV83NU5Q,1,7,context,1,two_refs_geocentric,two_refs_geocentric_context,North,South,Mark and Ali are both directly East of Budapest. Mark walks BLANK. Ali is South of Mark.,8ee5478d-a04e-5da7-be82-139a10e98344,base
AOOLS8280CL0Z,1,7,context,1,two_refs_geocentric,two_refs_geocentric_context,North,South,Mark and Ali are both directly East of Budapest. Mark walks BLANK. Ali is South of Mark.,8ee5478d-a04e-5da7-be82-139a10e98344,base
APEPEEDYQTGMC,1,7,context,0,two_refs_geocentric,two_refs_geocentric_context,North,South,Mark and Ali are both directly East of Budapest. Mark walks BLANK. Ali is South of Mark.,8ee5478d-a04e-5da7-be82-139a10e98344,base
A11FXG88VL23K5,1,7,context,0,two_refs_egocentric,two_refs_egocentric_context,in front of,behind,Mark is BLANK Ali. Ali turns around. Ali is facing away from Mark.,2c841e17-394f-5b7f-a383-3de4d6d60b98,base
A1DRNG1LGX8OA0,1,7,context,1,two_refs_egocentric,two_refs_egocentric_context,in front of,behind,Mark is BLANK Ali. Ali turns around. Ali is facing away from Mark.,2c841e17-394f-5b7f-a383-3de4d6d60b98,base
A1I0DV4B4MFQCL,1,7,context,1,two_refs_egocentric,two_refs_egocentric_context,in front of,behind,Mark is BLANK Ali. Ali turns around. Ali is facing away from Mark.,2c841e17-394f-5b7f-a383-3de4d6d60b98,base
A1OOCYEFLAJD98,1,7,context,1,two_refs_egocentric,two_refs_egocentric_context,in front of,behind,Mark is BLANK Ali. Ali turns around. Ali is facing away from Mark.,2c841e17-394f-5b7f-a383-3de4d6d60b98,base
A1QWQI2ZV6TFOB,1,7,context,1,two_refs_egocentric,two_refs_egocentric_context,in front of,behind,Mark is BLANK Ali. Ali turns around. Ali is facing away from Mark.,2c841e17-394f-5b7f-a383-3de4d6d60b98,base
A29Z9P7UNLDTU5,1,7,context,1,two_refs_egocentric,two_refs_egocentric_context,in front of,behind,Mark is BLANK Ali. Ali turns around. Ali is facing away from Mark.,2c841e17-394f-5b7f-a383-3de4d6d60b98,base
A2ENGQJ6CBQSUP,1,7,context,0,two_refs_egocentric,two_refs_egocentric_context,in front of,behind,Mark is BLANK Ali. Ali turns around. Ali is facing away from Mark.,2c841e17-394f-5b7f-a383-3de4d6d60b98,base
A2KDYSLV030FVX,1,7,context,1,two_refs_egocentric,two_refs_egocentric_context,in front of,behind,Mark is BLANK Ali. Ali turns around. Ali is facing away from Mark.,2c841e17-394f-5b7f-a383-3de4d6d60b98,base
A2PAMXM5XJGGPO,1,7,context,1,two_refs_egocentric,two_refs_egocentric_context,in front of,behind,Mark is BLANK Ali. Ali turns around. Ali is facing away from Mark.,2c841e17-394f-5b7f-a383-3de4d6d60b98,base
A2XFO0X6RCS98M,1,7,context,1,two_refs_egocentric,two_refs_egocentric_context,in front of,behind,Mark is BLANK Ali. Ali turns around. Ali is facing away from Mark.,2c841e17-394f-5b7f-a383-3de4d6d60b98,base
A341XKSRZ58FJK,1,7,context,1,two_refs_egocentric,two_refs_egocentric_context,in front of,behind,Mark is BLANK Ali. Ali turns around. Ali is facing away from Mark.,2c841e17-394f-5b7f-a383-3de4d6d60b98,base
A3760PCQD2MPIO,1,7,context,0,two_refs_egocentric,two_refs_egocentric_context,in front of,behind,Mark is BLANK Ali. Ali turns around. Ali is facing away from Mark.,2c841e17-394f-5b7f-a383-3de4d6d60b98,base
A37E36IPU0BJX5,1,7,context,1,two_refs_egocentric,two_refs_egocentric_context,in front of,behind,Mark is BLANK Ali. Ali turns around. Ali is facing away from Mark.,2c841e17-394f-5b7f-a383-3de4d6d60b98,base
A37GOI3N77WX21,1,7,context,0,two_refs_egocentric,two_refs_egocentric_context,in front of,behind,Mark is BLANK Ali. Ali turns around. Ali is facing away from Mark.,2c841e17-394f-5b7f-a383-3de4d6d60b98,base
A39C1BN9ZSQ0R2,1,7,context,1,two_refs_egocentric,two_refs_egocentric_context,in front of,behind,Mark is BLANK Ali. Ali turns around. Ali is facing away from Mark.,2c841e17-394f-5b7f-a383-3de4d6d60b98,base
A3E8SXH0BAYG85,1,7,context,1,two_refs_egocentric,two_refs_egocentric_context,in front of,behind,Mark is BLANK Ali. Ali turns around. Ali is facing away from Mark.,2c841e17-394f-5b7f-a383-3de4d6d60b98,base
A3H3BTRV6I3LYU,1,7,context,1,two_refs_egocentric,two_refs_egocentric_context,in front of,behind,Mark is BLANK Ali. Ali turns around. Ali is facing away from Mark.,2c841e17-394f-5b7f-a383-3de4d6d60b98,base
A9IPBD6C63ASJ,1,7,context,1,two_refs_egocentric,two_refs_egocentric_context,in front of,behind,Mark is BLANK Ali. Ali turns around. Ali is facing away from Mark.,2c841e17-394f-5b7f-a383-3de4d6d60b98,base
AF0M3066S5UF1,1,7,context,1,two_refs_egocentric,two_refs_egocentric_context,in front of,behind,Mark is BLANK Ali. Ali turns around. Ali is facing away from Mark.,2c841e17-394f-5b7f-a383-3de4d6d60b98,base
ALLAOJV83NU5Q,1,7,context,1,two_refs_egocentric,two_refs_egocentric_context,in front of,behind,Mark is BLANK Ali. Ali turns around. Ali is facing away from Mark.,2c841e17-394f-5b7f-a383-3de4d6d60b98,base
AOOLS8280CL0Z,1,7,context,1,two_refs_egocentric,two_refs_egocentric_context,in front of,behind,Mark is BLANK Ali. Ali turns around. Ali is facing away from Mark.,2c841e17-394f-5b7f-a383-3de4d6d60b98,base
APEPEEDYQTGMC,1,7,context,1,two_refs_egocentric,two_refs_egocentric_context,in front of,behind,Mark is BLANK Ali. Ali turns around. Ali is facing away from Mark.,2c841e17-394f-5b7f-a383-3de4d6d60b98,base
A11FXG88VL23K5,1,7,context,1,two_refs_geocentric,two_refs_geocentric_context,West,East,Mark is BLANK of Ali facing East. Ali is East of Mark facing West. Mark is facing towards Ali.,d88cd359-fee1-5421-b204-da79447cd71c,base
A1DRNG1LGX8OA0,1,7,context,1,two_refs_geocentric,two_refs_geocentric_context,West,East,Mark is BLANK of Ali facing East. Ali is East of Mark facing West. Mark is facing towards Ali.,d88cd359-fee1-5421-b204-da79447cd71c,base
A1I0DV4B4MFQCL,1,7,context,1,two_refs_geocentric,two_refs_geocentric_context,West,East,Mark is BLANK of Ali facing East. Ali is East of Mark facing West. Mark is facing towards Ali.,d88cd359-fee1-5421-b204-da79447cd71c,base
A1OOCYEFLAJD98,1,7,context,1,two_refs_geocentric,two_refs_geocentric_context,West,East,Mark is BLANK of Ali facing East. Ali is East of Mark facing West. Mark is facing towards Ali.,d88cd359-fee1-5421-b204-da79447cd71c,base
A1QWQI2ZV6TFOB,1,7,context,1,two_refs_geocentric,two_refs_geocentric_context,West,East,Mark is BLANK of Ali facing East. Ali is East of Mark facing West. Mark is facing towards Ali.,d88cd359-fee1-5421-b204-da79447cd71c,base
A29Z9P7UNLDTU5,1,7,context,0,two_refs_geocentric,two_refs_geocentric_context,West,East,Mark is BLANK of Ali facing East. Ali is East of Mark facing West. Mark is facing towards Ali.,d88cd359-fee1-5421-b204-da79447cd71c,base
A2ENGQJ6CBQSUP,1,7,context,0,two_refs_geocentric,two_refs_geocentric_context,West,East,Mark is BLANK of Ali facing East. Ali is East of Mark facing West. Mark is facing towards Ali.,d88cd359-fee1-5421-b204-da79447cd71c,base
A2KDYSLV030FVX,1,7,context,1,two_refs_geocentric,two_refs_geocentric_context,West,East,Mark is BLANK of Ali facing East. Ali is East of Mark facing West. Mark is facing towards Ali.,d88cd359-fee1-5421-b204-da79447cd71c,base
A2PAMXM5XJGGPO,1,7,context,1,two_refs_geocentric,two_refs_geocentric_context,West,East,Mark is BLANK of Ali facing East. Ali is East of Mark facing West. Mark is facing towards Ali.,d88cd359-fee1-5421-b204-da79447cd71c,base
A2XFO0X6RCS98M,1,7,context,1,two_refs_geocentric,two_refs_geocentric_context,West,East,Mark is BLANK of Ali facing East. Ali is East of Mark facing West. Mark is facing towards Ali.,d88cd359-fee1-5421-b204-da79447cd71c,base
A341XKSRZ58FJK,1,7,context,1,two_refs_geocentric,two_refs_geocentric_context,West,East,Mark is BLANK of Ali facing East. Ali is East of Mark facing West. Mark is facing towards Ali.,d88cd359-fee1-5421-b204-da79447cd71c,base
A3760PCQD2MPIO,1,7,context,0,two_refs_geocentric,two_refs_geocentric_context,West,East,Mark is BLANK of Ali facing East. Ali is East of Mark facing West. Mark is facing towards Ali.,d88cd359-fee1-5421-b204-da79447cd71c,base
A37E36IPU0BJX5,1,7,context,1,two_refs_geocentric,two_refs_geocentric_context,West,East,Mark is BLANK of Ali facing East. Ali is East of Mark facing West. Mark is facing towards Ali.,d88cd359-fee1-5421-b204-da79447cd71c,base
A37GOI3N77WX21,1,7,context,0,two_refs_geocentric,two_refs_geocentric_context,West,East,Mark is BLANK of Ali facing East. Ali is East of Mark facing West. Mark is facing towards Ali.,d88cd359-fee1-5421-b204-da79447cd71c,base
A39C1BN9ZSQ0R2,1,7,context,1,two_refs_geocentric,two_refs_geocentric_context,West,East,Mark is BLANK of Ali facing East. Ali is East of Mark facing West. Mark is facing towards Ali.,d88cd359-fee1-5421-b204-da79447cd71c,base
A3H3BTRV6I3LYU,1,7,context,1,two_refs_geocentric,two_refs_geocentric_context,West,East,Mark is BLANK of Ali facing East. Ali is East of Mark facing West. Mark is facing towards Ali.,d88cd359-fee1-5421-b204-da79447cd71c,base
A9IPBD6C63ASJ,1,7,context,0,two_refs_geocentric,two_refs_geocentric_context,West,East,Mark is BLANK of Ali facing East. Ali is East of Mark facing West. Mark is facing towards Ali.,d88cd359-fee1-5421-b204-da79447cd71c,base
AF0M3066S5UF1,1,7,context,1,two_refs_geocentric,two_refs_geocentric_context,West,East,Mark is BLANK of Ali facing East. Ali is East of Mark facing West. Mark is facing towards Ali.,d88cd359-fee1-5421-b204-da79447cd71c,base
ALLAOJV83NU5Q,1,7,context,1,two_refs_geocentric,two_refs_geocentric_context,West,East,Mark is BLANK of Ali facing East. Ali is East of Mark facing West. Mark is facing towards Ali.,d88cd359-fee1-5421-b204-da79447cd71c,base
AOOLS8280CL0Z,1,7,context,0,two_refs_geocentric,two_refs_geocentric_context,West,East,Mark is BLANK of Ali facing East. Ali is East of Mark facing West. Mark is facing towards Ali.,d88cd359-fee1-5421-b204-da79447cd71c,base
APEPEEDYQTGMC,1,7,context,0,two_refs_geocentric,two_refs_geocentric_context,West,East,Mark is BLANK of Ali facing East. Ali is East of Mark facing West. Mark is facing towards Ali.,d88cd359-fee1-5421-b204-da79447cd71c,base
A11FXG88VL23K5,1,7,context,0,two_refs_geocentric,two_refs_geocentric_context,away from,towards,Mark is North of Budapest and Ali is South of Budapest. Ali walks directly BLANK Mark. Ali is walking South.,51d41ac1-cf08-5458-8208-4162c1e865f6,base
A1DRNG1LGX8OA0,1,7,context,1,two_refs_geocentric,two_refs_geocentric_context,away from,towards,Mark is North of Budapest and Ali is South of Budapest. Ali walks directly BLANK Mark. Ali is walking South.,51d41ac1-cf08-5458-8208-4162c1e865f6,base
A1I0DV4B4MFQCL,1,7,context,1,two_refs_geocentric,two_refs_geocentric_context,away from,towards,Mark is North of Budapest and Ali is South of Budapest. Ali walks directly BLANK Mark. Ali is walking South.,51d41ac1-cf08-5458-8208-4162c1e865f6,base
A1OOCYEFLAJD98,1,7,context,1,two_refs_geocentric,two_refs_geocentric_context,away from,towards,Mark is North of Budapest and Ali is South of Budapest. Ali walks directly BLANK Mark. Ali is walking South.,51d41ac1-cf08-5458-8208-4162c1e865f6,base
A1QWQI2ZV6TFOB,1,7,context,1,two_refs_geocentric,two_refs_geocentric_context,away from,towards,Mark is North of Budapest and Ali is South of Budapest. Ali walks directly BLANK Mark. Ali is walking South.,51d41ac1-cf08-5458-8208-4162c1e865f6,base
A29Z9P7UNLDTU5,1,7,context,1,two_refs_geocentric,two_refs_geocentric_context,away from,towards,Mark is North of Budapest and Ali is South of Budapest. Ali walks directly BLANK Mark. Ali is walking South.,51d41ac1-cf08-5458-8208-4162c1e865f6,base
A2ENGQJ6CBQSUP,1,7,context,1,two_refs_geocentric,two_refs_geocentric_context,away from,towards,Mark is North of Budapest and Ali is South of Budapest. Ali walks directly BLANK Mark. Ali is walking South.,51d41ac1-cf08-5458-8208-4162c1e865f6,base
A2KDYSLV030FVX,1,7,context,0,two_refs_geocentric,two_refs_geocentric_context,away from,towards,Mark is North of Budapest and Ali is South of Budapest. Ali walks directly BLANK Mark. Ali is walking South.,51d41ac1-cf08-5458-8208-4162c1e865f6,base
A2PAMXM5XJGGPO,1,7,context,1,two_refs_geocentric,two_refs_geocentric_context,away from,towards,Mark is North of Budapest and Ali is South of Budapest. Ali walks directly BLANK Mark. Ali is walking South.,51d41ac1-cf08-5458-8208-4162c1e865f6,base
A2XFO0X6RCS98M,1,7,context,1,two_refs_geocentric,two_refs_geocentric_context,away from,towards,Mark is North of Budapest and Ali is South of Budapest. Ali walks directly BLANK Mark. Ali is walking South.,51d41ac1-cf08-5458-8208-4162c1e865f6,base
A341XKSRZ58FJK,1,7,context,1,two_refs_geocentric,two_refs_geocentric_context,away from,towards,Mark is North of Budapest and Ali is South of Budapest. Ali walks directly BLANK Mark. Ali is walking South.,51d41ac1-cf08-5458-8208-4162c1e865f6,base
A3760PCQD2MPIO,1,7,context,1,two_refs_geocentric,two_refs_geocentric_context,away from,towards,Mark is North of Budapest and Ali is South of Budapest. Ali walks directly BLANK Mark. Ali is walking South.,51d41ac1-cf08-5458-8208-4162c1e865f6,base
A37E36IPU0BJX5,1,7,context,0,two_refs_geocentric,two_refs_geocentric_context,away from,towards,Mark is North of Budapest and Ali is South of Budapest. Ali walks directly BLANK Mark. Ali is walking South.,51d41ac1-cf08-5458-8208-4162c1e865f6,base
A37GOI3N77WX21,1,7,context,0,two_refs_geocentric,two_refs_geocentric_context,away from,towards,Mark is North of Budapest and Ali is South of Budapest. Ali walks directly BLANK Mark. Ali is walking South.,51d41ac1-cf08-5458-8208-4162c1e865f6,base
A39C1BN9ZSQ0R2,1,7,context,1,two_refs_geocentric,two_refs_geocentric_context,away from,towards,Mark is North of Budapest and Ali is South of Budapest. Ali walks directly BLANK Mark. Ali is walking South.,51d41ac1-cf08-5458-8208-4162c1e865f6,base
A3E8SXH0BAYG85,1,7,context,1,two_refs_geocentric,two_refs_geocentric_context,away from,towards,Mark is North of Budapest and Ali is South of Budapest. Ali walks directly BLANK Mark. Ali is walking South.,51d41ac1-cf08-5458-8208-4162c1e865f6,base
A3H3BTRV6I3LYU,1,7,context,0,two_refs_geocentric,two_refs_geocentric_context,away from,towards,Mark is North of Budapest and Ali is South of Budapest. Ali walks directly BLANK Mark. Ali is walking South.,51d41ac1-cf08-5458-8208-4162c1e865f6,base
A9IPBD6C63ASJ,1,7,context,0,two_refs_geocentric,two_refs_geocentric_context,away from,towards,Mark is North of Budapest and Ali is South of Budapest. Ali walks directly BLANK Mark. Ali is walking South.,51d41ac1-cf08-5458-8208-4162c1e865f6,base
AF0M3066S5UF1,1,7,context,1,two_refs_geocentric,two_refs_geocentric_context,away from,towards,Mark is North of Budapest and Ali is South of Budapest. Ali walks directly BLANK Mark. Ali is walking South.,51d41ac1-cf08-5458-8208-4162c1e865f6,base
ALLAOJV83NU5Q,1,7,context,1,two_refs_geocentric,two_refs_geocentric_context,away from,towards,Mark is North of Budapest and Ali is South of Budapest. Ali walks directly BLANK Mark. Ali is walking South.,51d41ac1-cf08-5458-8208-4162c1e865f6,base
AOOLS8280CL0Z,1,7,context,0,two_refs_geocentric,two_refs_geocentric_context,away from,towards,Mark is North of Budapest and Ali is South of Budapest. Ali walks directly BLANK Mark. Ali is walking South.,51d41ac1-cf08-5458-8208-4162c1e865f6,base
APEPEEDYQTGMC,1,7,context,0,two_refs_geocentric,two_refs_geocentric_context,away from,towards,Mark is North of Budapest and Ali is South of Budapest. Ali walks directly BLANK Mark. Ali is walking South.,51d41ac1-cf08-5458-8208-4162c1e865f6,base
A11FXG88VL23K5,1,7,context,0,two_refs_egocentric,two_refs_egocentric_context,away from,towards,Mark is facing BLANK Ali. Ali turns around. Mark is facing away Ali.,895de9d1-e0d1-5c72-8735-26632183eb17,base
A1DRNG1LGX8OA0,1,7,context,0,two_refs_egocentric,two_refs_egocentric_context,away from,towards,Mark is facing BLANK Ali. Ali turns around. Mark is facing away Ali.,895de9d1-e0d1-5c72-8735-26632183eb17,base
A1I0DV4B4MFQCL,1,7,context,0,two_refs_egocentric,two_refs_egocentric_context,away from,towards,Mark is facing BLANK Ali. Ali turns around. Mark is facing away Ali.,895de9d1-e0d1-5c72-8735-26632183eb17,base
A1OOCYEFLAJD98,1,7,context,0,two_refs_egocentric,two_refs_egocentric_context,away from,towards,Mark is facing BLANK Ali. Ali turns around. Mark is facing away Ali.,895de9d1-e0d1-5c72-8735-26632183eb17,base
A1QWQI2ZV6TFOB,1,7,context,0,two_refs_egocentric,two_refs_egocentric_context,away from,towards,Mark is facing BLANK Ali. Ali turns around. Mark is facing away Ali.,895de9d1-e0d1-5c72-8735-26632183eb17,base
A29Z9P7UNLDTU5,1,7,context,0,two_refs_egocentric,two_refs_egocentric_context,away from,towards,Mark is facing BLANK Ali. Ali turns around. Mark is facing away Ali.,895de9d1-e0d1-5c72-8735-26632183eb17,base
A2ENGQJ6CBQSUP,1,7,context,1,two_refs_egocentric,two_refs_egocentric_context,away from,towards,Mark is facing BLANK Ali. Ali turns around. Mark is facing away Ali.,895de9d1-e0d1-5c72-8735-26632183eb17,base
A2KDYSLV030FVX,1,7,context,0,two_refs_egocentric,two_refs_egocentric_context,away from,towards,Mark is facing BLANK Ali. Ali turns around. Mark is facing away Ali.,895de9d1-e0d1-5c72-8735-26632183eb17,base
A2PAMXM5XJGGPO,1,7,context,1,two_refs_egocentric,two_refs_egocentric_context,away from,towards,Mark is facing BLANK Ali. Ali turns around. Mark is facing away Ali.,895de9d1-e0d1-5c72-8735-26632183eb17,base
A2XFO0X6RCS98M,1,7,context,0,two_refs_egocentric,two_refs_egocentric_context,away from,towards,Mark is facing BLANK Ali. Ali turns around. Mark is facing away Ali.,895de9d1-e0d1-5c72-8735-26632183eb17,base
A341XKSRZ58FJK,1,7,context,0,two_refs_egocentric,two_refs_egocentric_context,away from,towards,Mark is facing BLANK Ali. Ali turns around. Mark is facing away Ali.,895de9d1-e0d1-5c72-8735-26632183eb17,base
A3760PCQD2MPIO,1,7,context,0,two_refs_egocentric,two_refs_egocentric_context,away from,towards,Mark is facing BLANK Ali. Ali turns around. Mark is facing away Ali.,895de9d1-e0d1-5c72-8735-26632183eb17,base
A37E36IPU0BJX5,1,7,context,1,two_refs_egocentric,two_refs_egocentric_context,away from,towards,Mark is facing BLANK Ali. Ali turns around. Mark is facing away Ali.,895de9d1-e0d1-5c72-8735-26632183eb17,base
A37GOI3N77WX21,1,7,context,0,two_refs_egocentric,two_refs_egocentric_context,away from,towards,Mark is facing BLANK Ali. Ali turns around. Mark is facing away Ali.,895de9d1-e0d1-5c72-8735-26632183eb17,base
A39C1BN9ZSQ0R2,1,7,context,0,two_refs_egocentric,two_refs_egocentric_context,away from,towards,Mark is facing BLANK Ali. Ali turns around. Mark is facing away Ali.,895de9d1-e0d1-5c72-8735-26632183eb17,base
A3E8SXH0BAYG85,1,7,context,1,two_refs_egocentric,two_refs_egocentric_context,away from,towards,Mark is facing BLANK Ali. Ali turns around. Mark is facing away Ali.,895de9d1-e0d1-5c72-8735-26632183eb17,base
A3H3BTRV6I3LYU,1,7,context,0,two_refs_egocentric,two_refs_egocentric_context,away from,towards,Mark is facing BLANK Ali. Ali turns around. Mark is facing away Ali.,895de9d1-e0d1-5c72-8735-26632183eb17,base
A9IPBD6C63ASJ,1,7,context,1,two_refs_egocentric,two_refs_egocentric_context,away from,towards,Mark is facing BLANK Ali. Ali turns around. Mark is facing away Ali.,895de9d1-e0d1-5c72-8735-26632183eb17,base
AF0M3066S5UF1,1,7,context,1,two_refs_egocentric,two_refs_egocentric_context,away from,towards,Mark is facing BLANK Ali. Ali turns around. Mark is facing away Ali.,895de9d1-e0d1-5c72-8735-26632183eb17,base
ALLAOJV83NU5Q,1,7,context,1,two_refs_egocentric,two_refs_egocentric_context,away from,towards,Mark is facing BLANK Ali. Ali turns around. Mark is facing away Ali.,895de9d1-e0d1-5c72-8735-26632183eb17,base
AOOLS8280CL0Z,1,7,context,0,two_refs_egocentric,two_refs_egocentric_context,away from,towards,Mark is facing BLANK Ali. Ali turns around. Mark is facing away Ali.,895de9d1-e0d1-5c72-8735-26632183eb17,base
APEPEEDYQTGMC,1,7,context,1,two_refs_egocentric,two_refs_egocentric_context,away from,towards,Mark is facing BLANK Ali. Ali turns around. Mark is facing away Ali.,895de9d1-e0d1-5c72-8735-26632183eb17,base
A11FXG88VL23K5,1,7,context,1,two_refs_egocentric,two_refs_egocentric_context,right,left,Mark is facing BLANK and Ali is facing left. Mark turns to his left. Mark is facing towards Ali.,7de47fb4-c4b1-5b47-be35-ade455a74837,base
A1DRNG1LGX8OA0,1,7,context,1,two_refs_egocentric,two_refs_egocentric_context,right,left,Mark is facing BLANK and Ali is facing left. Mark turns to his left. Mark is facing towards Ali.,7de47fb4-c4b1-5b47-be35-ade455a74837,base
A1I0DV4B4MFQCL,1,7,context,0,two_refs_egocentric,two_refs_egocentric_context,right,left,Mark is facing BLANK and Ali is facing left. Mark turns to his left. Mark is facing towards Ali.,7de47fb4-c4b1-5b47-be35-ade455a74837,base
A1OOCYEFLAJD98,1,7,context,1,two_refs_egocentric,two_refs_egocentric_context,right,left,Mark is facing BLANK and Ali is facing left. Mark turns to his left. Mark is facing towards Ali.,7de47fb4-c4b1-5b47-be35-ade455a74837,base
A1QWQI2ZV6TFOB,1,7,context,1,two_refs_egocentric,two_refs_egocentric_context,right,left,Mark is facing BLANK and Ali is facing left. Mark turns to his left. Mark is facing towards Ali.,7de47fb4-c4b1-5b47-be35-ade455a74837,base
A29Z9P7UNLDTU5,1,7,context,0,two_refs_egocentric,two_refs_egocentric_context,right,left,Mark is facing BLANK and Ali is facing left. Mark turns to his left. Mark is facing towards Ali.,7de47fb4-c4b1-5b47-be35-ade455a74837,base
A2ENGQJ6CBQSUP,1,7,context,0,two_refs_egocentric,two_refs_egocentric_context,right,left,Mark is facing BLANK and Ali is facing left. Mark turns to his left. Mark is facing towards Ali.,7de47fb4-c4b1-5b47-be35-ade455a74837,base
A2KDYSLV030FVX,1,7,context,1,two_refs_egocentric,two_refs_egocentric_context,right,left,Mark is facing BLANK and Ali is facing left. Mark turns to his left. Mark is facing towards Ali.,7de47fb4-c4b1-5b47-be35-ade455a74837,base
A2PAMXM5XJGGPO,1,7,context,0,two_refs_egocentric,two_refs_egocentric_context,right,left,Mark is facing BLANK and Ali is facing left. Mark turns to his left. Mark is facing towards Ali.,7de47fb4-c4b1-5b47-be35-ade455a74837,base
A2XFO0X6RCS98M,1,7,context,1,two_refs_egocentric,two_refs_egocentric_context,right,left,Mark is facing BLANK and Ali is facing left. Mark turns to his left. Mark is facing towards Ali.,7de47fb4-c4b1-5b47-be35-ade455a74837,base
A341XKSRZ58FJK,1,7,context,0,two_refs_egocentric,two_refs_egocentric_context,right,left,Mark is facing BLANK and Ali is facing left. Mark turns to his left. Mark is facing towards Ali.,7de47fb4-c4b1-5b47-be35-ade455a74837,base
A3760PCQD2MPIO,1,7,context,1,two_refs_egocentric,two_refs_egocentric_context,right,left,Mark is facing BLANK and Ali is facing left. Mark turns to his left. Mark is facing towards Ali.,7de47fb4-c4b1-5b47-be35-ade455a74837,base
A37E36IPU0BJX5,1,7,context,1,two_refs_egocentric,two_refs_egocentric_context,right,left,Mark is facing BLANK and Ali is facing left. Mark turns to his left. Mark is facing towards Ali.,7de47fb4-c4b1-5b47-be35-ade455a74837,base
A37GOI3N77WX21,1,7,context,1,two_refs_egocentric,two_refs_egocentric_context,right,left,Mark is facing BLANK and Ali is facing left. Mark turns to his left. Mark is facing towards Ali.,7de47fb4-c4b1-5b47-be35-ade455a74837,base
A39C1BN9ZSQ0R2,1,7,context,1,two_refs_egocentric,two_refs_egocentric_context,right,left,Mark is facing BLANK and Ali is facing left. Mark turns to his left. Mark is facing towards Ali.,7de47fb4-c4b1-5b47-be35-ade455a74837,base
A3E8SXH0BAYG85,1,7,context,1,two_refs_egocentric,two_refs_egocentric_context,right,left,Mark is facing BLANK and Ali is facing left. Mark turns to his left. Mark is facing towards Ali.,7de47fb4-c4b1-5b47-be35-ade455a74837,base
A3H3BTRV6I3LYU,1,7,context,1,two_refs_egocentric,two_refs_egocentric_context,right,left,Mark is facing BLANK and Ali is facing left. Mark turns to his left. Mark is facing towards Ali.,7de47fb4-c4b1-5b47-be35-ade455a74837,base
A9IPBD6C63ASJ,1,7,context,1,two_refs_egocentric,two_refs_egocentric_context,right,left,Mark is facing BLANK and Ali is facing left. Mark turns to his left. Mark is facing towards Ali.,7de47fb4-c4b1-5b47-be35-ade455a74837,base
AF0M3066S5UF1,1,7,context,0,two_refs_egocentric,two_refs_egocentric_context,right,left,Mark is facing BLANK and Ali is facing left. Mark turns to his left. Mark is facing towards Ali.,7de47fb4-c4b1-5b47-be35-ade455a74837,base
ALLAOJV83NU5Q,1,7,context,1,two_refs_egocentric,two_refs_egocentric_context,right,left,Mark is facing BLANK and Ali is facing left. Mark turns to his left. Mark is facing towards Ali.,7de47fb4-c4b1-5b47-be35-ade455a74837,base
AOOLS8280CL0Z,1,7,context,1,two_refs_egocentric,two_refs_egocentric_context,right,left,Mark is facing BLANK and Ali is facing left. Mark turns to his left. Mark is facing towards Ali.,7de47fb4-c4b1-5b47-be35-ade455a74837,base
APEPEEDYQTGMC,1,7,context,1,two_refs_egocentric,two_refs_egocentric_context,right,left,Mark is facing BLANK and Ali is facing left. Mark turns to his left. Mark is facing towards Ali.,7de47fb4-c4b1-5b47-be35-ade455a74837,base
A11FXG88VL23K5,1,7,context,1,geocentric_near,geocentric_near_context,North,South,Mark is facing BLANK. Mark turns 90 degrees to his right. Mark is facing East.,cb3df63f-341a-5181-b1c0-3fac501467e2,base
A1DRNG1LGX8OA0,1,7,context,1,geocentric_near,geocentric_near_context,North,South,Mark is facing BLANK. Mark turns 90 degrees to his right. Mark is facing East.,cb3df63f-341a-5181-b1c0-3fac501467e2,base
A1I0DV4B4MFQCL,1,7,context,1,geocentric_near,geocentric_near_context,North,South,Mark is facing BLANK. Mark turns 90 degrees to his right. Mark is facing East.,cb3df63f-341a-5181-b1c0-3fac501467e2,base
A1OOCYEFLAJD98,1,7,context,1,geocentric_near,geocentric_near_context,North,South,Mark is facing BLANK. Mark turns 90 degrees to his right. Mark is facing East.,cb3df63f-341a-5181-b1c0-3fac501467e2,base
A1QWQI2ZV6TFOB,1,7,context,1,geocentric_near,geocentric_near_context,North,South,Mark is facing BLANK. Mark turns 90 degrees to his right. Mark is facing East.,cb3df63f-341a-5181-b1c0-3fac501467e2,base
A29Z9P7UNLDTU5,1,7,context,1,geocentric_near,geocentric_near_context,North,South,Mark is facing BLANK. Mark turns 90 degrees to his right. Mark is facing East.,cb3df63f-341a-5181-b1c0-3fac501467e2,base
A2ENGQJ6CBQSUP,1,7,context,1,geocentric_near,geocentric_near_context,North,South,Mark is facing BLANK. Mark turns 90 degrees to his right. Mark is facing East.,cb3df63f-341a-5181-b1c0-3fac501467e2,base
A2KDYSLV030FVX,1,7,context,0,geocentric_near,geocentric_near_context,North,South,Mark is facing BLANK. Mark turns 90 degrees to his right. Mark is facing East.,cb3df63f-341a-5181-b1c0-3fac501467e2,base
A2PAMXM5XJGGPO,1,7,context,1,geocentric_near,geocentric_near_context,North,South,Mark is facing BLANK. Mark turns 90 degrees to his right. Mark is facing East.,cb3df63f-341a-5181-b1c0-3fac501467e2,base
A2XFO0X6RCS98M,1,7,context,1,geocentric_near,geocentric_near_context,North,South,Mark is facing BLANK. Mark turns 90 degrees to his right. Mark is facing East.,cb3df63f-341a-5181-b1c0-3fac501467e2,base
A341XKSRZ58FJK,1,7,context,0,geocentric_near,geocentric_near_context,North,South,Mark is facing BLANK. Mark turns 90 degrees to his right. Mark is facing East.,cb3df63f-341a-5181-b1c0-3fac501467e2,base
A3760PCQD2MPIO,1,7,context,0,geocentric_near,geocentric_near_context,North,South,Mark is facing BLANK. Mark turns 90 degrees to his right. Mark is facing East.,cb3df63f-341a-5181-b1c0-3fac501467e2,base
A37E36IPU0BJX5,1,7,context,1,geocentric_near,geocentric_near_context,North,South,Mark is facing BLANK. Mark turns 90 degrees to his right. Mark is facing East.,cb3df63f-341a-5181-b1c0-3fac501467e2,base
A37GOI3N77WX21,1,7,context,1,geocentric_near,geocentric_near_context,North,South,Mark is facing BLANK. Mark turns 90 degrees to his right. Mark is facing East.,cb3df63f-341a-5181-b1c0-3fac501467e2,base
A39C1BN9ZSQ0R2,1,7,context,1,geocentric_near,geocentric_near_context,North,South,Mark is facing BLANK. Mark turns 90 degrees to his right. Mark is facing East.,cb3df63f-341a-5181-b1c0-3fac501467e2,base
A3E8SXH0BAYG85,1,7,context,1,geocentric_near,geocentric_near_context,North,South,Mark is facing BLANK. Mark turns 90 degrees to his right. Mark is facing East.,cb3df63f-341a-5181-b1c0-3fac501467e2,base
A3H3BTRV6I3LYU,1,7,context,1,geocentric_near,geocentric_near_context,North,South,Mark is facing BLANK. Mark turns 90 degrees to his right. Mark is facing East.,cb3df63f-341a-5181-b1c0-3fac501467e2,base
A9IPBD6C63ASJ,1,7,context,1,geocentric_near,geocentric_near_context,North,South,Mark is facing BLANK. Mark turns 90 degrees to his right. Mark is facing East.,cb3df63f-341a-5181-b1c0-3fac501467e2,base
AF0M3066S5UF1,1,7,context,1,geocentric_near,geocentric_near_context,North,South,Mark is facing BLANK. Mark turns 90 degrees to his right. Mark is facing East.,cb3df63f-341a-5181-b1c0-3fac501467e2,base
ALLAOJV83NU5Q,1,7,context,1,geocentric_near,geocentric_near_context,North,South,Mark is facing BLANK. Mark turns 90 degrees to his right. Mark is facing East.,cb3df63f-341a-5181-b1c0-3fac501467e2,base
AOOLS8280CL0Z,1,7,context,1,geocentric_near,geocentric_near_context,North,South,Mark is facing BLANK. Mark turns 90 degrees to his right. Mark is facing East.,cb3df63f-341a-5181-b1c0-3fac501467e2,base
APEPEEDYQTGMC,1,7,context,1,geocentric_near,geocentric_near_context,North,South,Mark is facing BLANK. Mark turns 90 degrees to his right. Mark is facing East.,cb3df63f-341a-5181-b1c0-3fac501467e2,base
A11FXG88VL23K5,1,7,context,0,two_refs_egocentric,two_refs_egocentric_context,left of,right of,Mark is to the BLANK Ali. Mark looks to his left and Ali looks to his left. Ali is facing towards Mark.,32e2f418-ea5f-51a7-b0a7-31dc7b546d0d,base
A1DRNG1LGX8OA0,1,7,context,1,two_refs_egocentric,two_refs_egocentric_context,left of,right of,Mark is to the BLANK Ali. Mark looks to his left and Ali looks to his left. Ali is facing towards Mark.,32e2f418-ea5f-51a7-b0a7-31dc7b546d0d,base
A1I0DV4B4MFQCL,1,7,context,1,two_refs_egocentric,two_refs_egocentric_context,left of,right of,Mark is to the BLANK Ali. Mark looks to his left and Ali looks to his left. Ali is facing towards Mark.,32e2f418-ea5f-51a7-b0a7-31dc7b546d0d,base
A1OOCYEFLAJD98,1,7,context,1,two_refs_egocentric,two_refs_egocentric_context,left of,right of,Mark is to the BLANK Ali. Mark looks to his left and Ali looks to his left. Ali is facing towards Mark.,32e2f418-ea5f-51a7-b0a7-31dc7b546d0d,base
A1QWQI2ZV6TFOB,1,7,context,0,two_refs_egocentric,two_refs_egocentric_context,left of,right of,Mark is to the BLANK Ali. Mark looks to his left and Ali looks to his left. Ali is facing towards Mark.,32e2f418-ea5f-51a7-b0a7-31dc7b546d0d,base
A29Z9P7UNLDTU5,1,7,context,0,two_refs_egocentric,two_refs_egocentric_context,left of,right of,Mark is to the BLANK Ali. Mark looks to his left and Ali looks to his left. Ali is facing towards Mark.,32e2f418-ea5f-51a7-b0a7-31dc7b546d0d,base
A2ENGQJ6CBQSUP,1,7,context,0,two_refs_egocentric,two_refs_egocentric_context,left of,right of,Mark is to the BLANK Ali. Mark looks to his left and Ali looks to his left. Ali is facing towards Mark.,32e2f418-ea5f-51a7-b0a7-31dc7b546d0d,base
A2KDYSLV030FVX,1,7,context,1,two_refs_egocentric,two_refs_egocentric_context,left of,right of,Mark is to the BLANK Ali. Mark looks to his left and Ali looks to his left. Ali is facing towards Mark.,32e2f418-ea5f-51a7-b0a7-31dc7b546d0d,base
A2PAMXM5XJGGPO,1,7,context,0,two_refs_egocentric,two_refs_egocentric_context,left of,right of,Mark is to the BLANK Ali. Mark looks to his left and Ali looks to his left. Ali is facing towards Mark.,32e2f418-ea5f-51a7-b0a7-31dc7b546d0d,base
A2XFO0X6RCS98M,1,7,context,0,two_refs_egocentric,two_refs_egocentric_context,left of,right of,Mark is to the BLANK Ali. Mark looks to his left and Ali looks to his left. Ali is facing towards Mark.,32e2f418-ea5f-51a7-b0a7-31dc7b546d0d,base
A341XKSRZ58FJK,1,7,context,0,two_refs_egocentric,two_refs_egocentric_context,left of,right of,Mark is to the BLANK Ali. Mark looks to his left and Ali looks to his left. Ali is facing towards Mark.,32e2f418-ea5f-51a7-b0a7-31dc7b546d0d,base
A3760PCQD2MPIO,1,7,context,0,two_refs_egocentric,two_refs_egocentric_context,left of,right of,Mark is to the BLANK Ali. Mark looks to his left and Ali looks to his left. Ali is facing towards Mark.,32e2f418-ea5f-51a7-b0a7-31dc7b546d0d,base
A37E36IPU0BJX5,1,7,context,0,two_refs_egocentric,two_refs_egocentric_context,left of,right of,Mark is to the BLANK Ali. Mark looks to his left and Ali looks to his left. Ali is facing towards Mark.,32e2f418-ea5f-51a7-b0a7-31dc7b546d0d,base
A37GOI3N77WX21,1,7,context,0,two_refs_egocentric,two_refs_egocentric_context,left of,right of,Mark is to the BLANK Ali. Mark looks to his left and Ali looks to his left. Ali is facing towards Mark.,32e2f418-ea5f-51a7-b0a7-31dc7b546d0d,base
A39C1BN9ZSQ0R2,1,7,context,0,two_refs_egocentric,two_refs_egocentric_context,left of,right of,Mark is to the BLANK Ali. Mark looks to his left and Ali looks to his left. Ali is facing towards Mark.,32e2f418-ea5f-51a7-b0a7-31dc7b546d0d,base
A3E8SXH0BAYG85,1,7,context,1,two_refs_egocentric,two_refs_egocentric_context,left of,right of,Mark is to the BLANK Ali. Mark looks to his left and Ali looks to his left. Ali is facing towards Mark.,32e2f418-ea5f-51a7-b0a7-31dc7b546d0d,base
A3H3BTRV6I3LYU,1,7,context,0,two_refs_egocentric,two_refs_egocentric_context,left of,right of,Mark is to the BLANK Ali. Mark looks to his left and Ali looks to his left. Ali is facing towards Mark.,32e2f418-ea5f-51a7-b0a7-31dc7b546d0d,base
A9IPBD6C63ASJ,1,7,context,1,two_refs_egocentric,two_refs_egocentric_context,left of,right of,Mark is to the BLANK Ali. Mark looks to his left and Ali looks to his left. Ali is facing towards Mark.,32e2f418-ea5f-51a7-b0a7-31dc7b546d0d,base
AF0M3066S5UF1,1,7,context,0,two_refs_egocentric,two_refs_egocentric_context,left of,right of,Mark is to the BLANK Ali. Mark looks to his left and Ali looks to his left. Ali is facing towards Mark.,32e2f418-ea5f-51a7-b0a7-31dc7b546d0d,base
ALLAOJV83NU5Q,1,7,context,1,two_refs_egocentric,two_refs_egocentric_context,left of,right of,Mark is to the BLANK Ali. Mark looks to his left and Ali looks to his left. Ali is facing towards Mark.,32e2f418-ea5f-51a7-b0a7-31dc7b546d0d,base
AOOLS8280CL0Z,1,7,context,0,two_refs_egocentric,two_refs_egocentric_context,left of,right of,Mark is to the BLANK Ali. Mark looks to his left and Ali looks to his left. Ali is facing towards Mark.,32e2f418-ea5f-51a7-b0a7-31dc7b546d0d,base
APEPEEDYQTGMC,1,7,context,1,two_refs_egocentric,two_refs_egocentric_context,left of,right of,Mark is to the BLANK Ali. Mark looks to his left and Ali looks to his left. Ali is facing towards Mark.,32e2f418-ea5f-51a7-b0a7-31dc7b546d0d,base
A11FXG88VL23K5,1,7,context,0,geocentric_distant,geocentric_distant_context,East of,West of,Milwaukee is BLANK Ali. Ali turns around. Milwaukee is East of Ali.,01d5a51d-7378-576b-aafc-5a45a1ffab63,base
A1DRNG1LGX8OA0,1,7,context,0,geocentric_distant,geocentric_distant_context,East of,West of,Milwaukee is BLANK Ali. Ali turns around. Milwaukee is East of Ali.,01d5a51d-7378-576b-aafc-5a45a1ffab63,base
A1I0DV4B4MFQCL,1,7,context,0,geocentric_distant,geocentric_distant_context,East of,West of,Milwaukee is BLANK Ali. Ali turns around. Milwaukee is East of Ali.,01d5a51d-7378-576b-aafc-5a45a1ffab63,base
A1OOCYEFLAJD98,1,7,context,1,geocentric_distant,geocentric_distant_context,East of,West of,Milwaukee is BLANK Ali. Ali turns around. Milwaukee is East of Ali.,01d5a51d-7378-576b-aafc-5a45a1ffab63,base
A1QWQI2ZV6TFOB,1,7,context,0,geocentric_distant,geocentric_distant_context,East of,West of,Milwaukee is BLANK Ali. Ali turns around. Milwaukee is East of Ali.,01d5a51d-7378-576b-aafc-5a45a1ffab63,base
A29Z9P7UNLDTU5,1,7,context,1,geocentric_distant,geocentric_distant_context,East of,West of,Milwaukee is BLANK Ali. Ali turns around. Milwaukee is East of Ali.,01d5a51d-7378-576b-aafc-5a45a1ffab63,base
A2ENGQJ6CBQSUP,1,7,context,0,geocentric_distant,geocentric_distant_context,East of,West of,Milwaukee is BLANK Ali. Ali turns around. Milwaukee is East of Ali.,01d5a51d-7378-576b-aafc-5a45a1ffab63,base
A2KDYSLV030FVX,1,7,context,0,geocentric_distant,geocentric_distant_context,East of,West of,Milwaukee is BLANK Ali. Ali turns around. Milwaukee is East of Ali.,01d5a51d-7378-576b-aafc-5a45a1ffab63,base
A2PAMXM5XJGGPO,1,7,context,0,geocentric_distant,geocentric_distant_context,East of,West of,Milwaukee is BLANK Ali. Ali turns around. Milwaukee is East of Ali.,01d5a51d-7378-576b-aafc-5a45a1ffab63,base
A2XFO0X6RCS98M,1,7,context,0,geocentric_distant,geocentric_distant_context,East of,West of,Milwaukee is BLANK Ali. Ali turns around. Milwaukee is East of Ali.,01d5a51d-7378-576b-aafc-5a45a1ffab63,base
A341XKSRZ58FJK,1,7,context,0,geocentric_distant,geocentric_distant_context,East of,West of,Milwaukee is BLANK Ali. Ali turns around. Milwaukee is East of Ali.,01d5a51d-7378-576b-aafc-5a45a1ffab63,base
A3760PCQD2MPIO,1,7,context,0,geocentric_distant,geocentric_distant_context,East of,West of,Milwaukee is BLANK Ali. Ali turns around. Milwaukee is East of Ali.,01d5a51d-7378-576b-aafc-5a45a1ffab63,base
A37E36IPU0BJX5,1,7,context,0,geocentric_distant,geocentric_distant_context,East of,West of,Milwaukee is BLANK Ali. Ali turns around. Milwaukee is East of Ali.,01d5a51d-7378-576b-aafc-5a45a1ffab63,base
A37GOI3N77WX21,1,7,context,0,geocentric_distant,geocentric_distant_context,East of,West of,Milwaukee is BLANK Ali. Ali turns around. Milwaukee is East of Ali.,01d5a51d-7378-576b-aafc-5a45a1ffab63,base
A39C1BN9ZSQ0R2,1,7,context,0,geocentric_distant,geocentric_distant_context,East of,West of,Milwaukee is BLANK Ali. Ali turns around. Milwaukee is East of Ali.,01d5a51d-7378-576b-aafc-5a45a1ffab63,base
A3E8SXH0BAYG85,1,7,context,0,geocentric_distant,geocentric_distant_context,East of,West of,Milwaukee is BLANK Ali. Ali turns around. Milwaukee is East of Ali.,01d5a51d-7378-576b-aafc-5a45a1ffab63,base
A3H3BTRV6I3LYU,1,7,context,0,geocentric_distant,geocentric_distant_context,East of,West of,Milwaukee is BLANK Ali. Ali turns around. Milwaukee is East of Ali.,01d5a51d-7378-576b-aafc-5a45a1ffab63,base
A9IPBD6C63ASJ,1,7,context,0,geocentric_distant,geocentric_distant_context,East of,West of,Milwaukee is BLANK Ali. Ali turns around. Milwaukee is East of Ali.,01d5a51d-7378-576b-aafc-5a45a1ffab63,base
AF0M3066S5UF1,1,7,context,0,geocentric_distant,geocentric_distant_context,East of,West of,Milwaukee is BLANK Ali. Ali turns around. Milwaukee is East of Ali.,01d5a51d-7378-576b-aafc-5a45a1ffab63,base
ALLAOJV83NU5Q,1,7,context,1,geocentric_distant,geocentric_distant_context,East of,West of,Milwaukee is BLANK Ali. Ali turns around. Milwaukee is East of Ali.,01d5a51d-7378-576b-aafc-5a45a1ffab63,base
AOOLS8280CL0Z,1,7,context,0,geocentric_distant,geocentric_distant_context,East of,West of,Milwaukee is BLANK Ali. Ali turns around. Milwaukee is East of Ali.,01d5a51d-7378-576b-aafc-5a45a1ffab63,base
APEPEEDYQTGMC,1,7,context,1,geocentric_distant,geocentric_distant_context,East of,West of,Milwaukee is BLANK Ali. Ali turns around. Milwaukee is East of Ali.,01d5a51d-7378-576b-aafc-5a45a1ffab63,base
A11FXG88VL23K5,1,7,context,0,geocentric_distant,geocentric_distant_context,North of,West of,Milwaukee is BLANK Ali. Ali turns left. Milwaukee is North of Ali.,77cc2803-02b1-54af-a10d-fb663433d4ec,base
A1DRNG1LGX8OA0,1,7,context,0,geocentric_distant,geocentric_distant_context,North of,West of,Milwaukee is BLANK Ali. Ali turns left. Milwaukee is North of Ali.,77cc2803-02b1-54af-a10d-fb663433d4ec,base
A1I0DV4B4MFQCL,1,7,context,0,geocentric_distant,geocentric_distant_context,North of,West of,Milwaukee is BLANK Ali. Ali turns left. Milwaukee is North of Ali.,77cc2803-02b1-54af-a10d-fb663433d4ec,base
A1OOCYEFLAJD98,1,7,context,1,geocentric_distant,geocentric_distant_context,North of,West of,Milwaukee is BLANK Ali. Ali turns left. Milwaukee is North of Ali.,77cc2803-02b1-54af-a10d-fb663433d4ec,base
A1QWQI2ZV6TFOB,1,7,context,0,geocentric_distant,geocentric_distant_context,North of,West of,Milwaukee is BLANK Ali. Ali turns left. Milwaukee is North of Ali.,77cc2803-02b1-54af-a10d-fb663433d4ec,base
A29Z9P7UNLDTU5,1,7,context,0,geocentric_distant,geocentric_distant_context,North of,West of,Milwaukee is BLANK Ali. Ali turns left. Milwaukee is North of Ali.,77cc2803-02b1-54af-a10d-fb663433d4ec,base
A2ENGQJ6CBQSUP,1,7,context,1,geocentric_distant,geocentric_distant_context,North of,West of,Milwaukee is BLANK Ali. Ali turns left. Milwaukee is North of Ali.,77cc2803-02b1-54af-a10d-fb663433d4ec,base
A2KDYSLV030FVX,1,7,context,1,geocentric_distant,geocentric_distant_context,North of,West of,Milwaukee is BLANK Ali. Ali turns left. Milwaukee is North of Ali.,77cc2803-02b1-54af-a10d-fb663433d4ec,base
A2PAMXM5XJGGPO,1,7,context,0,geocentric_distant,geocentric_distant_context,North of,West of,Milwaukee is BLANK Ali. Ali turns left. Milwaukee is North of Ali.,77cc2803-02b1-54af-a10d-fb663433d4ec,base
A2XFO0X6RCS98M,1,7,context,0,geocentric_distant,geocentric_distant_context,North of,West of,Milwaukee is BLANK Ali. Ali turns left. Milwaukee is North of Ali.,77cc2803-02b1-54af-a10d-fb663433d4ec,base
A341XKSRZ58FJK,1,7,context,0,geocentric_distant,geocentric_distant_context,North of,West of,Milwaukee is BLANK Ali. Ali turns left. Milwaukee is North of Ali.,77cc2803-02b1-54af-a10d-fb663433d4ec,base
A3760PCQD2MPIO,1,7,context,0,geocentric_distant,geocentric_distant_context,North of,West of,Milwaukee is BLANK Ali. Ali turns left. Milwaukee is North of Ali.,77cc2803-02b1-54af-a10d-fb663433d4ec,base
A37E36IPU0BJX5,1,7,context,0,geocentric_distant,geocentric_distant_context,North of,West of,Milwaukee is BLANK Ali. Ali turns left. Milwaukee is North of Ali.,77cc2803-02b1-54af-a10d-fb663433d4ec,base
A37GOI3N77WX21,1,7,context,1,geocentric_distant,geocentric_distant_context,North of,West of,Milwaukee is BLANK Ali. Ali turns left. Milwaukee is North of Ali.,77cc2803-02b1-54af-a10d-fb663433d4ec,base
A39C1BN9ZSQ0R2,1,7,context,1,geocentric_distant,geocentric_distant_context,North of,West of,Milwaukee is BLANK Ali. Ali turns left. Milwaukee is North of Ali.,77cc2803-02b1-54af-a10d-fb663433d4ec,base
A3E8SXH0BAYG85,1,7,context,1,geocentric_distant,geocentric_distant_context,North of,West of,Milwaukee is BLANK Ali. Ali turns left. Milwaukee is North of Ali.,77cc2803-02b1-54af-a10d-fb663433d4ec,base
A3H3BTRV6I3LYU,1,7,context,1,geocentric_distant,geocentric_distant_context,North of,West of,Milwaukee is BLANK Ali. Ali turns left. Milwaukee is North of Ali.,77cc2803-02b1-54af-a10d-fb663433d4ec,base
A9IPBD6C63ASJ,1,7,context,0,geocentric_distant,geocentric_distant_context,North of,West of,Milwaukee is BLANK Ali. Ali turns left. Milwaukee is North of Ali.,77cc2803-02b1-54af-a10d-fb663433d4ec,base
AF0M3066S5UF1,1,7,context,1,geocentric_distant,geocentric_distant_context,North of,West of,Milwaukee is BLANK Ali. Ali turns left. Milwaukee is North of Ali.,77cc2803-02b1-54af-a10d-fb663433d4ec,base
ALLAOJV83NU5Q,1,7,context,1,geocentric_distant,geocentric_distant_context,North of,West of,Milwaukee is BLANK Ali. Ali turns left. Milwaukee is North of Ali.,77cc2803-02b1-54af-a10d-fb663433d4ec,base
AOOLS8280CL0Z,1,7,context,0,geocentric_distant,geocentric_distant_context,North of,West of,Milwaukee is BLANK Ali. Ali turns left. Milwaukee is North of Ali.,77cc2803-02b1-54af-a10d-fb663433d4ec,base
APEPEEDYQTGMC,1,7,context,0,geocentric_distant,geocentric_distant_context,North of,West of,Milwaukee is BLANK Ali. Ali turns left. Milwaukee is North of Ali.,77cc2803-02b1-54af-a10d-fb663433d4ec,base
A11FXG88VL23K5,1,7,context,0,geocentric_distant,geocentric_distant_context,North of,East of,Milwaukee is BLANK Ali. Ali turns right. Milwaukee is North of Ali.,d1003ff7-62f8-5266-b577-0992f8f5f4a6,base
A1DRNG1LGX8OA0,1,7,context,1,geocentric_distant,geocentric_distant_context,North of,East of,Milwaukee is BLANK Ali. Ali turns right. Milwaukee is North of Ali.,d1003ff7-62f8-5266-b577-0992f8f5f4a6,base
A1I0DV4B4MFQCL,1,7,context,1,geocentric_distant,geocentric_distant_context,North of,East of,Milwaukee is BLANK Ali. Ali turns right. Milwaukee is North of Ali.,d1003ff7-62f8-5266-b577-0992f8f5f4a6,base
A1OOCYEFLAJD98,1,7,context,1,geocentric_distant,geocentric_distant_context,North of,East of,Milwaukee is BLANK Ali. Ali turns right. Milwaukee is North of Ali.,d1003ff7-62f8-5266-b577-0992f8f5f4a6,base
A1QWQI2ZV6TFOB,1,7,context,0,geocentric_distant,geocentric_distant_context,North of,East of,Milwaukee is BLANK Ali. Ali turns right. Milwaukee is North of Ali.,d1003ff7-62f8-5266-b577-0992f8f5f4a6,base
A29Z9P7UNLDTU5,1,7,context,1,geocentric_distant,geocentric_distant_context,North of,East of,Milwaukee is BLANK Ali. Ali turns right. Milwaukee is North of Ali.,d1003ff7-62f8-5266-b577-0992f8f5f4a6,base
A2ENGQJ6CBQSUP,1,7,context,1,geocentric_distant,geocentric_distant_context,North of,East of,Milwaukee is BLANK Ali. Ali turns right. Milwaukee is North of Ali.,d1003ff7-62f8-5266-b577-0992f8f5f4a6,base
A2KDYSLV030FVX,1,7,context,1,geocentric_distant,geocentric_distant_context,North of,East of,Milwaukee is BLANK Ali. Ali turns right. Milwaukee is North of Ali.,d1003ff7-62f8-5266-b577-0992f8f5f4a6,base
A2PAMXM5XJGGPO,1,7,context,0,geocentric_distant,geocentric_distant_context,North of,East of,Milwaukee is BLANK Ali. Ali turns right. Milwaukee is North of Ali.,d1003ff7-62f8-5266-b577-0992f8f5f4a6,base
A2XFO0X6RCS98M,1,7,context,0,geocentric_distant,geocentric_distant_context,North of,East of,Milwaukee is BLANK Ali. Ali turns right. Milwaukee is North of Ali.,d1003ff7-62f8-5266-b577-0992f8f5f4a6,base
A341XKSRZ58FJK,1,7,context,0,geocentric_distant,geocentric_distant_context,North of,East of,Milwaukee is BLANK Ali. Ali turns right. Milwaukee is North of Ali.,d1003ff7-62f8-5266-b577-0992f8f5f4a6,base
A3760PCQD2MPIO,1,7,context,0,geocentric_distant,geocentric_distant_context,North of,East of,Milwaukee is BLANK Ali. Ali turns right. Milwaukee is North of Ali.,d1003ff7-62f8-5266-b577-0992f8f5f4a6,base
A37E36IPU0BJX5,1,7,context,0,geocentric_distant,geocentric_distant_context,North of,East of,Milwaukee is BLANK Ali. Ali turns right. Milwaukee is North of Ali.,d1003ff7-62f8-5266-b577-0992f8f5f4a6,base
A37GOI3N77WX21,1,7,context,0,geocentric_distant,geocentric_distant_context,North of,East of,Milwaukee is BLANK Ali. Ali turns right. Milwaukee is North of Ali.,d1003ff7-62f8-5266-b577-0992f8f5f4a6,base
A39C1BN9ZSQ0R2,1,7,context,1,geocentric_distant,geocentric_distant_context,North of,East of,Milwaukee is BLANK Ali. Ali turns right. Milwaukee is North of Ali.,d1003ff7-62f8-5266-b577-0992f8f5f4a6,base
A3E8SXH0BAYG85,1,7,context,1,geocentric_distant,geocentric_distant_context,North of,East of,Milwaukee is BLANK Ali. Ali turns right. Milwaukee is North of Ali.,d1003ff7-62f8-5266-b577-0992f8f5f4a6,base
A3H3BTRV6I3LYU,1,7,context,0,geocentric_distant,geocentric_distant_context,North of,East of,Milwaukee is BLANK Ali. Ali turns right. Milwaukee is North of Ali.,d1003ff7-62f8-5266-b577-0992f8f5f4a6,base
A9IPBD6C63ASJ,1,7,context,1,geocentric_distant,geocentric_distant_context,North of,East of,Milwaukee is BLANK Ali. Ali turns right. Milwaukee is North of Ali.,d1003ff7-62f8-5266-b577-0992f8f5f4a6,base
AF0M3066S5UF1,1,7,context,1,geocentric_distant,geocentric_distant_context,North of,East of,Milwaukee is BLANK Ali. Ali turns right. Milwaukee is North of Ali.,d1003ff7-62f8-5266-b577-0992f8f5f4a6,base
ALLAOJV83NU5Q,1,7,context,1,geocentric_distant,geocentric_distant_context,North of,East of,Milwaukee is BLANK Ali. Ali turns right. Milwaukee is North of Ali.,d1003ff7-62f8-5266-b577-0992f8f5f4a6,base
AOOLS8280CL0Z,1,7,context,0,geocentric_distant,geocentric_distant_context,North of,East of,Milwaukee is BLANK Ali. Ali turns right. Milwaukee is North of Ali.,d1003ff7-62f8-5266-b577-0992f8f5f4a6,base
APEPEEDYQTGMC,1,7,context,1,geocentric_distant,geocentric_distant_context,North of,East of,Milwaukee is BLANK Ali. Ali turns right. Milwaukee is North of Ali.,d1003ff7-62f8-5266-b577-0992f8f5f4a6,base
A11FXG88VL23K5,1,7,context,1,two_refs_geocentric,two_refs_geocentric_context,West,East,Milwaukee is South of Mark. Mark goes BLANK. Mark is Northeast of Milwaukee.,e35d39b7-29e7-5f8f-89c1-1daa34e84ebd,base
A1DRNG1LGX8OA0,1,7,context,0,two_refs_geocentric,two_refs_geocentric_context,West,East,Milwaukee is South of Mark. Mark goes BLANK. Mark is Northeast of Milwaukee.,e35d39b7-29e7-5f8f-89c1-1daa34e84ebd,base
A1I0DV4B4MFQCL,1,7,context,0,two_refs_geocentric,two_refs_geocentric_context,West,East,Milwaukee is South of Mark. Mark goes BLANK. Mark is Northeast of Milwaukee.,e35d39b7-29e7-5f8f-89c1-1daa34e84ebd,base
A1OOCYEFLAJD98,1,7,context,0,two_refs_geocentric,two_refs_geocentric_context,West,East,Milwaukee is South of Mark. Mark goes BLANK. Mark is Northeast of Milwaukee.,e35d39b7-29e7-5f8f-89c1-1daa34e84ebd,base
A1QWQI2ZV6TFOB,1,7,context,0,two_refs_geocentric,two_refs_geocentric_context,West,East,Milwaukee is South of Mark. Mark goes BLANK. Mark is Northeast of Milwaukee.,e35d39b7-29e7-5f8f-89c1-1daa34e84ebd,base
A29Z9P7UNLDTU5,1,7,context,0,two_refs_geocentric,two_refs_geocentric_context,West,East,Milwaukee is South of Mark. Mark goes BLANK. Mark is Northeast of Milwaukee.,e35d39b7-29e7-5f8f-89c1-1daa34e84ebd,base
A2ENGQJ6CBQSUP,1,7,context,1,two_refs_geocentric,two_refs_geocentric_context,West,East,Milwaukee is South of Mark. Mark goes BLANK. Mark is Northeast of Milwaukee.,e35d39b7-29e7-5f8f-89c1-1daa34e84ebd,base
A2KDYSLV030FVX,1,7,context,1,two_refs_geocentric,two_refs_geocentric_context,West,East,Milwaukee is South of Mark. Mark goes BLANK. Mark is Northeast of Milwaukee.,e35d39b7-29e7-5f8f-89c1-1daa34e84ebd,base
A2PAMXM5XJGGPO,1,7,context,0,two_refs_geocentric,two_refs_geocentric_context,West,East,Milwaukee is South of Mark. Mark goes BLANK. Mark is Northeast of Milwaukee.,e35d39b7-29e7-5f8f-89c1-1daa34e84ebd,base
A2XFO0X6RCS98M,1,7,context,1,two_refs_geocentric,two_refs_geocentric_context,West,East,Milwaukee is South of Mark. Mark goes BLANK. Mark is Northeast of Milwaukee.,e35d39b7-29e7-5f8f-89c1-1daa34e84ebd,base
A341XKSRZ58FJK,1,7,context,1,two_refs_geocentric,two_refs_geocentric_context,West,East,Milwaukee is South of Mark. Mark goes BLANK. Mark is Northeast of Milwaukee.,e35d39b7-29e7-5f8f-89c1-1daa34e84ebd,base
A3760PCQD2MPIO,1,7,context,0,two_refs_geocentric,two_refs_geocentric_context,West,East,Milwaukee is South of Mark. Mark goes BLANK. Mark is Northeast of Milwaukee.,e35d39b7-29e7-5f8f-89c1-1daa34e84ebd,base
A37E36IPU0BJX5,1,7,context,1,two_refs_geocentric,two_refs_geocentric_context,West,East,Milwaukee is South of Mark. Mark goes BLANK. Mark is Northeast of Milwaukee.,e35d39b7-29e7-5f8f-89c1-1daa34e84ebd,base
A37GOI3N77WX21,1,7,context,0,two_refs_geocentric,two_refs_geocentric_context,West,East,Milwaukee is South of Mark. Mark goes BLANK. Mark is Northeast of Milwaukee.,e35d39b7-29e7-5f8f-89c1-1daa34e84ebd,base
A39C1BN9ZSQ0R2,1,7,context,0,two_refs_geocentric,two_refs_geocentric_context,West,East,Milwaukee is South of Mark. Mark goes BLANK. Mark is Northeast of Milwaukee.,e35d39b7-29e7-5f8f-89c1-1daa34e84ebd,base
A3E8SXH0BAYG85,1,7,context,0,two_refs_geocentric,two_refs_geocentric_context,West,East,Milwaukee is South of Mark. Mark goes BLANK. Mark is Northeast of Milwaukee.,e35d39b7-29e7-5f8f-89c1-1daa34e84ebd,base
A3H3BTRV6I3LYU,1,7,context,0,two_refs_geocentric,two_refs_geocentric_context,West,East,Milwaukee is South of Mark. Mark goes BLANK. Mark is Northeast of Milwaukee.,e35d39b7-29e7-5f8f-89c1-1daa34e84ebd,base
A9IPBD6C63ASJ,1,7,context,0,two_refs_geocentric,two_refs_geocentric_context,West,East,Milwaukee is South of Mark. Mark goes BLANK. Mark is Northeast of Milwaukee.,e35d39b7-29e7-5f8f-89c1-1daa34e84ebd,base
AF0M3066S5UF1,1,7,context,0,two_refs_geocentric,two_refs_geocentric_context,West,East,Milwaukee is South of Mark. Mark goes BLANK. Mark is Northeast of Milwaukee.,e35d39b7-29e7-5f8f-89c1-1daa34e84ebd,base
ALLAOJV83NU5Q,1,7,context,0,two_refs_geocentric,two_refs_geocentric_context,West,East,Milwaukee is South of Mark. Mark goes BLANK. Mark is Northeast of Milwaukee.,e35d39b7-29e7-5f8f-89c1-1daa34e84ebd,base
AOOLS8280CL0Z,1,7,context,0,two_refs_geocentric,two_refs_geocentric_context,West,East,Milwaukee is South of Mark. Mark goes BLANK. Mark is Northeast of Milwaukee.,e35d39b7-29e7-5f8f-89c1-1daa34e84ebd,base
APEPEEDYQTGMC,1,7,context,0,two_refs_geocentric,two_refs_geocentric_context,West,East,Milwaukee is South of Mark. Mark goes BLANK. Mark is Northeast of Milwaukee.,e35d39b7-29e7-5f8f-89c1-1daa34e84ebd,base
A11FXG88VL23K5,1,7,context,1,state_nonfollows,state_nonfollows_context,empty,full,The BLANK glass is on the table. Ali knocks the glass over. The table is dry.,657fbf0d-49f8-5f26-991f-5f3dccfcf30d,base
A1DRNG1LGX8OA0,1,7,context,1,state_nonfollows,state_nonfollows_context,empty,full,The BLANK glass is on the table. Ali knocks the glass over. The table is dry.,657fbf0d-49f8-5f26-991f-5f3dccfcf30d,base
A1I0DV4B4MFQCL,1,7,context,1,state_nonfollows,state_nonfollows_context,empty,full,The BLANK glass is on the table. Ali knocks the glass over. The table is dry.,657fbf0d-49f8-5f26-991f-5f3dccfcf30d,base
A1OOCYEFLAJD98,1,7,context,1,state_nonfollows,state_nonfollows_context,empty,full,The BLANK glass is on the table. Ali knocks the glass over. The table is dry.,657fbf0d-49f8-5f26-991f-5f3dccfcf30d,base
A1QWQI2ZV6TFOB,1,7,context,1,state_nonfollows,state_nonfollows_context,empty,full,The BLANK glass is on the table. Ali knocks the glass over. The table is dry.,657fbf0d-49f8-5f26-991f-5f3dccfcf30d,base
A29Z9P7UNLDTU5,1,7,context,1,state_nonfollows,state_nonfollows_context,empty,full,The BLANK glass is on the table. Ali knocks the glass over. The table is dry.,657fbf0d-49f8-5f26-991f-5f3dccfcf30d,base
A2ENGQJ6CBQSUP,1,7,context,1,state_nonfollows,state_nonfollows_context,empty,full,The BLANK glass is on the table. Ali knocks the glass over. The table is dry.,657fbf0d-49f8-5f26-991f-5f3dccfcf30d,base
A2KDYSLV030FVX,1,7,context,1,state_nonfollows,state_nonfollows_context,empty,full,The BLANK glass is on the table. Ali knocks the glass over. The table is dry.,657fbf0d-49f8-5f26-991f-5f3dccfcf30d,base
A2PAMXM5XJGGPO,1,7,context,1,state_nonfollows,state_nonfollows_context,empty,full,The BLANK glass is on the table. Ali knocks the glass over. The table is dry.,657fbf0d-49f8-5f26-991f-5f3dccfcf30d,base
A2XFO0X6RCS98M,1,7,context,1,state_nonfollows,state_nonfollows_context,empty,full,The BLANK glass is on the table. Ali knocks the glass over. The table is dry.,657fbf0d-49f8-5f26-991f-5f3dccfcf30d,base
A341XKSRZ58FJK,1,7,context,1,state_nonfollows,state_nonfollows_context,empty,full,The BLANK glass is on the table. Ali knocks the glass over. The table is dry.,657fbf0d-49f8-5f26-991f-5f3dccfcf30d,base
A3760PCQD2MPIO,1,7,context,1,state_nonfollows,state_nonfollows_context,empty,full,The BLANK glass is on the table. Ali knocks the glass over. The table is dry.,657fbf0d-49f8-5f26-991f-5f3dccfcf30d,base
A37E36IPU0BJX5,1,7,context,0,state_nonfollows,state_nonfollows_context,empty,full,The BLANK glass is on the table. Ali knocks the glass over. The table is dry.,657fbf0d-49f8-5f26-991f-5f3dccfcf30d,base
A37GOI3N77WX21,1,7,context,1,state_nonfollows,state_nonfollows_context,empty,full,The BLANK glass is on the table. Ali knocks the glass over. The table is dry.,657fbf0d-49f8-5f26-991f-5f3dccfcf30d,base
A39C1BN9ZSQ0R2,1,7,context,1,state_nonfollows,state_nonfollows_context,empty,full,The BLANK glass is on the table. Ali knocks the glass over. The table is dry.,657fbf0d-49f8-5f26-991f-5f3dccfcf30d,base
A3E8SXH0BAYG85,1,7,context,1,state_nonfollows,state_nonfollows_context,empty,full,The BLANK glass is on the table. Ali knocks the glass over. The table is dry.,657fbf0d-49f8-5f26-991f-5f3dccfcf30d,base
A3H3BTRV6I3LYU,1,7,context,0,state_nonfollows,state_nonfollows_context,empty,full,The BLANK glass is on the table. Ali knocks the glass over. The table is dry.,657fbf0d-49f8-5f26-991f-5f3dccfcf30d,base
A9IPBD6C63ASJ,1,7,context,1,state_nonfollows,state_nonfollows_context,empty,full,The BLANK glass is on the table. Ali knocks the glass over. The table is dry.,657fbf0d-49f8-5f26-991f-5f3dccfcf30d,base
AF0M3066S5UF1,1,7,context,1,state_nonfollows,state_nonfollows_context,empty,full,The BLANK glass is on the table. Ali knocks the glass over. The table is dry.,657fbf0d-49f8-5f26-991f-5f3dccfcf30d,base
ALLAOJV83NU5Q,1,7,context,1,state_nonfollows,state_nonfollows_context,empty,full,The BLANK glass is on the table. Ali knocks the glass over. The table is dry.,657fbf0d-49f8-5f26-991f-5f3dccfcf30d,base
AOOLS8280CL0Z,1,7,context,1,state_nonfollows,state_nonfollows_context,empty,full,The BLANK glass is on the table. Ali knocks the glass over. The table is dry.,657fbf0d-49f8-5f26-991f-5f3dccfcf30d,base
APEPEEDYQTGMC,1,7,context,1,state_nonfollows,state_nonfollows_context,empty,full,The BLANK glass is on the table. Ali knocks the glass over. The table is dry.,657fbf0d-49f8-5f26-991f-5f3dccfcf30d,base
A11FXG88VL23K5,1,7,context,1,relative_pos,relative_pos_context,ball,box,The ball and the box are on the table. Ali picks up the BLANK. The ball is higher than the box.,ce9762a9-524c-5f85-9eea-36bc96a43378,base
A1DRNG1LGX8OA0,1,7,context,1,relative_pos,relative_pos_context,ball,box,The ball and the box are on the table. Ali picks up the BLANK. The ball is higher than the box.,ce9762a9-524c-5f85-9eea-36bc96a43378,base
A1I0DV4B4MFQCL,1,7,context,1,relative_pos,relative_pos_context,ball,box,The ball and the box are on the table. Ali picks up the BLANK. The ball is higher than the box.,ce9762a9-524c-5f85-9eea-36bc96a43378,base
A1OOCYEFLAJD98,1,7,context,1,relative_pos,relative_pos_context,ball,box,The ball and the box are on the table. Ali picks up the BLANK. The ball is higher than the box.,ce9762a9-524c-5f85-9eea-36bc96a43378,base
A1QWQI2ZV6TFOB,1,7,context,1,relative_pos,relative_pos_context,ball,box,The ball and the box are on the table. Ali picks up the BLANK. The ball is higher than the box.,ce9762a9-524c-5f85-9eea-36bc96a43378,base
A29Z9P7UNLDTU5,1,7,context,1,relative_pos,relative_pos_context,ball,box,The ball and the box are on the table. Ali picks up the BLANK. The ball is higher than the box.,ce9762a9-524c-5f85-9eea-36bc96a43378,base
A2ENGQJ6CBQSUP,1,7,context,1,relative_pos,relative_pos_context,ball,box,The ball and the box are on the table. Ali picks up the BLANK. The ball is higher than the box.,ce9762a9-524c-5f85-9eea-36bc96a43378,base
A2KDYSLV030FVX,1,7,context,1,relative_pos,relative_pos_context,ball,box,The ball and the box are on the table. Ali picks up the BLANK. The ball is higher than the box.,ce9762a9-524c-5f85-9eea-36bc96a43378,base
A2PAMXM5XJGGPO,1,7,context,1,relative_pos,relative_pos_context,ball,box,The ball and the box are on the table. Ali picks up the BLANK. The ball is higher than the box.,ce9762a9-524c-5f85-9eea-36bc96a43378,base
A2XFO0X6RCS98M,1,7,context,1,relative_pos,relative_pos_context,ball,box,The ball and the box are on the table. Ali picks up the BLANK. The ball is higher than the box.,ce9762a9-524c-5f85-9eea-36bc96a43378,base
A341XKSRZ58FJK,1,7,context,1,relative_pos,relative_pos_context,ball,box,The ball and the box are on the table. Ali picks up the BLANK. The ball is higher than the box.,ce9762a9-524c-5f85-9eea-36bc96a43378,base
A3760PCQD2MPIO,1,7,context,1,relative_pos,relative_pos_context,ball,box,The ball and the box are on the table. Ali picks up the BLANK. The ball is higher than the box.,ce9762a9-524c-5f85-9eea-36bc96a43378,base
A37E36IPU0BJX5,1,7,context,0,relative_pos,relative_pos_context,ball,box,The ball and the box are on the table. Ali picks up the BLANK. The ball is higher than the box.,ce9762a9-524c-5f85-9eea-36bc96a43378,base
A37GOI3N77WX21,1,7,context,1,relative_pos,relative_pos_context,ball,box,The ball and the box are on the table. Ali picks up the BLANK. The ball is higher than the box.,ce9762a9-524c-5f85-9eea-36bc96a43378,base
A39C1BN9ZSQ0R2,1,7,context,1,relative_pos,relative_pos_context,ball,box,The ball and the box are on the table. Ali picks up the BLANK. The ball is higher than the box.,ce9762a9-524c-5f85-9eea-36bc96a43378,base
A3H3BTRV6I3LYU,1,7,context,0,relative_pos,relative_pos_context,ball,box,The ball and the box are on the table. Ali picks up the BLANK. The ball is higher than the box.,ce9762a9-524c-5f85-9eea-36bc96a43378,base
A9IPBD6C63ASJ,1,7,context,1,relative_pos,relative_pos_context,ball,box,The ball and the box are on the table. Ali picks up the BLANK. The ball is higher than the box.,ce9762a9-524c-5f85-9eea-36bc96a43378,base
AF0M3066S5UF1,1,7,context,1,relative_pos,relative_pos_context,ball,box,The ball and the box are on the table. Ali picks up the BLANK. The ball is higher than the box.,ce9762a9-524c-5f85-9eea-36bc96a43378,base
ALLAOJV83NU5Q,1,7,context,1,relative_pos,relative_pos_context,ball,box,The ball and the box are on the table. Ali picks up the BLANK. The ball is higher than the box.,ce9762a9-524c-5f85-9eea-36bc96a43378,base
AOOLS8280CL0Z,1,7,context,0,relative_pos,relative_pos_context,ball,box,The ball and the box are on the table. Ali picks up the BLANK. The ball is higher than the box.,ce9762a9-524c-5f85-9eea-36bc96a43378,base
APEPEEDYQTGMC,1,7,context,1,relative_pos,relative_pos_context,ball,box,The ball and the box are on the table. Ali picks up the BLANK. The ball is higher than the box.,ce9762a9-524c-5f85-9eea-36bc96a43378,base
A11FXG88VL23K5,1,7,context,0,action_nonfollows,action_nonfollows_context,on top of,below,The ball is BLANK the box. Ali pushes the box forward. The ball is on top of the box.,124904f0-d433-5944-a809-fab2485f6f89,base
A1DRNG1LGX8OA0,1,7,context,1,action_nonfollows,action_nonfollows_context,on top of,below,The ball is BLANK the box. Ali pushes the box forward. The ball is on top of the box.,124904f0-d433-5944-a809-fab2485f6f89,base
A1I0DV4B4MFQCL,1,7,context,1,action_nonfollows,action_nonfollows_context,on top of,below,The ball is BLANK the box. Ali pushes the box forward. The ball is on top of the box.,124904f0-d433-5944-a809-fab2485f6f89,base
A1OOCYEFLAJD98,1,7,context,1,action_nonfollows,action_nonfollows_context,on top of,below,The ball is BLANK the box. Ali pushes the box forward. The ball is on top of the box.,124904f0-d433-5944-a809-fab2485f6f89,base
A1QWQI2ZV6TFOB,1,7,context,1,action_nonfollows,action_nonfollows_context,on top of,below,The ball is BLANK the box. Ali pushes the box forward. The ball is on top of the box.,124904f0-d433-5944-a809-fab2485f6f89,base
A29Z9P7UNLDTU5,1,7,context,1,action_nonfollows,action_nonfollows_context,on top of,below,The ball is BLANK the box. Ali pushes the box forward. The ball is on top of the box.,124904f0-d433-5944-a809-fab2485f6f89,base
A2ENGQJ6CBQSUP,1,7,context,0,action_nonfollows,action_nonfollows_context,on top of,below,The ball is BLANK the box. Ali pushes the box forward. The ball is on top of the box.,124904f0-d433-5944-a809-fab2485f6f89,base
A2KDYSLV030FVX,1,7,context,1,action_nonfollows,action_nonfollows_context,on top of,below,The ball is BLANK the box. Ali pushes the box forward. The ball is on top of the box.,124904f0-d433-5944-a809-fab2485f6f89,base
A2PAMXM5XJGGPO,1,7,context,1,action_nonfollows,action_nonfollows_context,on top of,below,The ball is BLANK the box. Ali pushes the box forward. The ball is on top of the box.,124904f0-d433-5944-a809-fab2485f6f89,base
A2XFO0X6RCS98M,1,7,context,1,action_nonfollows,action_nonfollows_context,on top of,below,The ball is BLANK the box. Ali pushes the box forward. The ball is on top of the box.,124904f0-d433-5944-a809-fab2485f6f89,base
A341XKSRZ58FJK,1,7,context,1,action_nonfollows,action_nonfollows_context,on top of,below,The ball is BLANK the box. Ali pushes the box forward. The ball is on top of the box.,124904f0-d433-5944-a809-fab2485f6f89,base
A3760PCQD2MPIO,1,7,context,0,action_nonfollows,action_nonfollows_context,on top of,below,The ball is BLANK the box. Ali pushes the box forward. The ball is on top of the box.,124904f0-d433-5944-a809-fab2485f6f89,base
A37E36IPU0BJX5,1,7,context,1,action_nonfollows,action_nonfollows_context,on top of,below,The ball is BLANK the box. Ali pushes the box forward. The ball is on top of the box.,124904f0-d433-5944-a809-fab2485f6f89,base
A37GOI3N77WX21,1,7,context,1,action_nonfollows,action_nonfollows_context,on top of,below,The ball is BLANK the box. Ali pushes the box forward. The ball is on top of the box.,124904f0-d433-5944-a809-fab2485f6f89,base
A39C1BN9ZSQ0R2,1,7,context,1,action_nonfollows,action_nonfollows_context,on top of,below,The ball is BLANK the box. Ali pushes the box forward. The ball is on top of the box.,124904f0-d433-5944-a809-fab2485f6f89,base
A3H3BTRV6I3LYU,1,7,context,1,action_nonfollows,action_nonfollows_context,on top of,below,The ball is BLANK the box. Ali pushes the box forward. The ball is on top of the box.,124904f0-d433-5944-a809-fab2485f6f89,base
A9IPBD6C63ASJ,1,7,context,0,action_nonfollows,action_nonfollows_context,on top of,below,The ball is BLANK the box. Ali pushes the box forward. The ball is on top of the box.,124904f0-d433-5944-a809-fab2485f6f89,base
AF0M3066S5UF1,1,7,context,1,action_nonfollows,action_nonfollows_context,on top of,below,The ball is BLANK the box. Ali pushes the box forward. The ball is on top of the box.,124904f0-d433-5944-a809-fab2485f6f89,base
ALLAOJV83NU5Q,1,7,context,1,action_nonfollows,action_nonfollows_context,on top of,below,The ball is BLANK the box. Ali pushes the box forward. The ball is on top of the box.,124904f0-d433-5944-a809-fab2485f6f89,base
AOOLS8280CL0Z,1,7,context,1,action_nonfollows,action_nonfollows_context,on top of,below,The ball is BLANK the box. Ali pushes the box forward. The ball is on top of the box.,124904f0-d433-5944-a809-fab2485f6f89,base
APEPEEDYQTGMC,1,7,context,1,action_nonfollows,action_nonfollows_context,on top of,below,The ball is BLANK the box. Ali pushes the box forward. The ball is on top of the box.,124904f0-d433-5944-a809-fab2485f6f89,base
A11FXG88VL23K5,1,7,context,0,action_nonfollows,action_nonfollows_context,far from,touching,The ball is BLANK the box. Ali pushes the box. The ball doesn't move.,dc215a69-e985-5f6f-9cee-cc4877facb3d,base
A1DRNG1LGX8OA0,1,7,context,1,action_nonfollows,action_nonfollows_context,far from,touching,The ball is BLANK the box. Ali pushes the box. The ball doesn't move.,dc215a69-e985-5f6f-9cee-cc4877facb3d,base
A1I0DV4B4MFQCL,1,7,context,1,action_nonfollows,action_nonfollows_context,far from,touching,The ball is BLANK the box. Ali pushes the box. The ball doesn't move.,dc215a69-e985-5f6f-9cee-cc4877facb3d,base
A1OOCYEFLAJD98,1,7,context,1,action_nonfollows,action_nonfollows_context,far from,touching,The ball is BLANK the box. Ali pushes the box. The ball doesn't move.,dc215a69-e985-5f6f-9cee-cc4877facb3d,base
A1QWQI2ZV6TFOB,1,7,context,1,action_nonfollows,action_nonfollows_context,far from,touching,The ball is BLANK the box. Ali pushes the box. The ball doesn't move.,dc215a69-e985-5f6f-9cee-cc4877facb3d,base
A29Z9P7UNLDTU5,1,7,context,1,action_nonfollows,action_nonfollows_context,far from,touching,The ball is BLANK the box. Ali pushes the box. The ball doesn't move.,dc215a69-e985-5f6f-9cee-cc4877facb3d,base
A2ENGQJ6CBQSUP,1,7,context,1,action_nonfollows,action_nonfollows_context,far from,touching,The ball is BLANK the box. Ali pushes the box. The ball doesn't move.,dc215a69-e985-5f6f-9cee-cc4877facb3d,base
A2KDYSLV030FVX,1,7,context,1,action_nonfollows,action_nonfollows_context,far from,touching,The ball is BLANK the box. Ali pushes the box. The ball doesn't move.,dc215a69-e985-5f6f-9cee-cc4877facb3d,base
A2PAMXM5XJGGPO,1,7,context,1,action_nonfollows,action_nonfollows_context,far from,touching,The ball is BLANK the box. Ali pushes the box. The ball doesn't move.,dc215a69-e985-5f6f-9cee-cc4877facb3d,base
A2XFO0X6RCS98M,1,7,context,1,action_nonfollows,action_nonfollows_context,far from,touching,The ball is BLANK the box. Ali pushes the box. The ball doesn't move.,dc215a69-e985-5f6f-9cee-cc4877facb3d,base
A341XKSRZ58FJK,1,7,context,1,action_nonfollows,action_nonfollows_context,far from,touching,The ball is BLANK the box. Ali pushes the box. The ball doesn't move.,dc215a69-e985-5f6f-9cee-cc4877facb3d,base
A3760PCQD2MPIO,1,7,context,1,action_nonfollows,action_nonfollows_context,far from,touching,The ball is BLANK the box. Ali pushes the box. The ball doesn't move.,dc215a69-e985-5f6f-9cee-cc4877facb3d,base
A37E36IPU0BJX5,1,7,context,0,action_nonfollows,action_nonfollows_context,far from,touching,The ball is BLANK the box. Ali pushes the box. The ball doesn't move.,dc215a69-e985-5f6f-9cee-cc4877facb3d,base
A37GOI3N77WX21,1,7,context,1,action_nonfollows,action_nonfollows_context,far from,touching,The ball is BLANK the box. Ali pushes the box. The ball doesn't move.,dc215a69-e985-5f6f-9cee-cc4877facb3d,base
A39C1BN9ZSQ0R2,1,7,context,1,action_nonfollows,action_nonfollows_context,far from,touching,The ball is BLANK the box. Ali pushes the box. The ball doesn't move.,dc215a69-e985-5f6f-9cee-cc4877facb3d,base
A3H3BTRV6I3LYU,1,7,context,1,action_nonfollows,action_nonfollows_context,far from,touching,The ball is BLANK the box. Ali pushes the box. The ball doesn't move.,dc215a69-e985-5f6f-9cee-cc4877facb3d,base
A9IPBD6C63ASJ,1,7,context,1,action_nonfollows,action_nonfollows_context,far from,touching,The ball is BLANK the box. Ali pushes the box. The ball doesn't move.,dc215a69-e985-5f6f-9cee-cc4877facb3d,base
AF0M3066S5UF1,1,7,context,1,action_nonfollows,action_nonfollows_context,far from,touching,The ball is BLANK the box. Ali pushes the box. The ball doesn't move.,dc215a69-e985-5f6f-9cee-cc4877facb3d,base
ALLAOJV83NU5Q,1,7,context,1,action_nonfollows,action_nonfollows_context,far from,touching,The ball is BLANK the box. Ali pushes the box. The ball doesn't move.,dc215a69-e985-5f6f-9cee-cc4877facb3d,base
AOOLS8280CL0Z,1,7,context,1,action_nonfollows,action_nonfollows_context,far from,touching,The ball is BLANK the box. Ali pushes the box. The ball doesn't move.,dc215a69-e985-5f6f-9cee-cc4877facb3d,base
APEPEEDYQTGMC,1,7,context,1,action_nonfollows,action_nonfollows_context,far from,touching,The ball is BLANK the box. Ali pushes the box. The ball doesn't move.,dc215a69-e985-5f6f-9cee-cc4877facb3d,base
A11FXG88VL23K5,1,7,context,0,action_nonfollows,action_nonfollows_context,above,under,The ball is BLANK the box. The ball moves right. The ball is higher than the box.,ee32b476-c535-542e-91e6-7f3a2a64fe12,base
A1DRNG1LGX8OA0,1,7,context,1,action_nonfollows,action_nonfollows_context,above,under,The ball is BLANK the box. The ball moves right. The ball is higher than the box.,ee32b476-c535-542e-91e6-7f3a2a64fe12,base
A1I0DV4B4MFQCL,1,7,context,1,action_nonfollows,action_nonfollows_context,above,under,The ball is BLANK the box. The ball moves right. The ball is higher than the box.,ee32b476-c535-542e-91e6-7f3a2a64fe12,base
A1OOCYEFLAJD98,1,7,context,1,action_nonfollows,action_nonfollows_context,above,under,The ball is BLANK the box. The ball moves right. The ball is higher than the box.,ee32b476-c535-542e-91e6-7f3a2a64fe12,base
A1QWQI2ZV6TFOB,1,7,context,0,action_nonfollows,action_nonfollows_context,above,under,The ball is BLANK the box. The ball moves right. The ball is higher than the box.,ee32b476-c535-542e-91e6-7f3a2a64fe12,base
A29Z9P7UNLDTU5,1,7,context,1,action_nonfollows,action_nonfollows_context,above,under,The ball is BLANK the box. The ball moves right. The ball is higher than the box.,ee32b476-c535-542e-91e6-7f3a2a64fe12,base
A2ENGQJ6CBQSUP,1,7,context,1,action_nonfollows,action_nonfollows_context,above,under,The ball is BLANK the box. The ball moves right. The ball is higher than the box.,ee32b476-c535-542e-91e6-7f3a2a64fe12,base
A2KDYSLV030FVX,1,7,context,0,action_nonfollows,action_nonfollows_context,above,under,The ball is BLANK the box. The ball moves right. The ball is higher than the box.,ee32b476-c535-542e-91e6-7f3a2a64fe12,base
A2PAMXM5XJGGPO,1,7,context,1,action_nonfollows,action_nonfollows_context,above,under,The ball is BLANK the box. The ball moves right. The ball is higher than the box.,ee32b476-c535-542e-91e6-7f3a2a64fe12,base
A2XFO0X6RCS98M,1,7,context,1,action_nonfollows,action_nonfollows_context,above,under,The ball is BLANK the box. The ball moves right. The ball is higher than the box.,ee32b476-c535-542e-91e6-7f3a2a64fe12,base
A341XKSRZ58FJK,1,7,context,1,action_nonfollows,action_nonfollows_context,above,under,The ball is BLANK the box. The ball moves right. The ball is higher than the box.,ee32b476-c535-542e-91e6-7f3a2a64fe12,base
A3760PCQD2MPIO,1,7,context,0,action_nonfollows,action_nonfollows_context,above,under,The ball is BLANK the box. The ball moves right. The ball is higher than the box.,ee32b476-c535-542e-91e6-7f3a2a64fe12,base
A37E36IPU0BJX5,1,7,context,0,action_nonfollows,action_nonfollows_context,above,under,The ball is BLANK the box. The ball moves right. The ball is higher than the box.,ee32b476-c535-542e-91e6-7f3a2a64fe12,base
A37GOI3N77WX21,1,7,context,1,action_nonfollows,action_nonfollows_context,above,under,The ball is BLANK the box. The ball moves right. The ball is higher than the box.,ee32b476-c535-542e-91e6-7f3a2a64fe12,base
A39C1BN9ZSQ0R2,1,7,context,1,action_nonfollows,action_nonfollows_context,above,under,The ball is BLANK the box. The ball moves right. The ball is higher than the box.,ee32b476-c535-542e-91e6-7f3a2a64fe12,base
A3H3BTRV6I3LYU,1,7,context,0,action_nonfollows,action_nonfollows_context,above,under,The ball is BLANK the box. The ball moves right. The ball is higher than the box.,ee32b476-c535-542e-91e6-7f3a2a64fe12,base
A9IPBD6C63ASJ,1,7,context,1,action_nonfollows,action_nonfollows_context,above,under,The ball is BLANK the box. The ball moves right. The ball is higher than the box.,ee32b476-c535-542e-91e6-7f3a2a64fe12,base
AF0M3066S5UF1,1,7,context,1,action_nonfollows,action_nonfollows_context,above,under,The ball is BLANK the box. The ball moves right. The ball is higher than the box.,ee32b476-c535-542e-91e6-7f3a2a64fe12,base
ALLAOJV83NU5Q,1,7,context,1,action_nonfollows,action_nonfollows_context,above,under,The ball is BLANK the box. The ball moves right. The ball is higher than the box.,ee32b476-c535-542e-91e6-7f3a2a64fe12,base
AOOLS8280CL0Z,1,7,context,1,action_nonfollows,action_nonfollows_context,above,under,The ball is BLANK the box. The ball moves right. The ball is higher than the box.,ee32b476-c535-542e-91e6-7f3a2a64fe12,base
APEPEEDYQTGMC,1,7,context,1,action_nonfollows,action_nonfollows_context,above,under,The ball is BLANK the box. The ball moves right. The ball is higher than the box.,ee32b476-c535-542e-91e6-7f3a2a64fe12,base
A11FXG88VL23K5,1,7,context,1,relative_pos,relative_pos_context,picks up,doesn't pick up,The ball is inside the box. Ali BLANK the ball. The ball is not touching the box.,d5cee959-7495-5a6e-89c4-e5a9d8372d2a,base
A1DRNG1LGX8OA0,1,7,context,1,relative_pos,relative_pos_context,picks up,doesn't pick up,The ball is inside the box. Ali BLANK the ball. The ball is not touching the box.,d5cee959-7495-5a6e-89c4-e5a9d8372d2a,base
A1I0DV4B4MFQCL,1,7,context,1,relative_pos,relative_pos_context,picks up,doesn't pick up,The ball is inside the box. Ali BLANK the ball. The ball is not touching the box.,d5cee959-7495-5a6e-89c4-e5a9d8372d2a,base
A1OOCYEFLAJD98,1,7,context,1,relative_pos,relative_pos_context,picks up,doesn't pick up,The ball is inside the box. Ali BLANK the ball. The ball is not touching the box.,d5cee959-7495-5a6e-89c4-e5a9d8372d2a,base
A1QWQI2ZV6TFOB,1,7,context,1,relative_pos,relative_pos_context,picks up,doesn't pick up,The ball is inside the box. Ali BLANK the ball. The ball is not touching the box.,d5cee959-7495-5a6e-89c4-e5a9d8372d2a,base
A29Z9P7UNLDTU5,1,7,context,1,relative_pos,relative_pos_context,picks up,doesn't pick up,The ball is inside the box. Ali BLANK the ball. The ball is not touching the box.,d5cee959-7495-5a6e-89c4-e5a9d8372d2a,base
A2ENGQJ6CBQSUP,1,7,context,1,relative_pos,relative_pos_context,picks up,doesn't pick up,The ball is inside the box. Ali BLANK the ball. The ball is not touching the box.,d5cee959-7495-5a6e-89c4-e5a9d8372d2a,base
A2KDYSLV030FVX,1,7,context,1,relative_pos,relative_pos_context,picks up,doesn't pick up,The ball is inside the box. Ali BLANK the ball. The ball is not touching the box.,d5cee959-7495-5a6e-89c4-e5a9d8372d2a,base
A2PAMXM5XJGGPO,1,7,context,1,relative_pos,relative_pos_context,picks up,doesn't pick up,The ball is inside the box. Ali BLANK the ball. The ball is not touching the box.,d5cee959-7495-5a6e-89c4-e5a9d8372d2a,base
A2XFO0X6RCS98M,1,7,context,1,relative_pos,relative_pos_context,picks up,doesn't pick up,The ball is inside the box. Ali BLANK the ball. The ball is not touching the box.,d5cee959-7495-5a6e-89c4-e5a9d8372d2a,base
A341XKSRZ58FJK,1,7,context,1,relative_pos,relative_pos_context,picks up,doesn't pick up,The ball is inside the box. Ali BLANK the ball. The ball is not touching the box.,d5cee959-7495-5a6e-89c4-e5a9d8372d2a,base
A3760PCQD2MPIO,1,7,context,1,relative_pos,relative_pos_context,picks up,doesn't pick up,The ball is inside the box. Ali BLANK the ball. The ball is not touching the box.,d5cee959-7495-5a6e-89c4-e5a9d8372d2a,base
A37E36IPU0BJX5,1,7,context,1,relative_pos,relative_pos_context,picks up,doesn't pick up,The ball is inside the box. Ali BLANK the ball. The ball is not touching the box.,d5cee959-7495-5a6e-89c4-e5a9d8372d2a,base
A37GOI3N77WX21,1,7,context,1,relative_pos,relative_pos_context,picks up,doesn't pick up,The ball is inside the box. Ali BLANK the ball. The ball is not touching the box.,d5cee959-7495-5a6e-89c4-e5a9d8372d2a,base
A39C1BN9ZSQ0R2,1,7,context,0,relative_pos,relative_pos_context,picks up,doesn't pick up,The ball is inside the box. Ali BLANK the ball. The ball is not touching the box.,d5cee959-7495-5a6e-89c4-e5a9d8372d2a,base
A3H3BTRV6I3LYU,1,7,context,0,relative_pos,relative_pos_context,picks up,doesn't pick up,The ball is inside the box. Ali BLANK the ball. The ball is not touching the box.,d5cee959-7495-5a6e-89c4-e5a9d8372d2a,base
A9IPBD6C63ASJ,1,7,context,1,relative_pos,relative_pos_context,picks up,doesn't pick up,The ball is inside the box. Ali BLANK the ball. The ball is not touching the box.,d5cee959-7495-5a6e-89c4-e5a9d8372d2a,base
AF0M3066S5UF1,1,7,context,1,relative_pos,relative_pos_context,picks up,doesn't pick up,The ball is inside the box. Ali BLANK the ball. The ball is not touching the box.,d5cee959-7495-5a6e-89c4-e5a9d8372d2a,base
ALLAOJV83NU5Q,1,7,context,1,relative_pos,relative_pos_context,picks up,doesn't pick up,The ball is inside the box. Ali BLANK the ball. The ball is not touching the box.,d5cee959-7495-5a6e-89c4-e5a9d8372d2a,base
AOOLS8280CL0Z,1,7,context,1,relative_pos,relative_pos_context,picks up,doesn't pick up,The ball is inside the box. Ali BLANK the ball. The ball is not touching the box.,d5cee959-7495-5a6e-89c4-e5a9d8372d2a,base
APEPEEDYQTGMC,1,7,context,1,relative_pos,relative_pos_context,picks up,doesn't pick up,The ball is inside the box. Ali BLANK the ball. The ball is not touching the box.,d5cee959-7495-5a6e-89c4-e5a9d8372d2a,base
A11FXG88VL23K5,1,7,context,0,geocentric_near,geocentric_near_context,East of,West of,The box is BLANK Ali. Ali turns around. The box is East of Ali.,4ff80aaf-24a6-56a6-8436-4aafd349574d,base
A1DRNG1LGX8OA0,1,7,context,0,geocentric_near,geocentric_near_context,East of,West of,The box is BLANK Ali. Ali turns around. The box is East of Ali.,4ff80aaf-24a6-56a6-8436-4aafd349574d,base
A1I0DV4B4MFQCL,1,7,context,0,geocentric_near,geocentric_near_context,East of,West of,The box is BLANK Ali. Ali turns around. The box is East of Ali.,4ff80aaf-24a6-56a6-8436-4aafd349574d,base
A1OOCYEFLAJD98,1,7,context,1,geocentric_near,geocentric_near_context,East of,West of,The box is BLANK Ali. Ali turns around. The box is East of Ali.,4ff80aaf-24a6-56a6-8436-4aafd349574d,base
A1QWQI2ZV6TFOB,1,7,context,0,geocentric_near,geocentric_near_context,East of,West of,The box is BLANK Ali. Ali turns around. The box is East of Ali.,4ff80aaf-24a6-56a6-8436-4aafd349574d,base
A29Z9P7UNLDTU5,1,7,context,0,geocentric_near,geocentric_near_context,East of,West of,The box is BLANK Ali. Ali turns around. The box is East of Ali.,4ff80aaf-24a6-56a6-8436-4aafd349574d,base
A2ENGQJ6CBQSUP,1,7,context,0,geocentric_near,geocentric_near_context,East of,West of,The box is BLANK Ali. Ali turns around. The box is East of Ali.,4ff80aaf-24a6-56a6-8436-4aafd349574d,base
A2KDYSLV030FVX,1,7,context,0,geocentric_near,geocentric_near_context,East of,West of,The box is BLANK Ali. Ali turns around. The box is East of Ali.,4ff80aaf-24a6-56a6-8436-4aafd349574d,base
A2PAMXM5XJGGPO,1,7,context,0,geocentric_near,geocentric_near_context,East of,West of,The box is BLANK Ali. Ali turns around. The box is East of Ali.,4ff80aaf-24a6-56a6-8436-4aafd349574d,base
A2XFO0X6RCS98M,1,7,context,0,geocentric_near,geocentric_near_context,East of,West of,The box is BLANK Ali. Ali turns around. The box is East of Ali.,4ff80aaf-24a6-56a6-8436-4aafd349574d,base
A341XKSRZ58FJK,1,7,context,0,geocentric_near,geocentric_near_context,East of,West of,The box is BLANK Ali. Ali turns around. The box is East of Ali.,4ff80aaf-24a6-56a6-8436-4aafd349574d,base
A3760PCQD2MPIO,1,7,context,1,geocentric_near,geocentric_near_context,East of,West of,The box is BLANK Ali. Ali turns around. The box is East of Ali.,4ff80aaf-24a6-56a6-8436-4aafd349574d,base
A37E36IPU0BJX5,1,7,context,0,geocentric_near,geocentric_near_context,East of,West of,The box is BLANK Ali. Ali turns around. The box is East of Ali.,4ff80aaf-24a6-56a6-8436-4aafd349574d,base
A37GOI3N77WX21,1,7,context,0,geocentric_near,geocentric_near_context,East of,West of,The box is BLANK Ali. Ali turns around. The box is East of Ali.,4ff80aaf-24a6-56a6-8436-4aafd349574d,base
A39C1BN9ZSQ0R2,1,7,context,0,geocentric_near,geocentric_near_context,East of,West of,The box is BLANK Ali. Ali turns around. The box is East of Ali.,4ff80aaf-24a6-56a6-8436-4aafd349574d,base
A3E8SXH0BAYG85,1,7,context,0,geocentric_near,geocentric_near_context,East of,West of,The box is BLANK Ali. Ali turns around. The box is East of Ali.,4ff80aaf-24a6-56a6-8436-4aafd349574d,base
A3H3BTRV6I3LYU,1,7,context,0,geocentric_near,geocentric_near_context,East of,West of,The box is BLANK Ali. Ali turns around. The box is East of Ali.,4ff80aaf-24a6-56a6-8436-4aafd349574d,base
A9IPBD6C63ASJ,1,7,context,0,geocentric_near,geocentric_near_context,East of,West of,The box is BLANK Ali. Ali turns around. The box is East of Ali.,4ff80aaf-24a6-56a6-8436-4aafd349574d,base
AF0M3066S5UF1,1,7,context,0,geocentric_near,geocentric_near_context,East of,West of,The box is BLANK Ali. Ali turns around. The box is East of Ali.,4ff80aaf-24a6-56a6-8436-4aafd349574d,base
ALLAOJV83NU5Q,1,7,context,1,geocentric_near,geocentric_near_context,East of,West of,The box is BLANK Ali. Ali turns around. The box is East of Ali.,4ff80aaf-24a6-56a6-8436-4aafd349574d,base
AOOLS8280CL0Z,1,7,context,1,geocentric_near,geocentric_near_context,East of,West of,The box is BLANK Ali. Ali turns around. The box is East of Ali.,4ff80aaf-24a6-56a6-8436-4aafd349574d,base
APEPEEDYQTGMC,1,7,context,0,geocentric_near,geocentric_near_context,East of,West of,The box is BLANK Ali. Ali turns around. The box is East of Ali.,4ff80aaf-24a6-56a6-8436-4aafd349574d,base
A11FXG88VL23K5,1,7,context,0,action_nonfollows,action_nonfollows_context,below,above,The box is BLANK the bridge. Ali goes over the bridge. The box is below the bridge.,99c2751c-e5d4-5455-891f-5deafb9dde2d,base
A1DRNG1LGX8OA0,1,7,context,1,action_nonfollows,action_nonfollows_context,below,above,The box is BLANK the bridge. Ali goes over the bridge. The box is below the bridge.,99c2751c-e5d4-5455-891f-5deafb9dde2d,base
A1I0DV4B4MFQCL,1,7,context,1,action_nonfollows,action_nonfollows_context,below,above,The box is BLANK the bridge. Ali goes over the bridge. The box is below the bridge.,99c2751c-e5d4-5455-891f-5deafb9dde2d,base
A1OOCYEFLAJD98,1,7,context,1,action_nonfollows,action_nonfollows_context,below,above,The box is BLANK the bridge. Ali goes over the bridge. The box is below the bridge.,99c2751c-e5d4-5455-891f-5deafb9dde2d,base
A1QWQI2ZV6TFOB,1,7,context,1,action_nonfollows,action_nonfollows_context,below,above,The box is BLANK the bridge. Ali goes over the bridge. The box is below the bridge.,99c2751c-e5d4-5455-891f-5deafb9dde2d,base
A29Z9P7UNLDTU5,1,7,context,1,action_nonfollows,action_nonfollows_context,below,above,The box is BLANK the bridge. Ali goes over the bridge. The box is below the bridge.,99c2751c-e5d4-5455-891f-5deafb9dde2d,base
A2ENGQJ6CBQSUP,1,7,context,0,action_nonfollows,action_nonfollows_context,below,above,The box is BLANK the bridge. Ali goes over the bridge. The box is below the bridge.,99c2751c-e5d4-5455-891f-5deafb9dde2d,base
A2KDYSLV030FVX,1,7,context,1,action_nonfollows,action_nonfollows_context,below,above,The box is BLANK the bridge. Ali goes over the bridge. The box is below the bridge.,99c2751c-e5d4-5455-891f-5deafb9dde2d,base
A2PAMXM5XJGGPO,1,7,context,1,action_nonfollows,action_nonfollows_context,below,above,The box is BLANK the bridge. Ali goes over the bridge. The box is below the bridge.,99c2751c-e5d4-5455-891f-5deafb9dde2d,base
A2XFO0X6RCS98M,1,7,context,1,action_nonfollows,action_nonfollows_context,below,above,The box is BLANK the bridge. Ali goes over the bridge. The box is below the bridge.,99c2751c-e5d4-5455-891f-5deafb9dde2d,base
A341XKSRZ58FJK,1,7,context,1,action_nonfollows,action_nonfollows_context,below,above,The box is BLANK the bridge. Ali goes over the bridge. The box is below the bridge.,99c2751c-e5d4-5455-891f-5deafb9dde2d,base
A3760PCQD2MPIO,1,7,context,1,action_nonfollows,action_nonfollows_context,below,above,The box is BLANK the bridge. Ali goes over the bridge. The box is below the bridge.,99c2751c-e5d4-5455-891f-5deafb9dde2d,base
A37E36IPU0BJX5,1,7,context,0,action_nonfollows,action_nonfollows_context,below,above,The box is BLANK the bridge. Ali goes over the bridge. The box is below the bridge.,99c2751c-e5d4-5455-891f-5deafb9dde2d,base
A37GOI3N77WX21,1,7,context,1,action_nonfollows,action_nonfollows_context,below,above,The box is BLANK the bridge. Ali goes over the bridge. The box is below the bridge.,99c2751c-e5d4-5455-891f-5deafb9dde2d,base
A39C1BN9ZSQ0R2,1,7,context,1,action_nonfollows,action_nonfollows_context,below,above,The box is BLANK the bridge. Ali goes over the bridge. The box is below the bridge.,99c2751c-e5d4-5455-891f-5deafb9dde2d,base
A3H3BTRV6I3LYU,1,7,context,0,action_nonfollows,action_nonfollows_context,below,above,The box is BLANK the bridge. Ali goes over the bridge. The box is below the bridge.,99c2751c-e5d4-5455-891f-5deafb9dde2d,base
A9IPBD6C63ASJ,1,7,context,1,action_nonfollows,action_nonfollows_context,below,above,The box is BLANK the bridge. Ali goes over the bridge. The box is below the bridge.,99c2751c-e5d4-5455-891f-5deafb9dde2d,base
AF0M3066S5UF1,1,7,context,1,action_nonfollows,action_nonfollows_context,below,above,The box is BLANK the bridge. Ali goes over the bridge. The box is below the bridge.,99c2751c-e5d4-5455-891f-5deafb9dde2d,base
ALLAOJV83NU5Q,1,7,context,1,action_nonfollows,action_nonfollows_context,below,above,The box is BLANK the bridge. Ali goes over the bridge. The box is below the bridge.,99c2751c-e5d4-5455-891f-5deafb9dde2d,base
AOOLS8280CL0Z,1,7,context,1,action_nonfollows,action_nonfollows_context,below,above,The box is BLANK the bridge. Ali goes over the bridge. The box is below the bridge.,99c2751c-e5d4-5455-891f-5deafb9dde2d,base
APEPEEDYQTGMC,1,7,context,1,action_nonfollows,action_nonfollows_context,below,above,The box is BLANK the bridge. Ali goes over the bridge. The box is below the bridge.,99c2751c-e5d4-5455-891f-5deafb9dde2d,base
A11FXG88VL23K5,1,7,context,0,action_nonfollows,action_nonfollows_context,tennis ball,bowling ball,The box is floating in the water. Ali puts a BLANK in the box. The box floats.,c9e81b2e-e503-5d60-bf71-74aa61745a98,base
A1DRNG1LGX8OA0,1,7,context,1,action_nonfollows,action_nonfollows_context,tennis ball,bowling ball,The box is floating in the water. Ali puts a BLANK in the box. The box floats.,c9e81b2e-e503-5d60-bf71-74aa61745a98,base
A1I0DV4B4MFQCL,1,7,context,1,action_nonfollows,action_nonfollows_context,tennis ball,bowling ball,The box is floating in the water. Ali puts a BLANK in the box. The box floats.,c9e81b2e-e503-5d60-bf71-74aa61745a98,base
A1OOCYEFLAJD98,1,7,context,1,action_nonfollows,action_nonfollows_context,tennis ball,bowling ball,The box is floating in the water. Ali puts a BLANK in the box. The box floats.,c9e81b2e-e503-5d60-bf71-74aa61745a98,base
A1QWQI2ZV6TFOB,1,7,context,1,action_nonfollows,action_nonfollows_context,tennis ball,bowling ball,The box is floating in the water. Ali puts a BLANK in the box. The box floats.,c9e81b2e-e503-5d60-bf71-74aa61745a98,base
A29Z9P7UNLDTU5,1,7,context,1,action_nonfollows,action_nonfollows_context,tennis ball,bowling ball,The box is floating in the water. Ali puts a BLANK in the box. The box floats.,c9e81b2e-e503-5d60-bf71-74aa61745a98,base
A2ENGQJ6CBQSUP,1,7,context,1,action_nonfollows,action_nonfollows_context,tennis ball,bowling ball,The box is floating in the water. Ali puts a BLANK in the box. The box floats.,c9e81b2e-e503-5d60-bf71-74aa61745a98,base
A2KDYSLV030FVX,1,7,context,1,action_nonfollows,action_nonfollows_context,tennis ball,bowling ball,The box is floating in the water. Ali puts a BLANK in the box. The box floats.,c9e81b2e-e503-5d60-bf71-74aa61745a98,base
A2PAMXM5XJGGPO,1,7,context,1,action_nonfollows,action_nonfollows_context,tennis ball,bowling ball,The box is floating in the water. Ali puts a BLANK in the box. The box floats.,c9e81b2e-e503-5d60-bf71-74aa61745a98,base
A2XFO0X6RCS98M,1,7,context,1,action_nonfollows,action_nonfollows_context,tennis ball,bowling ball,The box is floating in the water. Ali puts a BLANK in the box. The box floats.,c9e81b2e-e503-5d60-bf71-74aa61745a98,base
A341XKSRZ58FJK,1,7,context,1,action_nonfollows,action_nonfollows_context,tennis ball,bowling ball,The box is floating in the water. Ali puts a BLANK in the box. The box floats.,c9e81b2e-e503-5d60-bf71-74aa61745a98,base
A3760PCQD2MPIO,1,7,context,1,action_nonfollows,action_nonfollows_context,tennis ball,bowling ball,The box is floating in the water. Ali puts a BLANK in the box. The box floats.,c9e81b2e-e503-5d60-bf71-74aa61745a98,base
A37E36IPU0BJX5,1,7,context,1,action_nonfollows,action_nonfollows_context,tennis ball,bowling ball,The box is floating in the water. Ali puts a BLANK in the box. The box floats.,c9e81b2e-e503-5d60-bf71-74aa61745a98,base
A37GOI3N77WX21,1,7,context,1,action_nonfollows,action_nonfollows_context,tennis ball,bowling ball,The box is floating in the water. Ali puts a BLANK in the box. The box floats.,c9e81b2e-e503-5d60-bf71-74aa61745a98,base
A39C1BN9ZSQ0R2,1,7,context,1,action_nonfollows,action_nonfollows_context,tennis ball,bowling ball,The box is floating in the water. Ali puts a BLANK in the box. The box floats.,c9e81b2e-e503-5d60-bf71-74aa61745a98,base
A3E8SXH0BAYG85,1,7,context,1,action_nonfollows,action_nonfollows_context,tennis ball,bowling ball,The box is floating in the water. Ali puts a BLANK in the box. The box floats.,c9e81b2e-e503-5d60-bf71-74aa61745a98,base
A3H3BTRV6I3LYU,1,7,context,1,action_nonfollows,action_nonfollows_context,tennis ball,bowling ball,The box is floating in the water. Ali puts a BLANK in the box. The box floats.,c9e81b2e-e503-5d60-bf71-74aa61745a98,base
A9IPBD6C63ASJ,1,7,context,1,action_nonfollows,action_nonfollows_context,tennis ball,bowling ball,The box is floating in the water. Ali puts a BLANK in the box. The box floats.,c9e81b2e-e503-5d60-bf71-74aa61745a98,base
AF0M3066S5UF1,1,7,context,1,action_nonfollows,action_nonfollows_context,tennis ball,bowling ball,The box is floating in the water. Ali puts a BLANK in the box. The box floats.,c9e81b2e-e503-5d60-bf71-74aa61745a98,base
ALLAOJV83NU5Q,1,7,context,1,action_nonfollows,action_nonfollows_context,tennis ball,bowling ball,The box is floating in the water. Ali puts a BLANK in the box. The box floats.,c9e81b2e-e503-5d60-bf71-74aa61745a98,base
AOOLS8280CL0Z,1,7,context,1,action_nonfollows,action_nonfollows_context,tennis ball,bowling ball,The box is floating in the water. Ali puts a BLANK in the box. The box floats.,c9e81b2e-e503-5d60-bf71-74aa61745a98,base
APEPEEDYQTGMC,1,7,context,1,action_nonfollows,action_nonfollows_context,tennis ball,bowling ball,The box is floating in the water. Ali puts a BLANK in the box. The box floats.,c9e81b2e-e503-5d60-bf71-74aa61745a98,base
A11FXG88VL23K5,1,7,context,0,action_follows,action_follows_context,bin,box,The box is in the bin. Ali moves the BLANK. The box moves.,ba511d3f-7a5b-591f-949b-5e33661c51db,base
A1DRNG1LGX8OA0,1,7,context,1,action_follows,action_follows_context,bin,box,The box is in the bin. Ali moves the BLANK. The box moves.,ba511d3f-7a5b-591f-949b-5e33661c51db,base
A1I0DV4B4MFQCL,1,7,context,1,action_follows,action_follows_context,bin,box,The box is in the bin. Ali moves the BLANK. The box moves.,ba511d3f-7a5b-591f-949b-5e33661c51db,base
A1OOCYEFLAJD98,1,7,context,1,action_follows,action_follows_context,bin,box,The box is in the bin. Ali moves the BLANK. The box moves.,ba511d3f-7a5b-591f-949b-5e33661c51db,base
A1QWQI2ZV6TFOB,1,7,context,1,action_follows,action_follows_context,bin,box,The box is in the bin. Ali moves the BLANK. The box moves.,ba511d3f-7a5b-591f-949b-5e33661c51db,base
A29Z9P7UNLDTU5,1,7,context,1,action_follows,action_follows_context,bin,box,The box is in the bin. Ali moves the BLANK. The box moves.,ba511d3f-7a5b-591f-949b-5e33661c51db,base
A2ENGQJ6CBQSUP,1,7,context,0,action_follows,action_follows_context,bin,box,The box is in the bin. Ali moves the BLANK. The box moves.,ba511d3f-7a5b-591f-949b-5e33661c51db,base
A2KDYSLV030FVX,1,7,context,0,action_follows,action_follows_context,bin,box,The box is in the bin. Ali moves the BLANK. The box moves.,ba511d3f-7a5b-591f-949b-5e33661c51db,base
A2PAMXM5XJGGPO,1,7,context,1,action_follows,action_follows_context,bin,box,The box is in the bin. Ali moves the BLANK. The box moves.,ba511d3f-7a5b-591f-949b-5e33661c51db,base
A2XFO0X6RCS98M,1,7,context,1,action_follows,action_follows_context,bin,box,The box is in the bin. Ali moves the BLANK. The box moves.,ba511d3f-7a5b-591f-949b-5e33661c51db,base
A341XKSRZ58FJK,1,7,context,1,action_follows,action_follows_context,bin,box,The box is in the bin. Ali moves the BLANK. The box moves.,ba511d3f-7a5b-591f-949b-5e33661c51db,base
A3760PCQD2MPIO,1,7,context,1,action_follows,action_follows_context,bin,box,The box is in the bin. Ali moves the BLANK. The box moves.,ba511d3f-7a5b-591f-949b-5e33661c51db,base
A37E36IPU0BJX5,1,7,context,1,action_follows,action_follows_context,bin,box,The box is in the bin. Ali moves the BLANK. The box moves.,ba511d3f-7a5b-591f-949b-5e33661c51db,base
A37GOI3N77WX21,1,7,context,1,action_follows,action_follows_context,bin,box,The box is in the bin. Ali moves the BLANK. The box moves.,ba511d3f-7a5b-591f-949b-5e33661c51db,base
A39C1BN9ZSQ0R2,1,7,context,1,action_follows,action_follows_context,bin,box,The box is in the bin. Ali moves the BLANK. The box moves.,ba511d3f-7a5b-591f-949b-5e33661c51db,base
A3E8SXH0BAYG85,1,7,context,1,action_follows,action_follows_context,bin,box,The box is in the bin. Ali moves the BLANK. The box moves.,ba511d3f-7a5b-591f-949b-5e33661c51db,base
A3H3BTRV6I3LYU,1,7,context,1,action_follows,action_follows_context,bin,box,The box is in the bin. Ali moves the BLANK. The box moves.,ba511d3f-7a5b-591f-949b-5e33661c51db,base
A9IPBD6C63ASJ,1,7,context,1,action_follows,action_follows_context,bin,box,The box is in the bin. Ali moves the BLANK. The box moves.,ba511d3f-7a5b-591f-949b-5e33661c51db,base
AF0M3066S5UF1,1,7,context,1,action_follows,action_follows_context,bin,box,The box is in the bin. Ali moves the BLANK. The box moves.,ba511d3f-7a5b-591f-949b-5e33661c51db,base
ALLAOJV83NU5Q,1,7,context,1,action_follows,action_follows_context,bin,box,The box is in the bin. Ali moves the BLANK. The box moves.,ba511d3f-7a5b-591f-949b-5e33661c51db,base
AOOLS8280CL0Z,1,7,context,0,action_follows,action_follows_context,bin,box,The box is in the bin. Ali moves the BLANK. The box moves.,ba511d3f-7a5b-591f-949b-5e33661c51db,base
APEPEEDYQTGMC,1,7,context,1,action_follows,action_follows_context,bin,box,The box is in the bin. Ali moves the BLANK. The box moves.,ba511d3f-7a5b-591f-949b-5e33661c51db,base
A11FXG88VL23K5,1,7,context,1,state_follows,state_follows_context,table,floor,The glass is on the BLANK. Ali bumps the table. The glass breaks.,1e1659fe-b7d7-5e79-98a0-69bb07de5a5c,base
A1DRNG1LGX8OA0,1,7,context,1,state_follows,state_follows_context,table,floor,The glass is on the BLANK. Ali bumps the table. The glass breaks.,1e1659fe-b7d7-5e79-98a0-69bb07de5a5c,base
A1I0DV4B4MFQCL,1,7,context,1,state_follows,state_follows_context,table,floor,The glass is on the BLANK. Ali bumps the table. The glass breaks.,1e1659fe-b7d7-5e79-98a0-69bb07de5a5c,base
A1OOCYEFLAJD98,1,7,context,1,state_follows,state_follows_context,table,floor,The glass is on the BLANK. Ali bumps the table. The glass breaks.,1e1659fe-b7d7-5e79-98a0-69bb07de5a5c,base
A1QWQI2ZV6TFOB,1,7,context,1,state_follows,state_follows_context,table,floor,The glass is on the BLANK. Ali bumps the table. The glass breaks.,1e1659fe-b7d7-5e79-98a0-69bb07de5a5c,base
A29Z9P7UNLDTU5,1,7,context,1,state_follows,state_follows_context,table,floor,The glass is on the BLANK. Ali bumps the table. The glass breaks.,1e1659fe-b7d7-5e79-98a0-69bb07de5a5c,base
A2ENGQJ6CBQSUP,1,7,context,1,state_follows,state_follows_context,table,floor,The glass is on the BLANK. Ali bumps the table. The glass breaks.,1e1659fe-b7d7-5e79-98a0-69bb07de5a5c,base
A2KDYSLV030FVX,1,7,context,1,state_follows,state_follows_context,table,floor,The glass is on the BLANK. Ali bumps the table. The glass breaks.,1e1659fe-b7d7-5e79-98a0-69bb07de5a5c,base
A2PAMXM5XJGGPO,1,7,context,1,state_follows,state_follows_context,table,floor,The glass is on the BLANK. Ali bumps the table. The glass breaks.,1e1659fe-b7d7-5e79-98a0-69bb07de5a5c,base
A2XFO0X6RCS98M,1,7,context,1,state_follows,state_follows_context,table,floor,The glass is on the BLANK. Ali bumps the table. The glass breaks.,1e1659fe-b7d7-5e79-98a0-69bb07de5a5c,base
A341XKSRZ58FJK,1,7,context,1,state_follows,state_follows_context,table,floor,The glass is on the BLANK. Ali bumps the table. The glass breaks.,1e1659fe-b7d7-5e79-98a0-69bb07de5a5c,base
A3760PCQD2MPIO,1,7,context,1,state_follows,state_follows_context,table,floor,The glass is on the BLANK. Ali bumps the table. The glass breaks.,1e1659fe-b7d7-5e79-98a0-69bb07de5a5c,base
A37E36IPU0BJX5,1,7,context,1,state_follows,state_follows_context,table,floor,The glass is on the BLANK. Ali bumps the table. The glass breaks.,1e1659fe-b7d7-5e79-98a0-69bb07de5a5c,base
A37GOI3N77WX21,1,7,context,1,state_follows,state_follows_context,table,floor,The glass is on the BLANK. Ali bumps the table. The glass breaks.,1e1659fe-b7d7-5e79-98a0-69bb07de5a5c,base
A39C1BN9ZSQ0R2,1,7,context,1,state_follows,state_follows_context,table,floor,The glass is on the BLANK. Ali bumps the table. The glass breaks.,1e1659fe-b7d7-5e79-98a0-69bb07de5a5c,base
A3E8SXH0BAYG85,1,7,context,1,state_follows,state_follows_context,table,floor,The glass is on the BLANK. Ali bumps the table. The glass breaks.,1e1659fe-b7d7-5e79-98a0-69bb07de5a5c,base
A3H3BTRV6I3LYU,1,7,context,1,state_follows,state_follows_context,table,floor,The glass is on the BLANK. Ali bumps the table. The glass breaks.,1e1659fe-b7d7-5e79-98a0-69bb07de5a5c,base
A9IPBD6C63ASJ,1,7,context,0,state_follows,state_follows_context,table,floor,The glass is on the BLANK. Ali bumps the table. The glass breaks.,1e1659fe-b7d7-5e79-98a0-69bb07de5a5c,base
AF0M3066S5UF1,1,7,context,1,state_follows,state_follows_context,table,floor,The glass is on the BLANK. Ali bumps the table. The glass breaks.,1e1659fe-b7d7-5e79-98a0-69bb07de5a5c,base
ALLAOJV83NU5Q,1,7,context,1,state_follows,state_follows_context,table,floor,The glass is on the BLANK. Ali bumps the table. The glass breaks.,1e1659fe-b7d7-5e79-98a0-69bb07de5a5c,base
AOOLS8280CL0Z,1,7,context,1,state_follows,state_follows_context,table,floor,The glass is on the BLANK. Ali bumps the table. The glass breaks.,1e1659fe-b7d7-5e79-98a0-69bb07de5a5c,base
APEPEEDYQTGMC,1,7,context,1,state_follows,state_follows_context,table,floor,The glass is on the BLANK. Ali bumps the table. The glass breaks.,1e1659fe-b7d7-5e79-98a0-69bb07de5a5c,base
A11FXG88VL23K5,1,7,context,1,relative_pos,relative_pos_context,table,floor,The glass is on the floor. Ali sets the glass on the BLANK. The glass is above the table.,125a0003-a9c1-5035-839d-2e924ef7773b,base
A1DRNG1LGX8OA0,1,7,context,1,relative_pos,relative_pos_context,table,floor,The glass is on the floor. Ali sets the glass on the BLANK. The glass is above the table.,125a0003-a9c1-5035-839d-2e924ef7773b,base
A1I0DV4B4MFQCL,1,7,context,1,relative_pos,relative_pos_context,table,floor,The glass is on the floor. Ali sets the glass on the BLANK. The glass is above the table.,125a0003-a9c1-5035-839d-2e924ef7773b,base
A1OOCYEFLAJD98,1,7,context,1,relative_pos,relative_pos_context,table,floor,The glass is on the floor. Ali sets the glass on the BLANK. The glass is above the table.,125a0003-a9c1-5035-839d-2e924ef7773b,base
A1QWQI2ZV6TFOB,1,7,context,1,relative_pos,relative_pos_context,table,floor,The glass is on the floor. Ali sets the glass on the BLANK. The glass is above the table.,125a0003-a9c1-5035-839d-2e924ef7773b,base
A29Z9P7UNLDTU5,1,7,context,1,relative_pos,relative_pos_context,table,floor,The glass is on the floor. Ali sets the glass on the BLANK. The glass is above the table.,125a0003-a9c1-5035-839d-2e924ef7773b,base
A2ENGQJ6CBQSUP,1,7,context,1,relative_pos,relative_pos_context,table,floor,The glass is on the floor. Ali sets the glass on the BLANK. The glass is above the table.,125a0003-a9c1-5035-839d-2e924ef7773b,base
A2KDYSLV030FVX,1,7,context,1,relative_pos,relative_pos_context,table,floor,The glass is on the floor. Ali sets the glass on the BLANK. The glass is above the table.,125a0003-a9c1-5035-839d-2e924ef7773b,base
A2PAMXM5XJGGPO,1,7,context,1,relative_pos,relative_pos_context,table,floor,The glass is on the floor. Ali sets the glass on the BLANK. The glass is above the table.,125a0003-a9c1-5035-839d-2e924ef7773b,base
A2XFO0X6RCS98M,1,7,context,1,relative_pos,relative_pos_context,table,floor,The glass is on the floor. Ali sets the glass on the BLANK. The glass is above the table.,125a0003-a9c1-5035-839d-2e924ef7773b,base
A341XKSRZ58FJK,1,7,context,1,relative_pos,relative_pos_context,table,floor,The glass is on the floor. Ali sets the glass on the BLANK. The glass is above the table.,125a0003-a9c1-5035-839d-2e924ef7773b,base
A3760PCQD2MPIO,1,7,context,1,relative_pos,relative_pos_context,table,floor,The glass is on the floor. Ali sets the glass on the BLANK. The glass is above the table.,125a0003-a9c1-5035-839d-2e924ef7773b,base
A37E36IPU0BJX5,1,7,context,1,relative_pos,relative_pos_context,table,floor,The glass is on the floor. Ali sets the glass on the BLANK. The glass is above the table.,125a0003-a9c1-5035-839d-2e924ef7773b,base
A37GOI3N77WX21,1,7,context,1,relative_pos,relative_pos_context,table,floor,The glass is on the floor. Ali sets the glass on the BLANK. The glass is above the table.,125a0003-a9c1-5035-839d-2e924ef7773b,base
A39C1BN9ZSQ0R2,1,7,context,1,relative_pos,relative_pos_context,table,floor,The glass is on the floor. Ali sets the glass on the BLANK. The glass is above the table.,125a0003-a9c1-5035-839d-2e924ef7773b,base
A3E8SXH0BAYG85,1,7,context,1,relative_pos,relative_pos_context,table,floor,The glass is on the floor. Ali sets the glass on the BLANK. The glass is above the table.,125a0003-a9c1-5035-839d-2e924ef7773b,base
A3H3BTRV6I3LYU,1,7,context,1,relative_pos,relative_pos_context,table,floor,The glass is on the floor. Ali sets the glass on the BLANK. The glass is above the table.,125a0003-a9c1-5035-839d-2e924ef7773b,base
A9IPBD6C63ASJ,1,7,context,1,relative_pos,relative_pos_context,table,floor,The glass is on the floor. Ali sets the glass on the BLANK. The glass is above the table.,125a0003-a9c1-5035-839d-2e924ef7773b,base
AF0M3066S5UF1,1,7,context,1,relative_pos,relative_pos_context,table,floor,The glass is on the floor. Ali sets the glass on the BLANK. The glass is above the table.,125a0003-a9c1-5035-839d-2e924ef7773b,base
ALLAOJV83NU5Q,1,7,context,1,relative_pos,relative_pos_context,table,floor,The glass is on the floor. Ali sets the glass on the BLANK. The glass is above the table.,125a0003-a9c1-5035-839d-2e924ef7773b,base
AOOLS8280CL0Z,1,7,context,0,relative_pos,relative_pos_context,table,floor,The glass is on the floor. Ali sets the glass on the BLANK. The glass is above the table.,125a0003-a9c1-5035-839d-2e924ef7773b,base
APEPEEDYQTGMC,1,7,context,1,relative_pos,relative_pos_context,table,floor,The glass is on the floor. Ali sets the glass on the BLANK. The glass is above the table.,125a0003-a9c1-5035-839d-2e924ef7773b,base
A11FXG88VL23K5,1,7,context,1,egocentric_near,egocentric_near_context,right of,left of,The painting is BLANK Ali. Ali turns around. The painting is left of Ali.,a350fecf-cf01-5eef-a227-25028fad7f14,base
A1DRNG1LGX8OA0,1,7,context,1,egocentric_near,egocentric_near_context,right of,left of,The painting is BLANK Ali. Ali turns around. The painting is left of Ali.,a350fecf-cf01-5eef-a227-25028fad7f14,base
A1I0DV4B4MFQCL,1,7,context,0,egocentric_near,egocentric_near_context,right of,left of,The painting is BLANK Ali. Ali turns around. The painting is left of Ali.,a350fecf-cf01-5eef-a227-25028fad7f14,base
A1OOCYEFLAJD98,1,7,context,1,egocentric_near,egocentric_near_context,right of,left of,The painting is BLANK Ali. Ali turns around. The painting is left of Ali.,a350fecf-cf01-5eef-a227-25028fad7f14,base
A1QWQI2ZV6TFOB,1,7,context,1,egocentric_near,egocentric_near_context,right of,left of,The painting is BLANK Ali. Ali turns around. The painting is left of Ali.,a350fecf-cf01-5eef-a227-25028fad7f14,base
A29Z9P7UNLDTU5,1,7,context,1,egocentric_near,egocentric_near_context,right of,left of,The painting is BLANK Ali. Ali turns around. The painting is left of Ali.,a350fecf-cf01-5eef-a227-25028fad7f14,base
A2ENGQJ6CBQSUP,1,7,context,1,egocentric_near,egocentric_near_context,right of,left of,The painting is BLANK Ali. Ali turns around. The painting is left of Ali.,a350fecf-cf01-5eef-a227-25028fad7f14,base
A2KDYSLV030FVX,1,7,context,0,egocentric_near,egocentric_near_context,right of,left of,The painting is BLANK Ali. Ali turns around. The painting is left of Ali.,a350fecf-cf01-5eef-a227-25028fad7f14,base
A2PAMXM5XJGGPO,1,7,context,1,egocentric_near,egocentric_near_context,right of,left of,The painting is BLANK Ali. Ali turns around. The painting is left of Ali.,a350fecf-cf01-5eef-a227-25028fad7f14,base
A2XFO0X6RCS98M,1,7,context,1,egocentric_near,egocentric_near_context,right of,left of,The painting is BLANK Ali. Ali turns around. The painting is left of Ali.,a350fecf-cf01-5eef-a227-25028fad7f14,base
A341XKSRZ58FJK,1,7,context,1,egocentric_near,egocentric_near_context,right of,left of,The painting is BLANK Ali. Ali turns around. The painting is left of Ali.,a350fecf-cf01-5eef-a227-25028fad7f14,base
A3760PCQD2MPIO,1,7,context,1,egocentric_near,egocentric_near_context,right of,left of,The painting is BLANK Ali. Ali turns around. The painting is left of Ali.,a350fecf-cf01-5eef-a227-25028fad7f14,base
A37E36IPU0BJX5,1,7,context,1,egocentric_near,egocentric_near_context,right of,left of,The painting is BLANK Ali. Ali turns around. The painting is left of Ali.,a350fecf-cf01-5eef-a227-25028fad7f14,base
A37GOI3N77WX21,1,7,context,0,egocentric_near,egocentric_near_context,right of,left of,The painting is BLANK Ali. Ali turns around. The painting is left of Ali.,a350fecf-cf01-5eef-a227-25028fad7f14,base
A39C1BN9ZSQ0R2,1,7,context,1,egocentric_near,egocentric_near_context,right of,left of,The painting is BLANK Ali. Ali turns around. The painting is left of Ali.,a350fecf-cf01-5eef-a227-25028fad7f14,base
A3H3BTRV6I3LYU,1,7,context,0,egocentric_near,egocentric_near_context,right of,left of,The painting is BLANK Ali. Ali turns around. The painting is left of Ali.,a350fecf-cf01-5eef-a227-25028fad7f14,base
A9IPBD6C63ASJ,1,7,context,0,egocentric_near,egocentric_near_context,right of,left of,The painting is BLANK Ali. Ali turns around. The painting is left of Ali.,a350fecf-cf01-5eef-a227-25028fad7f14,base
AF0M3066S5UF1,1,7,context,1,egocentric_near,egocentric_near_context,right of,left of,The painting is BLANK Ali. Ali turns around. The painting is left of Ali.,a350fecf-cf01-5eef-a227-25028fad7f14,base
ALLAOJV83NU5Q,1,7,context,1,egocentric_near,egocentric_near_context,right of,left of,The painting is BLANK Ali. Ali turns around. The painting is left of Ali.,a350fecf-cf01-5eef-a227-25028fad7f14,base
AOOLS8280CL0Z,1,7,context,0,egocentric_near,egocentric_near_context,right of,left of,The painting is BLANK Ali. Ali turns around. The painting is left of Ali.,a350fecf-cf01-5eef-a227-25028fad7f14,base
APEPEEDYQTGMC,1,7,context,1,egocentric_near,egocentric_near_context,right of,left of,The painting is BLANK Ali. Ali turns around. The painting is left of Ali.,a350fecf-cf01-5eef-a227-25028fad7f14,base
A11FXG88VL23K5,1,7,context,0,geocentric_near,geocentric_near_context,North of,West of,The painting is BLANK Ali. Ali turns left. The painting is North of Ali.,6e349340-1734-5b6c-94b3-79765fdef94d,base
A1DRNG1LGX8OA0,1,7,context,0,geocentric_near,geocentric_near_context,North of,West of,The painting is BLANK Ali. Ali turns left. The painting is North of Ali.,6e349340-1734-5b6c-94b3-79765fdef94d,base
A1I0DV4B4MFQCL,1,7,context,0,geocentric_near,geocentric_near_context,North of,West of,The painting is BLANK Ali. Ali turns left. The painting is North of Ali.,6e349340-1734-5b6c-94b3-79765fdef94d,base
A1OOCYEFLAJD98,1,7,context,1,geocentric_near,geocentric_near_context,North of,West of,The painting is BLANK Ali. Ali turns left. The painting is North of Ali.,6e349340-1734-5b6c-94b3-79765fdef94d,base
A1QWQI2ZV6TFOB,1,7,context,0,geocentric_near,geocentric_near_context,North of,West of,The painting is BLANK Ali. Ali turns left. The painting is North of Ali.,6e349340-1734-5b6c-94b3-79765fdef94d,base
A29Z9P7UNLDTU5,1,7,context,0,geocentric_near,geocentric_near_context,North of,West of,The painting is BLANK Ali. Ali turns left. The painting is North of Ali.,6e349340-1734-5b6c-94b3-79765fdef94d,base
A2ENGQJ6CBQSUP,1,7,context,0,geocentric_near,geocentric_near_context,North of,West of,The painting is BLANK Ali. Ali turns left. The painting is North of Ali.,6e349340-1734-5b6c-94b3-79765fdef94d,base
A2KDYSLV030FVX,1,7,context,0,geocentric_near,geocentric_near_context,North of,West of,The painting is BLANK Ali. Ali turns left. The painting is North of Ali.,6e349340-1734-5b6c-94b3-79765fdef94d,base
A2PAMXM5XJGGPO,1,7,context,0,geocentric_near,geocentric_near_context,North of,West of,The painting is BLANK Ali. Ali turns left. The painting is North of Ali.,6e349340-1734-5b6c-94b3-79765fdef94d,base
A2XFO0X6RCS98M,1,7,context,0,geocentric_near,geocentric_near_context,North of,West of,The painting is BLANK Ali. Ali turns left. The painting is North of Ali.,6e349340-1734-5b6c-94b3-79765fdef94d,base
A341XKSRZ58FJK,1,7,context,0,geocentric_near,geocentric_near_context,North of,West of,The painting is BLANK Ali. Ali turns left. The painting is North of Ali.,6e349340-1734-5b6c-94b3-79765fdef94d,base
A3760PCQD2MPIO,1,7,context,1,geocentric_near,geocentric_near_context,North of,West of,The painting is BLANK Ali. Ali turns left. The painting is North of Ali.,6e349340-1734-5b6c-94b3-79765fdef94d,base
A37E36IPU0BJX5,1,7,context,0,geocentric_near,geocentric_near_context,North of,West of,The painting is BLANK Ali. Ali turns left. The painting is North of Ali.,6e349340-1734-5b6c-94b3-79765fdef94d,base
A37GOI3N77WX21,1,7,context,0,geocentric_near,geocentric_near_context,North of,West of,The painting is BLANK Ali. Ali turns left. The painting is North of Ali.,6e349340-1734-5b6c-94b3-79765fdef94d,base
A39C1BN9ZSQ0R2,1,7,context,1,geocentric_near,geocentric_near_context,North of,West of,The painting is BLANK Ali. Ali turns left. The painting is North of Ali.,6e349340-1734-5b6c-94b3-79765fdef94d,base
A3H3BTRV6I3LYU,1,7,context,0,geocentric_near,geocentric_near_context,North of,West of,The painting is BLANK Ali. Ali turns left. The painting is North of Ali.,6e349340-1734-5b6c-94b3-79765fdef94d,base
A9IPBD6C63ASJ,1,7,context,0,geocentric_near,geocentric_near_context,North of,West of,The painting is BLANK Ali. Ali turns left. The painting is North of Ali.,6e349340-1734-5b6c-94b3-79765fdef94d,base
AF0M3066S5UF1,1,7,context,1,geocentric_near,geocentric_near_context,North of,West of,The painting is BLANK Ali. Ali turns left. The painting is North of Ali.,6e349340-1734-5b6c-94b3-79765fdef94d,base
ALLAOJV83NU5Q,1,7,context,1,geocentric_near,geocentric_near_context,North of,West of,The painting is BLANK Ali. Ali turns left. The painting is North of Ali.,6e349340-1734-5b6c-94b3-79765fdef94d,base
AOOLS8280CL0Z,1,7,context,1,geocentric_near,geocentric_near_context,North of,West of,The painting is BLANK Ali. Ali turns left. The painting is North of Ali.,6e349340-1734-5b6c-94b3-79765fdef94d,base
APEPEEDYQTGMC,1,7,context,1,geocentric_near,geocentric_near_context,North of,West of,The painting is BLANK Ali. Ali turns left. The painting is North of Ali.,6e349340-1734-5b6c-94b3-79765fdef94d,base
A11FXG88VL23K5,1,7,context,0,geocentric_near,geocentric_near_context,North of,East of,The painting is BLANK Ali. Ali turns right. The painting is North of Ali.,27cfaf60-c6de-5209-b4bb-2abcd703a542,base
A1DRNG1LGX8OA0,1,7,context,0,geocentric_near,geocentric_near_context,North of,East of,The painting is BLANK Ali. Ali turns right. The painting is North of Ali.,27cfaf60-c6de-5209-b4bb-2abcd703a542,base
A1I0DV4B4MFQCL,1,7,context,0,geocentric_near,geocentric_near_context,North of,East of,The painting is BLANK Ali. Ali turns right. The painting is North of Ali.,27cfaf60-c6de-5209-b4bb-2abcd703a542,base
A1OOCYEFLAJD98,1,7,context,1,geocentric_near,geocentric_near_context,North of,East of,The painting is BLANK Ali. Ali turns right. The painting is North of Ali.,27cfaf60-c6de-5209-b4bb-2abcd703a542,base
A1QWQI2ZV6TFOB,1,7,context,0,geocentric_near,geocentric_near_context,North of,East of,The painting is BLANK Ali. Ali turns right. The painting is North of Ali.,27cfaf60-c6de-5209-b4bb-2abcd703a542,base
A29Z9P7UNLDTU5,1,7,context,0,geocentric_near,geocentric_near_context,North of,East of,The painting is BLANK Ali. Ali turns right. The painting is North of Ali.,27cfaf60-c6de-5209-b4bb-2abcd703a542,base
A2ENGQJ6CBQSUP,1,7,context,0,geocentric_near,geocentric_near_context,North of,East of,The painting is BLANK Ali. Ali turns right. The painting is North of Ali.,27cfaf60-c6de-5209-b4bb-2abcd703a542,base
A2KDYSLV030FVX,1,7,context,1,geocentric_near,geocentric_near_context,North of,East of,The painting is BLANK Ali. Ali turns right. The painting is North of Ali.,27cfaf60-c6de-5209-b4bb-2abcd703a542,base
A2PAMXM5XJGGPO,1,7,context,0,geocentric_near,geocentric_near_context,North of,East of,The painting is BLANK Ali. Ali turns right. The painting is North of Ali.,27cfaf60-c6de-5209-b4bb-2abcd703a542,base
A2XFO0X6RCS98M,1,7,context,0,geocentric_near,geocentric_near_context,North of,East of,The painting is BLANK Ali. Ali turns right. The painting is North of Ali.,27cfaf60-c6de-5209-b4bb-2abcd703a542,base
A341XKSRZ58FJK,1,7,context,0,geocentric_near,geocentric_near_context,North of,East of,The painting is BLANK Ali. Ali turns right. The painting is North of Ali.,27cfaf60-c6de-5209-b4bb-2abcd703a542,base
A3760PCQD2MPIO,1,7,context,1,geocentric_near,geocentric_near_context,North of,East of,The painting is BLANK Ali. Ali turns right. The painting is North of Ali.,27cfaf60-c6de-5209-b4bb-2abcd703a542,base
A37E36IPU0BJX5,1,7,context,0,geocentric_near,geocentric_near_context,North of,East of,The painting is BLANK Ali. Ali turns right. The painting is North of Ali.,27cfaf60-c6de-5209-b4bb-2abcd703a542,base
A37GOI3N77WX21,1,7,context,0,geocentric_near,geocentric_near_context,North of,East of,The painting is BLANK Ali. Ali turns right. The painting is North of Ali.,27cfaf60-c6de-5209-b4bb-2abcd703a542,base
A39C1BN9ZSQ0R2,1,7,context,1,geocentric_near,geocentric_near_context,North of,East of,The painting is BLANK Ali. Ali turns right. The painting is North of Ali.,27cfaf60-c6de-5209-b4bb-2abcd703a542,base
A3E8SXH0BAYG85,1,7,context,1,geocentric_near,geocentric_near_context,North of,East of,The painting is BLANK Ali. Ali turns right. The painting is North of Ali.,27cfaf60-c6de-5209-b4bb-2abcd703a542,base
A3H3BTRV6I3LYU,1,7,context,1,geocentric_near,geocentric_near_context,North of,East of,The painting is BLANK Ali. Ali turns right. The painting is North of Ali.,27cfaf60-c6de-5209-b4bb-2abcd703a542,base
A9IPBD6C63ASJ,1,7,context,0,geocentric_near,geocentric_near_context,North of,East of,The painting is BLANK Ali. Ali turns right. The painting is North of Ali.,27cfaf60-c6de-5209-b4bb-2abcd703a542,base
AF0M3066S5UF1,1,7,context,1,geocentric_near,geocentric_near_context,North of,East of,The painting is BLANK Ali. Ali turns right. The painting is North of Ali.,27cfaf60-c6de-5209-b4bb-2abcd703a542,base
ALLAOJV83NU5Q,1,7,context,1,geocentric_near,geocentric_near_context,North of,East of,The painting is BLANK Ali. Ali turns right. The painting is North of Ali.,27cfaf60-c6de-5209-b4bb-2abcd703a542,base
AOOLS8280CL0Z,1,7,context,1,geocentric_near,geocentric_near_context,North of,East of,The painting is BLANK Ali. Ali turns right. The painting is North of Ali.,27cfaf60-c6de-5209-b4bb-2abcd703a542,base
APEPEEDYQTGMC,1,7,context,1,geocentric_near,geocentric_near_context,North of,East of,The painting is BLANK Ali. Ali turns right. The painting is North of Ali.,27cfaf60-c6de-5209-b4bb-2abcd703a542,base
A11FXG88VL23K5,1,7,context,0,egocentric_near,egocentric_near_context,in front of,behind,The painting is BLANK Ali. Ali turns right. The painting is left of Ali.,0e01e057-85b8-55f1-aa7c-67aa83d13493,base
A1DRNG1LGX8OA0,1,7,context,0,egocentric_near,egocentric_near_context,in front of,behind,The painting is BLANK Ali. Ali turns right. The painting is left of Ali.,0e01e057-85b8-55f1-aa7c-67aa83d13493,base
A1I0DV4B4MFQCL,1,7,context,1,egocentric_near,egocentric_near_context,in front of,behind,The painting is BLANK Ali. Ali turns right. The painting is left of Ali.,0e01e057-85b8-55f1-aa7c-67aa83d13493,base
A1OOCYEFLAJD98,1,7,context,1,egocentric_near,egocentric_near_context,in front of,behind,The painting is BLANK Ali. Ali turns right. The painting is left of Ali.,0e01e057-85b8-55f1-aa7c-67aa83d13493,base
A1QWQI2ZV6TFOB,1,7,context,1,egocentric_near,egocentric_near_context,in front of,behind,The painting is BLANK Ali. Ali turns right. The painting is left of Ali.,0e01e057-85b8-55f1-aa7c-67aa83d13493,base
A29Z9P7UNLDTU5,1,7,context,1,egocentric_near,egocentric_near_context,in front of,behind,The painting is BLANK Ali. Ali turns right. The painting is left of Ali.,0e01e057-85b8-55f1-aa7c-67aa83d13493,base
A2ENGQJ6CBQSUP,1,7,context,1,egocentric_near,egocentric_near_context,in front of,behind,The painting is BLANK Ali. Ali turns right. The painting is left of Ali.,0e01e057-85b8-55f1-aa7c-67aa83d13493,base
A2KDYSLV030FVX,1,7,context,1,egocentric_near,egocentric_near_context,in front of,behind,The painting is BLANK Ali. Ali turns right. The painting is left of Ali.,0e01e057-85b8-55f1-aa7c-67aa83d13493,base
A2PAMXM5XJGGPO,1,7,context,1,egocentric_near,egocentric_near_context,in front of,behind,The painting is BLANK Ali. Ali turns right. The painting is left of Ali.,0e01e057-85b8-55f1-aa7c-67aa83d13493,base
A2XFO0X6RCS98M,1,7,context,1,egocentric_near,egocentric_near_context,in front of,behind,The painting is BLANK Ali. Ali turns right. The painting is left of Ali.,0e01e057-85b8-55f1-aa7c-67aa83d13493,base
A341XKSRZ58FJK,1,7,context,1,egocentric_near,egocentric_near_context,in front of,behind,The painting is BLANK Ali. Ali turns right. The painting is left of Ali.,0e01e057-85b8-55f1-aa7c-67aa83d13493,base
A3760PCQD2MPIO,1,7,context,0,egocentric_near,egocentric_near_context,in front of,behind,The painting is BLANK Ali. Ali turns right. The painting is left of Ali.,0e01e057-85b8-55f1-aa7c-67aa83d13493,base
A37E36IPU0BJX5,1,7,context,1,egocentric_near,egocentric_near_context,in front of,behind,The painting is BLANK Ali. Ali turns right. The painting is left of Ali.,0e01e057-85b8-55f1-aa7c-67aa83d13493,base
A37GOI3N77WX21,1,7,context,1,egocentric_near,egocentric_near_context,in front of,behind,The painting is BLANK Ali. Ali turns right. The painting is left of Ali.,0e01e057-85b8-55f1-aa7c-67aa83d13493,base
A39C1BN9ZSQ0R2,1,7,context,1,egocentric_near,egocentric_near_context,in front of,behind,The painting is BLANK Ali. Ali turns right. The painting is left of Ali.,0e01e057-85b8-55f1-aa7c-67aa83d13493,base
A3E8SXH0BAYG85,1,7,context,1,egocentric_near,egocentric_near_context,in front of,behind,The painting is BLANK Ali. Ali turns right. The painting is left of Ali.,0e01e057-85b8-55f1-aa7c-67aa83d13493,base
A3H3BTRV6I3LYU,1,7,context,1,egocentric_near,egocentric_near_context,in front of,behind,The painting is BLANK Ali. Ali turns right. The painting is left of Ali.,0e01e057-85b8-55f1-aa7c-67aa83d13493,base
A9IPBD6C63ASJ,1,7,context,0,egocentric_near,egocentric_near_context,in front of,behind,The painting is BLANK Ali. Ali turns right. The painting is left of Ali.,0e01e057-85b8-55f1-aa7c-67aa83d13493,base
AF0M3066S5UF1,1,7,context,1,egocentric_near,egocentric_near_context,in front of,behind,The painting is BLANK Ali. Ali turns right. The painting is left of Ali.,0e01e057-85b8-55f1-aa7c-67aa83d13493,base
ALLAOJV83NU5Q,1,7,context,1,egocentric_near,egocentric_near_context,in front of,behind,The painting is BLANK Ali. Ali turns right. The painting is left of Ali.,0e01e057-85b8-55f1-aa7c-67aa83d13493,base
AOOLS8280CL0Z,1,7,context,0,egocentric_near,egocentric_near_context,in front of,behind,The painting is BLANK Ali. Ali turns right. The painting is left of Ali.,0e01e057-85b8-55f1-aa7c-67aa83d13493,base
APEPEEDYQTGMC,1,7,context,1,egocentric_near,egocentric_near_context,in front of,behind,The painting is BLANK Ali. Ali turns right. The painting is left of Ali.,0e01e057-85b8-55f1-aa7c-67aa83d13493,base
A11FXG88VL23K5,1,7,context,1,geocentric_near,geocentric_near_context,East of,West of,The painting is BLANK of Ali. Ali turns around. The painting is East of Ali.,617ce912-b692-5ce2-acf4-9eabd9adc7e8,base
A1DRNG1LGX8OA0,1,7,context,0,geocentric_near,geocentric_near_context,East of,West of,The painting is BLANK of Ali. Ali turns around. The painting is East of Ali.,617ce912-b692-5ce2-acf4-9eabd9adc7e8,base
A1I0DV4B4MFQCL,1,7,context,0,geocentric_near,geocentric_near_context,East of,West of,The painting is BLANK of Ali. Ali turns around. The painting is East of Ali.,617ce912-b692-5ce2-acf4-9eabd9adc7e8,base
A1OOCYEFLAJD98,1,7,context,1,geocentric_near,geocentric_near_context,East of,West of,The painting is BLANK of Ali. Ali turns around. The painting is East of Ali.,617ce912-b692-5ce2-acf4-9eabd9adc7e8,base
A1QWQI2ZV6TFOB,1,7,context,0,geocentric_near,geocentric_near_context,East of,West of,The painting is BLANK of Ali. Ali turns around. The painting is East of Ali.,617ce912-b692-5ce2-acf4-9eabd9adc7e8,base
A29Z9P7UNLDTU5,1,7,context,1,geocentric_near,geocentric_near_context,East of,West of,The painting is BLANK of Ali. Ali turns around. The painting is East of Ali.,617ce912-b692-5ce2-acf4-9eabd9adc7e8,base
A2ENGQJ6CBQSUP,1,7,context,1,geocentric_near,geocentric_near_context,East of,West of,The painting is BLANK of Ali. Ali turns around. The painting is East of Ali.,617ce912-b692-5ce2-acf4-9eabd9adc7e8,base
A2KDYSLV030FVX,1,7,context,0,geocentric_near,geocentric_near_context,East of,West of,The painting is BLANK of Ali. Ali turns around. The painting is East of Ali.,617ce912-b692-5ce2-acf4-9eabd9adc7e8,base
A2PAMXM5XJGGPO,1,7,context,0,geocentric_near,geocentric_near_context,East of,West of,The painting is BLANK of Ali. Ali turns around. The painting is East of Ali.,617ce912-b692-5ce2-acf4-9eabd9adc7e8,base
A2XFO0X6RCS98M,1,7,context,0,geocentric_near,geocentric_near_context,East of,West of,The painting is BLANK of Ali. Ali turns around. The painting is East of Ali.,617ce912-b692-5ce2-acf4-9eabd9adc7e8,base
A341XKSRZ58FJK,1,7,context,0,geocentric_near,geocentric_near_context,East of,West of,The painting is BLANK of Ali. Ali turns around. The painting is East of Ali.,617ce912-b692-5ce2-acf4-9eabd9adc7e8,base
A3760PCQD2MPIO,1,7,context,0,geocentric_near,geocentric_near_context,East of,West of,The painting is BLANK of Ali. Ali turns around. The painting is East of Ali.,617ce912-b692-5ce2-acf4-9eabd9adc7e8,base
A37E36IPU0BJX5,1,7,context,1,geocentric_near,geocentric_near_context,East of,West of,The painting is BLANK of Ali. Ali turns around. The painting is East of Ali.,617ce912-b692-5ce2-acf4-9eabd9adc7e8,base
A37GOI3N77WX21,1,7,context,0,geocentric_near,geocentric_near_context,East of,West of,The painting is BLANK of Ali. Ali turns around. The painting is East of Ali.,617ce912-b692-5ce2-acf4-9eabd9adc7e8,base
A39C1BN9ZSQ0R2,1,7,context,0,geocentric_near,geocentric_near_context,East of,West of,The painting is BLANK of Ali. Ali turns around. The painting is East of Ali.,617ce912-b692-5ce2-acf4-9eabd9adc7e8,base
A3E8SXH0BAYG85,1,7,context,0,geocentric_near,geocentric_near_context,East of,West of,The painting is BLANK of Ali. Ali turns around. The painting is East of Ali.,617ce912-b692-5ce2-acf4-9eabd9adc7e8,base
A3H3BTRV6I3LYU,1,7,context,0,geocentric_near,geocentric_near_context,East of,West of,The painting is BLANK of Ali. Ali turns around. The painting is East of Ali.,617ce912-b692-5ce2-acf4-9eabd9adc7e8,base
A9IPBD6C63ASJ,1,7,context,0,geocentric_near,geocentric_near_context,East of,West of,The painting is BLANK of Ali. Ali turns around. The painting is East of Ali.,617ce912-b692-5ce2-acf4-9eabd9adc7e8,base
AF0M3066S5UF1,1,7,context,1,geocentric_near,geocentric_near_context,East of,West of,The painting is BLANK of Ali. Ali turns around. The painting is East of Ali.,617ce912-b692-5ce2-acf4-9eabd9adc7e8,base
ALLAOJV83NU5Q,1,7,context,1,geocentric_near,geocentric_near_context,East of,West of,The painting is BLANK of Ali. Ali turns around. The painting is East of Ali.,617ce912-b692-5ce2-acf4-9eabd9adc7e8,base
AOOLS8280CL0Z,1,7,context,0,geocentric_near,geocentric_near_context,East of,West of,The painting is BLANK of Ali. Ali turns around. The painting is East of Ali.,617ce912-b692-5ce2-acf4-9eabd9adc7e8,base
APEPEEDYQTGMC,1,7,context,1,geocentric_near,geocentric_near_context,East of,West of,The painting is BLANK of Ali. Ali turns around. The painting is East of Ali.,617ce912-b692-5ce2-acf4-9eabd9adc7e8,base
A11FXG88VL23K5,1,7,context,1,egocentric_near,egocentric_near_context,in front of,behind,The painting is BLANK of Ali. Ali turns left. The painting is right of Ali.,805deedd-d47e-54f8-b7e7-81318f8435b7,base
A1DRNG1LGX8OA0,1,7,context,0,egocentric_near,egocentric_near_context,in front of,behind,The painting is BLANK of Ali. Ali turns left. The painting is right of Ali.,805deedd-d47e-54f8-b7e7-81318f8435b7,base
A1I0DV4B4MFQCL,1,7,context,1,egocentric_near,egocentric_near_context,in front of,behind,The painting is BLANK of Ali. Ali turns left. The painting is right of Ali.,805deedd-d47e-54f8-b7e7-81318f8435b7,base
A1OOCYEFLAJD98,1,7,context,1,egocentric_near,egocentric_near_context,in front of,behind,The painting is BLANK of Ali. Ali turns left. The painting is right of Ali.,805deedd-d47e-54f8-b7e7-81318f8435b7,base
A1QWQI2ZV6TFOB,1,7,context,1,egocentric_near,egocentric_near_context,in front of,behind,The painting is BLANK of Ali. Ali turns left. The painting is right of Ali.,805deedd-d47e-54f8-b7e7-81318f8435b7,base
A29Z9P7UNLDTU5,1,7,context,1,egocentric_near,egocentric_near_context,in front of,behind,The painting is BLANK of Ali. Ali turns left. The painting is right of Ali.,805deedd-d47e-54f8-b7e7-81318f8435b7,base
A2ENGQJ6CBQSUP,1,7,context,1,egocentric_near,egocentric_near_context,in front of,behind,The painting is BLANK of Ali. Ali turns left. The painting is right of Ali.,805deedd-d47e-54f8-b7e7-81318f8435b7,base
A2KDYSLV030FVX,1,7,context,1,egocentric_near,egocentric_near_context,in front of,behind,The painting is BLANK of Ali. Ali turns left. The painting is right of Ali.,805deedd-d47e-54f8-b7e7-81318f8435b7,base
A2PAMXM5XJGGPO,1,7,context,1,egocentric_near,egocentric_near_context,in front of,behind,The painting is BLANK of Ali. Ali turns left. The painting is right of Ali.,805deedd-d47e-54f8-b7e7-81318f8435b7,base
A2XFO0X6RCS98M,1,7,context,1,egocentric_near,egocentric_near_context,in front of,behind,The painting is BLANK of Ali. Ali turns left. The painting is right of Ali.,805deedd-d47e-54f8-b7e7-81318f8435b7,base
A341XKSRZ58FJK,1,7,context,1,egocentric_near,egocentric_near_context,in front of,behind,The painting is BLANK of Ali. Ali turns left. The painting is right of Ali.,805deedd-d47e-54f8-b7e7-81318f8435b7,base
A3760PCQD2MPIO,1,7,context,1,egocentric_near,egocentric_near_context,in front of,behind,The painting is BLANK of Ali. Ali turns left. The painting is right of Ali.,805deedd-d47e-54f8-b7e7-81318f8435b7,base
A37E36IPU0BJX5,1,7,context,1,egocentric_near,egocentric_near_context,in front of,behind,The painting is BLANK of Ali. Ali turns left. The painting is right of Ali.,805deedd-d47e-54f8-b7e7-81318f8435b7,base
A37GOI3N77WX21,1,7,context,1,egocentric_near,egocentric_near_context,in front of,behind,The painting is BLANK of Ali. Ali turns left. The painting is right of Ali.,805deedd-d47e-54f8-b7e7-81318f8435b7,base
A39C1BN9ZSQ0R2,1,7,context,1,egocentric_near,egocentric_near_context,in front of,behind,The painting is BLANK of Ali. Ali turns left. The painting is right of Ali.,805deedd-d47e-54f8-b7e7-81318f8435b7,base
A3E8SXH0BAYG85,1,7,context,0,egocentric_near,egocentric_near_context,in front of,behind,The painting is BLANK of Ali. Ali turns left. The painting is right of Ali.,805deedd-d47e-54f8-b7e7-81318f8435b7,base
A3H3BTRV6I3LYU,1,7,context,0,egocentric_near,egocentric_near_context,in front of,behind,The painting is BLANK of Ali. Ali turns left. The painting is right of Ali.,805deedd-d47e-54f8-b7e7-81318f8435b7,base
A9IPBD6C63ASJ,1,7,context,0,egocentric_near,egocentric_near_context,in front of,behind,The painting is BLANK of Ali. Ali turns left. The painting is right of Ali.,805deedd-d47e-54f8-b7e7-81318f8435b7,base
AF0M3066S5UF1,1,7,context,1,egocentric_near,egocentric_near_context,in front of,behind,The painting is BLANK of Ali. Ali turns left. The painting is right of Ali.,805deedd-d47e-54f8-b7e7-81318f8435b7,base
ALLAOJV83NU5Q,1,7,context,1,egocentric_near,egocentric_near_context,in front of,behind,The painting is BLANK of Ali. Ali turns left. The painting is right of Ali.,805deedd-d47e-54f8-b7e7-81318f8435b7,base
AOOLS8280CL0Z,1,7,context,1,egocentric_near,egocentric_near_context,in front of,behind,The painting is BLANK of Ali. Ali turns left. The painting is right of Ali.,805deedd-d47e-54f8-b7e7-81318f8435b7,base
APEPEEDYQTGMC,1,7,context,0,egocentric_near,egocentric_near_context,in front of,behind,The painting is BLANK of Ali. Ali turns left. The painting is right of Ali.,805deedd-d47e-54f8-b7e7-81318f8435b7,base
A11FXG88VL23K5,1,7,context,0,egocentric_near,egocentric_near_context,right,left,The painting is to Ali's BLANK. The painting is moved right. The painting is to Ali's right.,62cd0646-56c3-54a3-b533-01c5754318f3,base
A1DRNG1LGX8OA0,1,7,context,1,egocentric_near,egocentric_near_context,right,left,The painting is to Ali's BLANK. The painting is moved right. The painting is to Ali's right.,62cd0646-56c3-54a3-b533-01c5754318f3,base
A1I0DV4B4MFQCL,1,7,context,0,egocentric_near,egocentric_near_context,right,left,The painting is to Ali's BLANK. The painting is moved right. The painting is to Ali's right.,62cd0646-56c3-54a3-b533-01c5754318f3,base
A1OOCYEFLAJD98,1,7,context,1,egocentric_near,egocentric_near_context,right,left,The painting is to Ali's BLANK. The painting is moved right. The painting is to Ali's right.,62cd0646-56c3-54a3-b533-01c5754318f3,base
A1QWQI2ZV6TFOB,1,7,context,1,egocentric_near,egocentric_near_context,right,left,The painting is to Ali's BLANK. The painting is moved right. The painting is to Ali's right.,62cd0646-56c3-54a3-b533-01c5754318f3,base
A29Z9P7UNLDTU5,1,7,context,0,egocentric_near,egocentric_near_context,right,left,The painting is to Ali's BLANK. The painting is moved right. The painting is to Ali's right.,62cd0646-56c3-54a3-b533-01c5754318f3,base
A2ENGQJ6CBQSUP,1,7,context,0,egocentric_near,egocentric_near_context,right,left,The painting is to Ali's BLANK. The painting is moved right. The painting is to Ali's right.,62cd0646-56c3-54a3-b533-01c5754318f3,base
A2KDYSLV030FVX,1,7,context,0,egocentric_near,egocentric_near_context,right,left,The painting is to Ali's BLANK. The painting is moved right. The painting is to Ali's right.,62cd0646-56c3-54a3-b533-01c5754318f3,base
A2PAMXM5XJGGPO,1,7,context,1,egocentric_near,egocentric_near_context,right,left,The painting is to Ali's BLANK. The painting is moved right. The painting is to Ali's right.,62cd0646-56c3-54a3-b533-01c5754318f3,base
A2XFO0X6RCS98M,1,7,context,0,egocentric_near,egocentric_near_context,right,left,The painting is to Ali's BLANK. The painting is moved right. The painting is to Ali's right.,62cd0646-56c3-54a3-b533-01c5754318f3,base
A341XKSRZ58FJK,1,7,context,1,egocentric_near,egocentric_near_context,right,left,The painting is to Ali's BLANK. The painting is moved right. The painting is to Ali's right.,62cd0646-56c3-54a3-b533-01c5754318f3,base
A3760PCQD2MPIO,1,7,context,0,egocentric_near,egocentric_near_context,right,left,The painting is to Ali's BLANK. The painting is moved right. The painting is to Ali's right.,62cd0646-56c3-54a3-b533-01c5754318f3,base
A37E36IPU0BJX5,1,7,context,0,egocentric_near,egocentric_near_context,right,left,The painting is to Ali's BLANK. The painting is moved right. The painting is to Ali's right.,62cd0646-56c3-54a3-b533-01c5754318f3,base
A37GOI3N77WX21,1,7,context,1,egocentric_near,egocentric_near_context,right,left,The painting is to Ali's BLANK. The painting is moved right. The painting is to Ali's right.,62cd0646-56c3-54a3-b533-01c5754318f3,base
A39C1BN9ZSQ0R2,1,7,context,1,egocentric_near,egocentric_near_context,right,left,The painting is to Ali's BLANK. The painting is moved right. The painting is to Ali's right.,62cd0646-56c3-54a3-b533-01c5754318f3,base
A3E8SXH0BAYG85,1,7,context,1,egocentric_near,egocentric_near_context,right,left,The painting is to Ali's BLANK. The painting is moved right. The painting is to Ali's right.,62cd0646-56c3-54a3-b533-01c5754318f3,base
A3H3BTRV6I3LYU,1,7,context,0,egocentric_near,egocentric_near_context,right,left,The painting is to Ali's BLANK. The painting is moved right. The painting is to Ali's right.,62cd0646-56c3-54a3-b533-01c5754318f3,base
A9IPBD6C63ASJ,1,7,context,1,egocentric_near,egocentric_near_context,right,left,The painting is to Ali's BLANK. The painting is moved right. The painting is to Ali's right.,62cd0646-56c3-54a3-b533-01c5754318f3,base
AF0M3066S5UF1,1,7,context,1,egocentric_near,egocentric_near_context,right,left,The painting is to Ali's BLANK. The painting is moved right. The painting is to Ali's right.,62cd0646-56c3-54a3-b533-01c5754318f3,base
ALLAOJV83NU5Q,1,7,context,0,egocentric_near,egocentric_near_context,right,left,The painting is to Ali's BLANK. The painting is moved right. The painting is to Ali's right.,62cd0646-56c3-54a3-b533-01c5754318f3,base
AOOLS8280CL0Z,1,7,context,1,egocentric_near,egocentric_near_context,right,left,The painting is to Ali's BLANK. The painting is moved right. The painting is to Ali's right.,62cd0646-56c3-54a3-b533-01c5754318f3,base
APEPEEDYQTGMC,1,7,context,1,egocentric_near,egocentric_near_context,right,left,The painting is to Ali's BLANK. The painting is moved right. The painting is to Ali's right.,62cd0646-56c3-54a3-b533-01c5754318f3,base
A11FXG88VL23K5,1,7,context,1,state_nonfollows,state_nonfollows_context,folds,rips,The paper is in one piece. Ali BLANK the paper. The paper is in one piece.,069d2a41-9170-5af3-ba3e-c6ce3bbf09bf,base
A1DRNG1LGX8OA0,1,7,context,1,state_nonfollows,state_nonfollows_context,folds,rips,The paper is in one piece. Ali BLANK the paper. The paper is in one piece.,069d2a41-9170-5af3-ba3e-c6ce3bbf09bf,base
A1I0DV4B4MFQCL,1,7,context,1,state_nonfollows,state_nonfollows_context,folds,rips,The paper is in one piece. Ali BLANK the paper. The paper is in one piece.,069d2a41-9170-5af3-ba3e-c6ce3bbf09bf,base
A1OOCYEFLAJD98,1,7,context,1,state_nonfollows,state_nonfollows_context,folds,rips,The paper is in one piece. Ali BLANK the paper. The paper is in one piece.,069d2a41-9170-5af3-ba3e-c6ce3bbf09bf,base
A1QWQI2ZV6TFOB,1,7,context,1,state_nonfollows,state_nonfollows_context,folds,rips,The paper is in one piece. Ali BLANK the paper. The paper is in one piece.,069d2a41-9170-5af3-ba3e-c6ce3bbf09bf,base
A29Z9P7UNLDTU5,1,7,context,1,state_nonfollows,state_nonfollows_context,folds,rips,The paper is in one piece. Ali BLANK the paper. The paper is in one piece.,069d2a41-9170-5af3-ba3e-c6ce3bbf09bf,base
A2ENGQJ6CBQSUP,1,7,context,1,state_nonfollows,state_nonfollows_context,folds,rips,The paper is in one piece. Ali BLANK the paper. The paper is in one piece.,069d2a41-9170-5af3-ba3e-c6ce3bbf09bf,base
A2KDYSLV030FVX,1,7,context,1,state_nonfollows,state_nonfollows_context,folds,rips,The paper is in one piece. Ali BLANK the paper. The paper is in one piece.,069d2a41-9170-5af3-ba3e-c6ce3bbf09bf,base
A2PAMXM5XJGGPO,1,7,context,1,state_nonfollows,state_nonfollows_context,folds,rips,The paper is in one piece. Ali BLANK the paper. The paper is in one piece.,069d2a41-9170-5af3-ba3e-c6ce3bbf09bf,base
A2XFO0X6RCS98M,1,7,context,1,state_nonfollows,state_nonfollows_context,folds,rips,The paper is in one piece. Ali BLANK the paper. The paper is in one piece.,069d2a41-9170-5af3-ba3e-c6ce3bbf09bf,base
A341XKSRZ58FJK,1,7,context,1,state_nonfollows,state_nonfollows_context,folds,rips,The paper is in one piece. Ali BLANK the paper. The paper is in one piece.,069d2a41-9170-5af3-ba3e-c6ce3bbf09bf,base
A3760PCQD2MPIO,1,7,context,1,state_nonfollows,state_nonfollows_context,folds,rips,The paper is in one piece. Ali BLANK the paper. The paper is in one piece.,069d2a41-9170-5af3-ba3e-c6ce3bbf09bf,base
A37E36IPU0BJX5,1,7,context,1,state_nonfollows,state_nonfollows_context,folds,rips,The paper is in one piece. Ali BLANK the paper. The paper is in one piece.,069d2a41-9170-5af3-ba3e-c6ce3bbf09bf,base
A37GOI3N77WX21,1,7,context,1,state_nonfollows,state_nonfollows_context,folds,rips,The paper is in one piece. Ali BLANK the paper. The paper is in one piece.,069d2a41-9170-5af3-ba3e-c6ce3bbf09bf,base
A39C1BN9ZSQ0R2,1,7,context,1,state_nonfollows,state_nonfollows_context,folds,rips,The paper is in one piece. Ali BLANK the paper. The paper is in one piece.,069d2a41-9170-5af3-ba3e-c6ce3bbf09bf,base
A3E8SXH0BAYG85,1,7,context,1,state_nonfollows,state_nonfollows_context,folds,rips,The paper is in one piece. Ali BLANK the paper. The paper is in one piece.,069d2a41-9170-5af3-ba3e-c6ce3bbf09bf,base
A3H3BTRV6I3LYU,1,7,context,0,state_nonfollows,state_nonfollows_context,folds,rips,The paper is in one piece. Ali BLANK the paper. The paper is in one piece.,069d2a41-9170-5af3-ba3e-c6ce3bbf09bf,base
A9IPBD6C63ASJ,1,7,context,1,state_nonfollows,state_nonfollows_context,folds,rips,The paper is in one piece. Ali BLANK the paper. The paper is in one piece.,069d2a41-9170-5af3-ba3e-c6ce3bbf09bf,base
AF0M3066S5UF1,1,7,context,1,state_nonfollows,state_nonfollows_context,folds,rips,The paper is in one piece. Ali BLANK the paper. The paper is in one piece.,069d2a41-9170-5af3-ba3e-c6ce3bbf09bf,base
ALLAOJV83NU5Q,1,7,context,1,state_nonfollows,state_nonfollows_context,folds,rips,The paper is in one piece. Ali BLANK the paper. The paper is in one piece.,069d2a41-9170-5af3-ba3e-c6ce3bbf09bf,base
AOOLS8280CL0Z,1,7,context,1,state_nonfollows,state_nonfollows_context,folds,rips,The paper is in one piece. Ali BLANK the paper. The paper is in one piece.,069d2a41-9170-5af3-ba3e-c6ce3bbf09bf,base
APEPEEDYQTGMC,1,7,context,1,state_nonfollows,state_nonfollows_context,folds,rips,The paper is in one piece. Ali BLANK the paper. The paper is in one piece.,069d2a41-9170-5af3-ba3e-c6ce3bbf09bf,base
A11FXG88VL23K5,1,7,context,1,state_follows,state_follows_context,blows out,lights,The room is dark. Ali BLANK the candle. The room gets darker.,fca03d10-356a-5aa2-b166-4411c1ec6fb4,base
A1DRNG1LGX8OA0,1,7,context,1,state_follows,state_follows_context,blows out,lights,The room is dark. Ali BLANK the candle. The room gets darker.,fca03d10-356a-5aa2-b166-4411c1ec6fb4,base
A1I0DV4B4MFQCL,1,7,context,1,state_follows,state_follows_context,blows out,lights,The room is dark. Ali BLANK the candle. The room gets darker.,fca03d10-356a-5aa2-b166-4411c1ec6fb4,base
A1OOCYEFLAJD98,1,7,context,1,state_follows,state_follows_context,blows out,lights,The room is dark. Ali BLANK the candle. The room gets darker.,fca03d10-356a-5aa2-b166-4411c1ec6fb4,base
A1QWQI2ZV6TFOB,1,7,context,1,state_follows,state_follows_context,blows out,lights,The room is dark. Ali BLANK the candle. The room gets darker.,fca03d10-356a-5aa2-b166-4411c1ec6fb4,base
A29Z9P7UNLDTU5,1,7,context,1,state_follows,state_follows_context,blows out,lights,The room is dark. Ali BLANK the candle. The room gets darker.,fca03d10-356a-5aa2-b166-4411c1ec6fb4,base
A2ENGQJ6CBQSUP,1,7,context,1,state_follows,state_follows_context,blows out,lights,The room is dark. Ali BLANK the candle. The room gets darker.,fca03d10-356a-5aa2-b166-4411c1ec6fb4,base
A2KDYSLV030FVX,1,7,context,1,state_follows,state_follows_context,blows out,lights,The room is dark. Ali BLANK the candle. The room gets darker.,fca03d10-356a-5aa2-b166-4411c1ec6fb4,base
A2PAMXM5XJGGPO,1,7,context,1,state_follows,state_follows_context,blows out,lights,The room is dark. Ali BLANK the candle. The room gets darker.,fca03d10-356a-5aa2-b166-4411c1ec6fb4,base
A2XFO0X6RCS98M,1,7,context,1,state_follows,state_follows_context,blows out,lights,The room is dark. Ali BLANK the candle. The room gets darker.,fca03d10-356a-5aa2-b166-4411c1ec6fb4,base
A341XKSRZ58FJK,1,7,context,1,state_follows,state_follows_context,blows out,lights,The room is dark. Ali BLANK the candle. The room gets darker.,fca03d10-356a-5aa2-b166-4411c1ec6fb4,base
A3760PCQD2MPIO,1,7,context,1,state_follows,state_follows_context,blows out,lights,The room is dark. Ali BLANK the candle. The room gets darker.,fca03d10-356a-5aa2-b166-4411c1ec6fb4,base
A37E36IPU0BJX5,1,7,context,1,state_follows,state_follows_context,blows out,lights,The room is dark. Ali BLANK the candle. The room gets darker.,fca03d10-356a-5aa2-b166-4411c1ec6fb4,base
A37GOI3N77WX21,1,7,context,1,state_follows,state_follows_context,blows out,lights,The room is dark. Ali BLANK the candle. The room gets darker.,fca03d10-356a-5aa2-b166-4411c1ec6fb4,base
A39C1BN9ZSQ0R2,1,7,context,1,state_follows,state_follows_context,blows out,lights,The room is dark. Ali BLANK the candle. The room gets darker.,fca03d10-356a-5aa2-b166-4411c1ec6fb4,base
A3E8SXH0BAYG85,1,7,context,1,state_follows,state_follows_context,blows out,lights,The room is dark. Ali BLANK the candle. The room gets darker.,fca03d10-356a-5aa2-b166-4411c1ec6fb4,base
A3H3BTRV6I3LYU,1,7,context,0,state_follows,state_follows_context,blows out,lights,The room is dark. Ali BLANK the candle. The room gets darker.,fca03d10-356a-5aa2-b166-4411c1ec6fb4,base
A9IPBD6C63ASJ,1,7,context,1,state_follows,state_follows_context,blows out,lights,The room is dark. Ali BLANK the candle. The room gets darker.,fca03d10-356a-5aa2-b166-4411c1ec6fb4,base
AF0M3066S5UF1,1,7,context,1,state_follows,state_follows_context,blows out,lights,The room is dark. Ali BLANK the candle. The room gets darker.,fca03d10-356a-5aa2-b166-4411c1ec6fb4,base
ALLAOJV83NU5Q,1,7,context,1,state_follows,state_follows_context,blows out,lights,The room is dark. Ali BLANK the candle. The room gets darker.,fca03d10-356a-5aa2-b166-4411c1ec6fb4,base
AOOLS8280CL0Z,1,7,context,1,state_follows,state_follows_context,blows out,lights,The room is dark. Ali BLANK the candle. The room gets darker.,fca03d10-356a-5aa2-b166-4411c1ec6fb4,base
APEPEEDYQTGMC,1,7,context,1,state_follows,state_follows_context,blows out,lights,The room is dark. Ali BLANK the candle. The room gets darker.,fca03d10-356a-5aa2-b166-4411c1ec6fb4,base
A11FXG88VL23K5,1,7,context,1,state_nonfollows,state_nonfollows_context,table,stove,The soup is on the BLANK. Ali turns on the stove. The soup gets colder.,f886f0e9-efa9-565d-9466-05eae5e2c8d0,base
A1DRNG1LGX8OA0,1,7,context,1,state_nonfollows,state_nonfollows_context,table,stove,The soup is on the BLANK. Ali turns on the stove. The soup gets colder.,f886f0e9-efa9-565d-9466-05eae5e2c8d0,base
A1I0DV4B4MFQCL,1,7,context,1,state_nonfollows,state_nonfollows_context,table,stove,The soup is on the BLANK. Ali turns on the stove. The soup gets colder.,f886f0e9-efa9-565d-9466-05eae5e2c8d0,base
A1OOCYEFLAJD98,1,7,context,1,state_nonfollows,state_nonfollows_context,table,stove,The soup is on the BLANK. Ali turns on the stove. The soup gets colder.,f886f0e9-efa9-565d-9466-05eae5e2c8d0,base
A1QWQI2ZV6TFOB,1,7,context,1,state_nonfollows,state_nonfollows_context,table,stove,The soup is on the BLANK. Ali turns on the stove. The soup gets colder.,f886f0e9-efa9-565d-9466-05eae5e2c8d0,base
A29Z9P7UNLDTU5,1,7,context,1,state_nonfollows,state_nonfollows_context,table,stove,The soup is on the BLANK. Ali turns on the stove. The soup gets colder.,f886f0e9-efa9-565d-9466-05eae5e2c8d0,base
A2ENGQJ6CBQSUP,1,7,context,0,state_nonfollows,state_nonfollows_context,table,stove,The soup is on the BLANK. Ali turns on the stove. The soup gets colder.,f886f0e9-efa9-565d-9466-05eae5e2c8d0,base
A2KDYSLV030FVX,1,7,context,1,state_nonfollows,state_nonfollows_context,table,stove,The soup is on the BLANK. Ali turns on the stove. The soup gets colder.,f886f0e9-efa9-565d-9466-05eae5e2c8d0,base
A2PAMXM5XJGGPO,1,7,context,1,state_nonfollows,state_nonfollows_context,table,stove,The soup is on the BLANK. Ali turns on the stove. The soup gets colder.,f886f0e9-efa9-565d-9466-05eae5e2c8d0,base
A2XFO0X6RCS98M,1,7,context,1,state_nonfollows,state_nonfollows_context,table,stove,The soup is on the BLANK. Ali turns on the stove. The soup gets colder.,f886f0e9-efa9-565d-9466-05eae5e2c8d0,base
A341XKSRZ58FJK,1,7,context,1,state_nonfollows,state_nonfollows_context,table,stove,The soup is on the BLANK. Ali turns on the stove. The soup gets colder.,f886f0e9-efa9-565d-9466-05eae5e2c8d0,base
A3760PCQD2MPIO,1,7,context,1,state_nonfollows,state_nonfollows_context,table,stove,The soup is on the BLANK. Ali turns on the stove. The soup gets colder.,f886f0e9-efa9-565d-9466-05eae5e2c8d0,base
A37E36IPU0BJX5,1,7,context,1,state_nonfollows,state_nonfollows_context,table,stove,The soup is on the BLANK. Ali turns on the stove. The soup gets colder.,f886f0e9-efa9-565d-9466-05eae5e2c8d0,base
A37GOI3N77WX21,1,7,context,1,state_nonfollows,state_nonfollows_context,table,stove,The soup is on the BLANK. Ali turns on the stove. The soup gets colder.,f886f0e9-efa9-565d-9466-05eae5e2c8d0,base
A39C1BN9ZSQ0R2,1,7,context,1,state_nonfollows,state_nonfollows_context,table,stove,The soup is on the BLANK. Ali turns on the stove. The soup gets colder.,f886f0e9-efa9-565d-9466-05eae5e2c8d0,base
A3H3BTRV6I3LYU,1,7,context,1,state_nonfollows,state_nonfollows_context,table,stove,The soup is on the BLANK. Ali turns on the stove. The soup gets colder.,f886f0e9-efa9-565d-9466-05eae5e2c8d0,base
A9IPBD6C63ASJ,1,7,context,1,state_nonfollows,state_nonfollows_context,table,stove,The soup is on the BLANK. Ali turns on the stove. The soup gets colder.,f886f0e9-efa9-565d-9466-05eae5e2c8d0,base
AF0M3066S5UF1,1,7,context,1,state_nonfollows,state_nonfollows_context,table,stove,The soup is on the BLANK. Ali turns on the stove. The soup gets colder.,f886f0e9-efa9-565d-9466-05eae5e2c8d0,base
ALLAOJV83NU5Q,1,7,context,1,state_nonfollows,state_nonfollows_context,table,stove,The soup is on the BLANK. Ali turns on the stove. The soup gets colder.,f886f0e9-efa9-565d-9466-05eae5e2c8d0,base
AOOLS8280CL0Z,1,7,context,1,state_nonfollows,state_nonfollows_context,table,stove,The soup is on the BLANK. Ali turns on the stove. The soup gets colder.,f886f0e9-efa9-565d-9466-05eae5e2c8d0,base
APEPEEDYQTGMC,1,7,context,1,state_nonfollows,state_nonfollows_context,table,stove,The soup is on the BLANK. Ali turns on the stove. The soup gets colder.,f886f0e9-efa9-565d-9466-05eae5e2c8d0,base
A11FXG88VL23K5,1,7,context,0,geocentric_near,geocentric_near_context,East of,South of,The statue is BLANK Ali. Ali walks North. The statue is East of Ali.,c0571aef-9e9a-5c28-8136-16cf5969f8c4,base
A1DRNG1LGX8OA0,1,7,context,0,geocentric_near,geocentric_near_context,East of,South of,The statue is BLANK Ali. Ali walks North. The statue is East of Ali.,c0571aef-9e9a-5c28-8136-16cf5969f8c4,base
A1I0DV4B4MFQCL,1,7,context,1,geocentric_near,geocentric_near_context,East of,South of,The statue is BLANK Ali. Ali walks North. The statue is East of Ali.,c0571aef-9e9a-5c28-8136-16cf5969f8c4,base
A1OOCYEFLAJD98,1,7,context,1,geocentric_near,geocentric_near_context,East of,South of,The statue is BLANK Ali. Ali walks North. The statue is East of Ali.,c0571aef-9e9a-5c28-8136-16cf5969f8c4,base
A1QWQI2ZV6TFOB,1,7,context,1,geocentric_near,geocentric_near_context,East of,South of,The statue is BLANK Ali. Ali walks North. The statue is East of Ali.,c0571aef-9e9a-5c28-8136-16cf5969f8c4,base
A29Z9P7UNLDTU5,1,7,context,1,geocentric_near,geocentric_near_context,East of,South of,The statue is BLANK Ali. Ali walks North. The statue is East of Ali.,c0571aef-9e9a-5c28-8136-16cf5969f8c4,base
A2ENGQJ6CBQSUP,1,7,context,0,geocentric_near,geocentric_near_context,East of,South of,The statue is BLANK Ali. Ali walks North. The statue is East of Ali.,c0571aef-9e9a-5c28-8136-16cf5969f8c4,base
A2KDYSLV030FVX,1,7,context,1,geocentric_near,geocentric_near_context,East of,South of,The statue is BLANK Ali. Ali walks North. The statue is East of Ali.,c0571aef-9e9a-5c28-8136-16cf5969f8c4,base
A2PAMXM5XJGGPO,1,7,context,1,geocentric_near,geocentric_near_context,East of,South of,The statue is BLANK Ali. Ali walks North. The statue is East of Ali.,c0571aef-9e9a-5c28-8136-16cf5969f8c4,base
A2XFO0X6RCS98M,1,7,context,0,geocentric_near,geocentric_near_context,East of,South of,The statue is BLANK Ali. Ali walks North. The statue is East of Ali.,c0571aef-9e9a-5c28-8136-16cf5969f8c4,base
A341XKSRZ58FJK,1,7,context,1,geocentric_near,geocentric_near_context,East of,South of,The statue is BLANK Ali. Ali walks North. The statue is East of Ali.,c0571aef-9e9a-5c28-8136-16cf5969f8c4,base
A3760PCQD2MPIO,1,7,context,1,geocentric_near,geocentric_near_context,East of,South of,The statue is BLANK Ali. Ali walks North. The statue is East of Ali.,c0571aef-9e9a-5c28-8136-16cf5969f8c4,base
A37E36IPU0BJX5,1,7,context,0,geocentric_near,geocentric_near_context,East of,South of,The statue is BLANK Ali. Ali walks North. The statue is East of Ali.,c0571aef-9e9a-5c28-8136-16cf5969f8c4,base
A37GOI3N77WX21,1,7,context,1,geocentric_near,geocentric_near_context,East of,South of,The statue is BLANK Ali. Ali walks North. The statue is East of Ali.,c0571aef-9e9a-5c28-8136-16cf5969f8c4,base
A39C1BN9ZSQ0R2,1,7,context,1,geocentric_near,geocentric_near_context,East of,South of,The statue is BLANK Ali. Ali walks North. The statue is East of Ali.,c0571aef-9e9a-5c28-8136-16cf5969f8c4,base
A3E8SXH0BAYG85,1,7,context,0,geocentric_near,geocentric_near_context,East of,South of,The statue is BLANK Ali. Ali walks North. The statue is East of Ali.,c0571aef-9e9a-5c28-8136-16cf5969f8c4,base
A3H3BTRV6I3LYU,1,7,context,0,geocentric_near,geocentric_near_context,East of,South of,The statue is BLANK Ali. Ali walks North. The statue is East of Ali.,c0571aef-9e9a-5c28-8136-16cf5969f8c4,base
A9IPBD6C63ASJ,1,7,context,1,geocentric_near,geocentric_near_context,East of,South of,The statue is BLANK Ali. Ali walks North. The statue is East of Ali.,c0571aef-9e9a-5c28-8136-16cf5969f8c4,base
AF0M3066S5UF1,1,7,context,1,geocentric_near,geocentric_near_context,East of,South of,The statue is BLANK Ali. Ali walks North. The statue is East of Ali.,c0571aef-9e9a-5c28-8136-16cf5969f8c4,base
ALLAOJV83NU5Q,1,7,context,1,geocentric_near,geocentric_near_context,East of,South of,The statue is BLANK Ali. Ali walks North. The statue is East of Ali.,c0571aef-9e9a-5c28-8136-16cf5969f8c4,base
AOOLS8280CL0Z,1,7,context,1,geocentric_near,geocentric_near_context,East of,South of,The statue is BLANK Ali. Ali walks North. The statue is East of Ali.,c0571aef-9e9a-5c28-8136-16cf5969f8c4,base
APEPEEDYQTGMC,1,7,context,1,geocentric_near,geocentric_near_context,East of,South of,The statue is BLANK Ali. Ali walks North. The statue is East of Ali.,c0571aef-9e9a-5c28-8136-16cf5969f8c4,base
A11FXG88VL23K5,1,7,context,1,relative_pos,relative_pos_context,far from,touching,The tennis ball is BLANK the bowling ball. Ali rolls the bowling ball. The tennis ball is closer to the bowling ball.,dbbce730-0cae-52c6-adce-d629e0532696,base
A1DRNG1LGX8OA0,1,7,context,0,relative_pos,relative_pos_context,far from,touching,The tennis ball is BLANK the bowling ball. Ali rolls the bowling ball. The tennis ball is closer to the bowling ball.,dbbce730-0cae-52c6-adce-d629e0532696,base
A1I0DV4B4MFQCL,1,7,context,1,relative_pos,relative_pos_context,far from,touching,The tennis ball is BLANK the bowling ball. Ali rolls the bowling ball. The tennis ball is closer to the bowling ball.,dbbce730-0cae-52c6-adce-d629e0532696,base
A1OOCYEFLAJD98,1,7,context,1,relative_pos,relative_pos_context,far from,touching,The tennis ball is BLANK the bowling ball. Ali rolls the bowling ball. The tennis ball is closer to the bowling ball.,dbbce730-0cae-52c6-adce-d629e0532696,base
A1QWQI2ZV6TFOB,1,7,context,1,relative_pos,relative_pos_context,far from,touching,The tennis ball is BLANK the bowling ball. Ali rolls the bowling ball. The tennis ball is closer to the bowling ball.,dbbce730-0cae-52c6-adce-d629e0532696,base
A29Z9P7UNLDTU5,1,7,context,1,relative_pos,relative_pos_context,far from,touching,The tennis ball is BLANK the bowling ball. Ali rolls the bowling ball. The tennis ball is closer to the bowling ball.,dbbce730-0cae-52c6-adce-d629e0532696,base
A2ENGQJ6CBQSUP,1,7,context,1,relative_pos,relative_pos_context,far from,touching,The tennis ball is BLANK the bowling ball. Ali rolls the bowling ball. The tennis ball is closer to the bowling ball.,dbbce730-0cae-52c6-adce-d629e0532696,base
A2KDYSLV030FVX,1,7,context,1,relative_pos,relative_pos_context,far from,touching,The tennis ball is BLANK the bowling ball. Ali rolls the bowling ball. The tennis ball is closer to the bowling ball.,dbbce730-0cae-52c6-adce-d629e0532696,base
A2PAMXM5XJGGPO,1,7,context,1,relative_pos,relative_pos_context,far from,touching,The tennis ball is BLANK the bowling ball. Ali rolls the bowling ball. The tennis ball is closer to the bowling ball.,dbbce730-0cae-52c6-adce-d629e0532696,base
A2XFO0X6RCS98M,1,7,context,1,relative_pos,relative_pos_context,far from,touching,The tennis ball is BLANK the bowling ball. Ali rolls the bowling ball. The tennis ball is closer to the bowling ball.,dbbce730-0cae-52c6-adce-d629e0532696,base
A341XKSRZ58FJK,1,7,context,1,relative_pos,relative_pos_context,far from,touching,The tennis ball is BLANK the bowling ball. Ali rolls the bowling ball. The tennis ball is closer to the bowling ball.,dbbce730-0cae-52c6-adce-d629e0532696,base
A3760PCQD2MPIO,1,7,context,1,relative_pos,relative_pos_context,far from,touching,The tennis ball is BLANK the bowling ball. Ali rolls the bowling ball. The tennis ball is closer to the bowling ball.,dbbce730-0cae-52c6-adce-d629e0532696,base
A37E36IPU0BJX5,1,7,context,1,relative_pos,relative_pos_context,far from,touching,The tennis ball is BLANK the bowling ball. Ali rolls the bowling ball. The tennis ball is closer to the bowling ball.,dbbce730-0cae-52c6-adce-d629e0532696,base
A37GOI3N77WX21,1,7,context,1,relative_pos,relative_pos_context,far from,touching,The tennis ball is BLANK the bowling ball. Ali rolls the bowling ball. The tennis ball is closer to the bowling ball.,dbbce730-0cae-52c6-adce-d629e0532696,base
A39C1BN9ZSQ0R2,1,7,context,1,relative_pos,relative_pos_context,far from,touching,The tennis ball is BLANK the bowling ball. Ali rolls the bowling ball. The tennis ball is closer to the bowling ball.,dbbce730-0cae-52c6-adce-d629e0532696,base
A3E8SXH0BAYG85,1,7,context,1,relative_pos,relative_pos_context,far from,touching,The tennis ball is BLANK the bowling ball. Ali rolls the bowling ball. The tennis ball is closer to the bowling ball.,dbbce730-0cae-52c6-adce-d629e0532696,base
A3H3BTRV6I3LYU,1,7,context,1,relative_pos,relative_pos_context,far from,touching,The tennis ball is BLANK the bowling ball. Ali rolls the bowling ball. The tennis ball is closer to the bowling ball.,dbbce730-0cae-52c6-adce-d629e0532696,base
A9IPBD6C63ASJ,1,7,context,1,relative_pos,relative_pos_context,far from,touching,The tennis ball is BLANK the bowling ball. Ali rolls the bowling ball. The tennis ball is closer to the bowling ball.,dbbce730-0cae-52c6-adce-d629e0532696,base
AF0M3066S5UF1,1,7,context,1,relative_pos,relative_pos_context,far from,touching,The tennis ball is BLANK the bowling ball. Ali rolls the bowling ball. The tennis ball is closer to the bowling ball.,dbbce730-0cae-52c6-adce-d629e0532696,base
ALLAOJV83NU5Q,1,7,context,1,relative_pos,relative_pos_context,far from,touching,The tennis ball is BLANK the bowling ball. Ali rolls the bowling ball. The tennis ball is closer to the bowling ball.,dbbce730-0cae-52c6-adce-d629e0532696,base
AOOLS8280CL0Z,1,7,context,0,relative_pos,relative_pos_context,far from,touching,The tennis ball is BLANK the bowling ball. Ali rolls the bowling ball. The tennis ball is closer to the bowling ball.,dbbce730-0cae-52c6-adce-d629e0532696,base
APEPEEDYQTGMC,1,7,context,1,relative_pos,relative_pos_context,far from,touching,The tennis ball is BLANK the bowling ball. Ali rolls the bowling ball. The tennis ball is closer to the bowling ball.,dbbce730-0cae-52c6-adce-d629e0532696,base
A11FXG88VL23K5,1,7,context,1,action_follows,action_follows_context,throws,doesn't throw,The tennis ball is next to the bowling ball. Ali BLANK the tennis ball. The tennis ball is far from the bowling ball.,a1fe0114-e011-5482-80cc-3d473bb99d70,base
A1DRNG1LGX8OA0,1,7,context,1,action_follows,action_follows_context,throws,doesn't throw,The tennis ball is next to the bowling ball. Ali BLANK the tennis ball. The tennis ball is far from the bowling ball.,a1fe0114-e011-5482-80cc-3d473bb99d70,base
A1I0DV4B4MFQCL,1,7,context,1,action_follows,action_follows_context,throws,doesn't throw,The tennis ball is next to the bowling ball. Ali BLANK the tennis ball. The tennis ball is far from the bowling ball.,a1fe0114-e011-5482-80cc-3d473bb99d70,base
A1OOCYEFLAJD98,1,7,context,1,action_follows,action_follows_context,throws,doesn't throw,The tennis ball is next to the bowling ball. Ali BLANK the tennis ball. The tennis ball is far from the bowling ball.,a1fe0114-e011-5482-80cc-3d473bb99d70,base
A1QWQI2ZV6TFOB,1,7,context,1,action_follows,action_follows_context,throws,doesn't throw,The tennis ball is next to the bowling ball. Ali BLANK the tennis ball. The tennis ball is far from the bowling ball.,a1fe0114-e011-5482-80cc-3d473bb99d70,base
A29Z9P7UNLDTU5,1,7,context,1,action_follows,action_follows_context,throws,doesn't throw,The tennis ball is next to the bowling ball. Ali BLANK the tennis ball. The tennis ball is far from the bowling ball.,a1fe0114-e011-5482-80cc-3d473bb99d70,base
A2ENGQJ6CBQSUP,1,7,context,1,action_follows,action_follows_context,throws,doesn't throw,The tennis ball is next to the bowling ball. Ali BLANK the tennis ball. The tennis ball is far from the bowling ball.,a1fe0114-e011-5482-80cc-3d473bb99d70,base
A2KDYSLV030FVX,1,7,context,1,action_follows,action_follows_context,throws,doesn't throw,The tennis ball is next to the bowling ball. Ali BLANK the tennis ball. The tennis ball is far from the bowling ball.,a1fe0114-e011-5482-80cc-3d473bb99d70,base
A2PAMXM5XJGGPO,1,7,context,1,action_follows,action_follows_context,throws,doesn't throw,The tennis ball is next to the bowling ball. Ali BLANK the tennis ball. The tennis ball is far from the bowling ball.,a1fe0114-e011-5482-80cc-3d473bb99d70,base
A2XFO0X6RCS98M,1,7,context,1,action_follows,action_follows_context,throws,doesn't throw,The tennis ball is next to the bowling ball. Ali BLANK the tennis ball. The tennis ball is far from the bowling ball.,a1fe0114-e011-5482-80cc-3d473bb99d70,base
A341XKSRZ58FJK,1,7,context,1,action_follows,action_follows_context,throws,doesn't throw,The tennis ball is next to the bowling ball. Ali BLANK the tennis ball. The tennis ball is far from the bowling ball.,a1fe0114-e011-5482-80cc-3d473bb99d70,base
A3760PCQD2MPIO,1,7,context,1,action_follows,action_follows_context,throws,doesn't throw,The tennis ball is next to the bowling ball. Ali BLANK the tennis ball. The tennis ball is far from the bowling ball.,a1fe0114-e011-5482-80cc-3d473bb99d70,base
A37E36IPU0BJX5,1,7,context,1,action_follows,action_follows_context,throws,doesn't throw,The tennis ball is next to the bowling ball. Ali BLANK the tennis ball. The tennis ball is far from the bowling ball.,a1fe0114-e011-5482-80cc-3d473bb99d70,base
A37GOI3N77WX21,1,7,context,1,action_follows,action_follows_context,throws,doesn't throw,The tennis ball is next to the bowling ball. Ali BLANK the tennis ball. The tennis ball is far from the bowling ball.,a1fe0114-e011-5482-80cc-3d473bb99d70,base
A39C1BN9ZSQ0R2,1,7,context,1,action_follows,action_follows_context,throws,doesn't throw,The tennis ball is next to the bowling ball. Ali BLANK the tennis ball. The tennis ball is far from the bowling ball.,a1fe0114-e011-5482-80cc-3d473bb99d70,base
A3E8SXH0BAYG85,1,7,context,1,action_follows,action_follows_context,throws,doesn't throw,The tennis ball is next to the bowling ball. Ali BLANK the tennis ball. The tennis ball is far from the bowling ball.,a1fe0114-e011-5482-80cc-3d473bb99d70,base
A3H3BTRV6I3LYU,1,7,context,1,action_follows,action_follows_context,throws,doesn't throw,The tennis ball is next to the bowling ball. Ali BLANK the tennis ball. The tennis ball is far from the bowling ball.,a1fe0114-e011-5482-80cc-3d473bb99d70,base
A9IPBD6C63ASJ,1,7,context,1,action_follows,action_follows_context,throws,doesn't throw,The tennis ball is next to the bowling ball. Ali BLANK the tennis ball. The tennis ball is far from the bowling ball.,a1fe0114-e011-5482-80cc-3d473bb99d70,base
AF0M3066S5UF1,1,7,context,1,action_follows,action_follows_context,throws,doesn't throw,The tennis ball is next to the bowling ball. Ali BLANK the tennis ball. The tennis ball is far from the bowling ball.,a1fe0114-e011-5482-80cc-3d473bb99d70,base
ALLAOJV83NU5Q,1,7,context,1,action_follows,action_follows_context,throws,doesn't throw,The tennis ball is next to the bowling ball. Ali BLANK the tennis ball. The tennis ball is far from the bowling ball.,a1fe0114-e011-5482-80cc-3d473bb99d70,base
AOOLS8280CL0Z,1,7,context,1,action_follows,action_follows_context,throws,doesn't throw,The tennis ball is next to the bowling ball. Ali BLANK the tennis ball. The tennis ball is far from the bowling ball.,a1fe0114-e011-5482-80cc-3d473bb99d70,base
APEPEEDYQTGMC,1,7,context,1,action_follows,action_follows_context,throws,doesn't throw,The tennis ball is next to the bowling ball. Ali BLANK the tennis ball. The tennis ball is far from the bowling ball.,a1fe0114-e011-5482-80cc-3d473bb99d70,base
A11FXG88VL23K5,1,7,context,0,state_nonfollows,state_nonfollows_context,1 month,5 minutes,The wall was painted BLANK ago. Ali touches the wall. Ali's hand is clean.,3912f615-9518-5062-bfe9-b9deae98b3cc,base
A1DRNG1LGX8OA0,1,7,context,1,state_nonfollows,state_nonfollows_context,1 month,5 minutes,The wall was painted BLANK ago. Ali touches the wall. Ali's hand is clean.,3912f615-9518-5062-bfe9-b9deae98b3cc,base
A1I0DV4B4MFQCL,1,7,context,1,state_nonfollows,state_nonfollows_context,1 month,5 minutes,The wall was painted BLANK ago. Ali touches the wall. Ali's hand is clean.,3912f615-9518-5062-bfe9-b9deae98b3cc,base
A1OOCYEFLAJD98,1,7,context,1,state_nonfollows,state_nonfollows_context,1 month,5 minutes,The wall was painted BLANK ago. Ali touches the wall. Ali's hand is clean.,3912f615-9518-5062-bfe9-b9deae98b3cc,base
A1QWQI2ZV6TFOB,1,7,context,1,state_nonfollows,state_nonfollows_context,1 month,5 minutes,The wall was painted BLANK ago. Ali touches the wall. Ali's hand is clean.,3912f615-9518-5062-bfe9-b9deae98b3cc,base
A29Z9P7UNLDTU5,1,7,context,0,state_nonfollows,state_nonfollows_context,1 month,5 minutes,The wall was painted BLANK ago. Ali touches the wall. Ali's hand is clean.,3912f615-9518-5062-bfe9-b9deae98b3cc,base
A2ENGQJ6CBQSUP,1,7,context,0,state_nonfollows,state_nonfollows_context,1 month,5 minutes,The wall was painted BLANK ago. Ali touches the wall. Ali's hand is clean.,3912f615-9518-5062-bfe9-b9deae98b3cc,base
A2KDYSLV030FVX,1,7,context,1,state_nonfollows,state_nonfollows_context,1 month,5 minutes,The wall was painted BLANK ago. Ali touches the wall. Ali's hand is clean.,3912f615-9518-5062-bfe9-b9deae98b3cc,base
A2PAMXM5XJGGPO,1,7,context,1,state_nonfollows,state_nonfollows_context,1 month,5 minutes,The wall was painted BLANK ago. Ali touches the wall. Ali's hand is clean.,3912f615-9518-5062-bfe9-b9deae98b3cc,base
A2XFO0X6RCS98M,1,7,context,1,state_nonfollows,state_nonfollows_context,1 month,5 minutes,The wall was painted BLANK ago. Ali touches the wall. Ali's hand is clean.,3912f615-9518-5062-bfe9-b9deae98b3cc,base
A341XKSRZ58FJK,1,7,context,1,state_nonfollows,state_nonfollows_context,1 month,5 minutes,The wall was painted BLANK ago. Ali touches the wall. Ali's hand is clean.,3912f615-9518-5062-bfe9-b9deae98b3cc,base
A3760PCQD2MPIO,1,7,context,1,state_nonfollows,state_nonfollows_context,1 month,5 minutes,The wall was painted BLANK ago. Ali touches the wall. Ali's hand is clean.,3912f615-9518-5062-bfe9-b9deae98b3cc,base
A37E36IPU0BJX5,1,7,context,0,state_nonfollows,state_nonfollows_context,1 month,5 minutes,The wall was painted BLANK ago. Ali touches the wall. Ali's hand is clean.,3912f615-9518-5062-bfe9-b9deae98b3cc,base
A37GOI3N77WX21,1,7,context,1,state_nonfollows,state_nonfollows_context,1 month,5 minutes,The wall was painted BLANK ago. Ali touches the wall. Ali's hand is clean.,3912f615-9518-5062-bfe9-b9deae98b3cc,base
A39C1BN9ZSQ0R2,1,7,context,1,state_nonfollows,state_nonfollows_context,1 month,5 minutes,The wall was painted BLANK ago. Ali touches the wall. Ali's hand is clean.,3912f615-9518-5062-bfe9-b9deae98b3cc,base
A3E8SXH0BAYG85,1,7,context,1,state_nonfollows,state_nonfollows_context,1 month,5 minutes,The wall was painted BLANK ago. Ali touches the wall. Ali's hand is clean.,3912f615-9518-5062-bfe9-b9deae98b3cc,base
A3H3BTRV6I3LYU,1,7,context,0,state_nonfollows,state_nonfollows_context,1 month,5 minutes,The wall was painted BLANK ago. Ali touches the wall. Ali's hand is clean.,3912f615-9518-5062-bfe9-b9deae98b3cc,base
A9IPBD6C63ASJ,1,7,context,1,state_nonfollows,state_nonfollows_context,1 month,5 minutes,The wall was painted BLANK ago. Ali touches the wall. Ali's hand is clean.,3912f615-9518-5062-bfe9-b9deae98b3cc,base
AF0M3066S5UF1,1,7,context,1,state_nonfollows,state_nonfollows_context,1 month,5 minutes,The wall was painted BLANK ago. Ali touches the wall. Ali's hand is clean.,3912f615-9518-5062-bfe9-b9deae98b3cc,base
ALLAOJV83NU5Q,1,7,context,1,state_nonfollows,state_nonfollows_context,1 month,5 minutes,The wall was painted BLANK ago. Ali touches the wall. Ali's hand is clean.,3912f615-9518-5062-bfe9-b9deae98b3cc,base
AOOLS8280CL0Z,1,7,context,1,state_nonfollows,state_nonfollows_context,1 month,5 minutes,The wall was painted BLANK ago. Ali touches the wall. Ali's hand is clean.,3912f615-9518-5062-bfe9-b9deae98b3cc,base
APEPEEDYQTGMC,1,7,context,1,state_nonfollows,state_nonfollows_context,1 month,5 minutes,The wall was painted BLANK ago. Ali touches the wall. Ali's hand is clean.,3912f615-9518-5062-bfe9-b9deae98b3cc,base
A11FXG88VL23K5,1,7,context,1,state_follows,state_follows_context,freezer,refrigerator,The water is in the bucket. Ali puts the bucket in the BLANK. The water freezes.,7b84c6b5-2e56-5781-aaa0-d2747413bce0,base
A1DRNG1LGX8OA0,1,7,context,1,state_follows,state_follows_context,freezer,refrigerator,The water is in the bucket. Ali puts the bucket in the BLANK. The water freezes.,7b84c6b5-2e56-5781-aaa0-d2747413bce0,base
A1I0DV4B4MFQCL,1,7,context,1,state_follows,state_follows_context,freezer,refrigerator,The water is in the bucket. Ali puts the bucket in the BLANK. The water freezes.,7b84c6b5-2e56-5781-aaa0-d2747413bce0,base
A1OOCYEFLAJD98,1,7,context,1,state_follows,state_follows_context,freezer,refrigerator,The water is in the bucket. Ali puts the bucket in the BLANK. The water freezes.,7b84c6b5-2e56-5781-aaa0-d2747413bce0,base
A1QWQI2ZV6TFOB,1,7,context,1,state_follows,state_follows_context,freezer,refrigerator,The water is in the bucket. Ali puts the bucket in the BLANK. The water freezes.,7b84c6b5-2e56-5781-aaa0-d2747413bce0,base
A29Z9P7UNLDTU5,1,7,context,1,state_follows,state_follows_context,freezer,refrigerator,The water is in the bucket. Ali puts the bucket in the BLANK. The water freezes.,7b84c6b5-2e56-5781-aaa0-d2747413bce0,base
A2ENGQJ6CBQSUP,1,7,context,1,state_follows,state_follows_context,freezer,refrigerator,The water is in the bucket. Ali puts the bucket in the BLANK. The water freezes.,7b84c6b5-2e56-5781-aaa0-d2747413bce0,base
A2KDYSLV030FVX,1,7,context,1,state_follows,state_follows_context,freezer,refrigerator,The water is in the bucket. Ali puts the bucket in the BLANK. The water freezes.,7b84c6b5-2e56-5781-aaa0-d2747413bce0,base
A2PAMXM5XJGGPO,1,7,context,1,state_follows,state_follows_context,freezer,refrigerator,The water is in the bucket. Ali puts the bucket in the BLANK. The water freezes.,7b84c6b5-2e56-5781-aaa0-d2747413bce0,base
A2XFO0X6RCS98M,1,7,context,1,state_follows,state_follows_context,freezer,refrigerator,The water is in the bucket. Ali puts the bucket in the BLANK. The water freezes.,7b84c6b5-2e56-5781-aaa0-d2747413bce0,base
A341XKSRZ58FJK,1,7,context,1,state_follows,state_follows_context,freezer,refrigerator,The water is in the bucket. Ali puts the bucket in the BLANK. The water freezes.,7b84c6b5-2e56-5781-aaa0-d2747413bce0,base
A3760PCQD2MPIO,1,7,context,1,state_follows,state_follows_context,freezer,refrigerator,The water is in the bucket. Ali puts the bucket in the BLANK. The water freezes.,7b84c6b5-2e56-5781-aaa0-d2747413bce0,base
A37E36IPU0BJX5,1,7,context,1,state_follows,state_follows_context,freezer,refrigerator,The water is in the bucket. Ali puts the bucket in the BLANK. The water freezes.,7b84c6b5-2e56-5781-aaa0-d2747413bce0,base
A37GOI3N77WX21,1,7,context,1,state_follows,state_follows_context,freezer,refrigerator,The water is in the bucket. Ali puts the bucket in the BLANK. The water freezes.,7b84c6b5-2e56-5781-aaa0-d2747413bce0,base
A39C1BN9ZSQ0R2,1,7,context,1,state_follows,state_follows_context,freezer,refrigerator,The water is in the bucket. Ali puts the bucket in the BLANK. The water freezes.,7b84c6b5-2e56-5781-aaa0-d2747413bce0,base
A3E8SXH0BAYG85,1,7,context,1,state_follows,state_follows_context,freezer,refrigerator,The water is in the bucket. Ali puts the bucket in the BLANK. The water freezes.,7b84c6b5-2e56-5781-aaa0-d2747413bce0,base
A3H3BTRV6I3LYU,1,7,context,1,state_follows,state_follows_context,freezer,refrigerator,The water is in the bucket. Ali puts the bucket in the BLANK. The water freezes.,7b84c6b5-2e56-5781-aaa0-d2747413bce0,base
A9IPBD6C63ASJ,1,7,context,0,state_follows,state_follows_context,freezer,refrigerator,The water is in the bucket. Ali puts the bucket in the BLANK. The water freezes.,7b84c6b5-2e56-5781-aaa0-d2747413bce0,base
AF0M3066S5UF1,1,7,context,1,state_follows,state_follows_context,freezer,refrigerator,The water is in the bucket. Ali puts the bucket in the BLANK. The water freezes.,7b84c6b5-2e56-5781-aaa0-d2747413bce0,base
ALLAOJV83NU5Q,1,7,context,1,state_follows,state_follows_context,freezer,refrigerator,The water is in the bucket. Ali puts the bucket in the BLANK. The water freezes.,7b84c6b5-2e56-5781-aaa0-d2747413bce0,base
AOOLS8280CL0Z,1,7,context,1,state_follows,state_follows_context,freezer,refrigerator,The water is in the bucket. Ali puts the bucket in the BLANK. The water freezes.,7b84c6b5-2e56-5781-aaa0-d2747413bce0,base
APEPEEDYQTGMC,1,7,context,1,state_follows,state_follows_context,freezer,refrigerator,The water is in the bucket. Ali puts the bucket in the BLANK. The water freezes.,7b84c6b5-2e56-5781-aaa0-d2747413bce0,base
A11FXG88VL23K5,1,7,context,1,state_nonfollows,state_nonfollows_context,in front of,behind,The window is behind Ali and the wall is BLANK Ali. Ali throws the baseball at the wall. The window doesn't break.,7059f488-f1a5-5fdc-993e-6f0061a284cc,base
A1DRNG1LGX8OA0,1,7,context,1,state_nonfollows,state_nonfollows_context,in front of,behind,The window is behind Ali and the wall is BLANK Ali. Ali throws the baseball at the wall. The window doesn't break.,7059f488-f1a5-5fdc-993e-6f0061a284cc,base
A1I0DV4B4MFQCL,1,7,context,1,state_nonfollows,state_nonfollows_context,in front of,behind,The window is behind Ali and the wall is BLANK Ali. Ali throws the baseball at the wall. The window doesn't break.,7059f488-f1a5-5fdc-993e-6f0061a284cc,base
A1OOCYEFLAJD98,1,7,context,1,state_nonfollows,state_nonfollows_context,in front of,behind,The window is behind Ali and the wall is BLANK Ali. Ali throws the baseball at the wall. The window doesn't break.,7059f488-f1a5-5fdc-993e-6f0061a284cc,base
A1QWQI2ZV6TFOB,1,7,context,1,state_nonfollows,state_nonfollows_context,in front of,behind,The window is behind Ali and the wall is BLANK Ali. Ali throws the baseball at the wall. The window doesn't break.,7059f488-f1a5-5fdc-993e-6f0061a284cc,base
A29Z9P7UNLDTU5,1,7,context,1,state_nonfollows,state_nonfollows_context,in front of,behind,The window is behind Ali and the wall is BLANK Ali. Ali throws the baseball at the wall. The window doesn't break.,7059f488-f1a5-5fdc-993e-6f0061a284cc,base
A2ENGQJ6CBQSUP,1,7,context,1,state_nonfollows,state_nonfollows_context,in front of,behind,The window is behind Ali and the wall is BLANK Ali. Ali throws the baseball at the wall. The window doesn't break.,7059f488-f1a5-5fdc-993e-6f0061a284cc,base
A2KDYSLV030FVX,1,7,context,0,state_nonfollows,state_nonfollows_context,in front of,behind,The window is behind Ali and the wall is BLANK Ali. Ali throws the baseball at the wall. The window doesn't break.,7059f488-f1a5-5fdc-993e-6f0061a284cc,base
A2PAMXM5XJGGPO,1,7,context,0,state_nonfollows,state_nonfollows_context,in front of,behind,The window is behind Ali and the wall is BLANK Ali. Ali throws the baseball at the wall. The window doesn't break.,7059f488-f1a5-5fdc-993e-6f0061a284cc,base
A2XFO0X6RCS98M,1,7,context,1,state_nonfollows,state_nonfollows_context,in front of,behind,The window is behind Ali and the wall is BLANK Ali. Ali throws the baseball at the wall. The window doesn't break.,7059f488-f1a5-5fdc-993e-6f0061a284cc,base
A341XKSRZ58FJK,1,7,context,1,state_nonfollows,state_nonfollows_context,in front of,behind,The window is behind Ali and the wall is BLANK Ali. Ali throws the baseball at the wall. The window doesn't break.,7059f488-f1a5-5fdc-993e-6f0061a284cc,base
A3760PCQD2MPIO,1,7,context,0,state_nonfollows,state_nonfollows_context,in front of,behind,The window is behind Ali and the wall is BLANK Ali. Ali throws the baseball at the wall. The window doesn't break.,7059f488-f1a5-5fdc-993e-6f0061a284cc,base
A37E36IPU0BJX5,1,7,context,1,state_nonfollows,state_nonfollows_context,in front of,behind,The window is behind Ali and the wall is BLANK Ali. Ali throws the baseball at the wall. The window doesn't break.,7059f488-f1a5-5fdc-993e-6f0061a284cc,base
A37GOI3N77WX21,1,7,context,1,state_nonfollows,state_nonfollows_context,in front of,behind,The window is behind Ali and the wall is BLANK Ali. Ali throws the baseball at the wall. The window doesn't break.,7059f488-f1a5-5fdc-993e-6f0061a284cc,base
A39C1BN9ZSQ0R2,1,7,context,1,state_nonfollows,state_nonfollows_context,in front of,behind,The window is behind Ali and the wall is BLANK Ali. Ali throws the baseball at the wall. The window doesn't break.,7059f488-f1a5-5fdc-993e-6f0061a284cc,base
A3E8SXH0BAYG85,1,7,context,1,state_nonfollows,state_nonfollows_context,in front of,behind,The window is behind Ali and the wall is BLANK Ali. Ali throws the baseball at the wall. The window doesn't break.,7059f488-f1a5-5fdc-993e-6f0061a284cc,base
A3H3BTRV6I3LYU,1,7,context,0,state_nonfollows,state_nonfollows_context,in front of,behind,The window is behind Ali and the wall is BLANK Ali. Ali throws the baseball at the wall. The window doesn't break.,7059f488-f1a5-5fdc-993e-6f0061a284cc,base
A9IPBD6C63ASJ,1,7,context,1,state_nonfollows,state_nonfollows_context,in front of,behind,The window is behind Ali and the wall is BLANK Ali. Ali throws the baseball at the wall. The window doesn't break.,7059f488-f1a5-5fdc-993e-6f0061a284cc,base
AF0M3066S5UF1,1,7,context,1,state_nonfollows,state_nonfollows_context,in front of,behind,The window is behind Ali and the wall is BLANK Ali. Ali throws the baseball at the wall. The window doesn't break.,7059f488-f1a5-5fdc-993e-6f0061a284cc,base
ALLAOJV83NU5Q,1,7,context,1,state_nonfollows,state_nonfollows_context,in front of,behind,The window is behind Ali and the wall is BLANK Ali. Ali throws the baseball at the wall. The window doesn't break.,7059f488-f1a5-5fdc-993e-6f0061a284cc,base
AOOLS8280CL0Z,1,7,context,1,state_nonfollows,state_nonfollows_context,in front of,behind,The window is behind Ali and the wall is BLANK Ali. Ali throws the baseball at the wall. The window doesn't break.,7059f488-f1a5-5fdc-993e-6f0061a284cc,base
APEPEEDYQTGMC,1,7,context,1,state_nonfollows,state_nonfollows_context,in front of,behind,The window is behind Ali and the wall is BLANK Ali. Ali throws the baseball at the wall. The window doesn't break.,7059f488-f1a5-5fdc-993e-6f0061a284cc,base
A11FXG88VL23K5,1,7,context,1,action_follows,action_follows_context,table,floor,The wine glass is on the BLANK. The wine glass falls over. The wine spills on the table.,ad7c08c3-ffea-565a-9087-82f29c069f78,base
A1DRNG1LGX8OA0,1,7,context,1,action_follows,action_follows_context,table,floor,The wine glass is on the BLANK. The wine glass falls over. The wine spills on the table.,ad7c08c3-ffea-565a-9087-82f29c069f78,base
A1I0DV4B4MFQCL,1,7,context,1,action_follows,action_follows_context,table,floor,The wine glass is on the BLANK. The wine glass falls over. The wine spills on the table.,ad7c08c3-ffea-565a-9087-82f29c069f78,base
A1OOCYEFLAJD98,1,7,context,1,action_follows,action_follows_context,table,floor,The wine glass is on the BLANK. The wine glass falls over. The wine spills on the table.,ad7c08c3-ffea-565a-9087-82f29c069f78,base
A1QWQI2ZV6TFOB,1,7,context,1,action_follows,action_follows_context,table,floor,The wine glass is on the BLANK. The wine glass falls over. The wine spills on the table.,ad7c08c3-ffea-565a-9087-82f29c069f78,base
A29Z9P7UNLDTU5,1,7,context,1,action_follows,action_follows_context,table,floor,The wine glass is on the BLANK. The wine glass falls over. The wine spills on the table.,ad7c08c3-ffea-565a-9087-82f29c069f78,base
A2ENGQJ6CBQSUP,1,7,context,1,action_follows,action_follows_context,table,floor,The wine glass is on the BLANK. The wine glass falls over. The wine spills on the table.,ad7c08c3-ffea-565a-9087-82f29c069f78,base
A2KDYSLV030FVX,1,7,context,1,action_follows,action_follows_context,table,floor,The wine glass is on the BLANK. The wine glass falls over. The wine spills on the table.,ad7c08c3-ffea-565a-9087-82f29c069f78,base
A2PAMXM5XJGGPO,1,7,context,1,action_follows,action_follows_context,table,floor,The wine glass is on the BLANK. The wine glass falls over. The wine spills on the table.,ad7c08c3-ffea-565a-9087-82f29c069f78,base
A2XFO0X6RCS98M,1,7,context,1,action_follows,action_follows_context,table,floor,The wine glass is on the BLANK. The wine glass falls over. The wine spills on the table.,ad7c08c3-ffea-565a-9087-82f29c069f78,base
A341XKSRZ58FJK,1,7,context,1,action_follows,action_follows_context,table,floor,The wine glass is on the BLANK. The wine glass falls over. The wine spills on the table.,ad7c08c3-ffea-565a-9087-82f29c069f78,base
A3760PCQD2MPIO,1,7,context,1,action_follows,action_follows_context,table,floor,The wine glass is on the BLANK. The wine glass falls over. The wine spills on the table.,ad7c08c3-ffea-565a-9087-82f29c069f78,base
A37E36IPU0BJX5,1,7,context,1,action_follows,action_follows_context,table,floor,The wine glass is on the BLANK. The wine glass falls over. The wine spills on the table.,ad7c08c3-ffea-565a-9087-82f29c069f78,base
A39C1BN9ZSQ0R2,1,7,context,1,action_follows,action_follows_context,table,floor,The wine glass is on the BLANK. The wine glass falls over. The wine spills on the table.,ad7c08c3-ffea-565a-9087-82f29c069f78,base
A3E8SXH0BAYG85,1,7,context,1,action_follows,action_follows_context,table,floor,The wine glass is on the BLANK. The wine glass falls over. The wine spills on the table.,ad7c08c3-ffea-565a-9087-82f29c069f78,base
A3H3BTRV6I3LYU,1,7,context,1,action_follows,action_follows_context,table,floor,The wine glass is on the BLANK. The wine glass falls over. The wine spills on the table.,ad7c08c3-ffea-565a-9087-82f29c069f78,base
A9IPBD6C63ASJ,1,7,context,1,action_follows,action_follows_context,table,floor,The wine glass is on the BLANK. The wine glass falls over. The wine spills on the table.,ad7c08c3-ffea-565a-9087-82f29c069f78,base
AF0M3066S5UF1,1,7,context,1,action_follows,action_follows_context,table,floor,The wine glass is on the BLANK. The wine glass falls over. The wine spills on the table.,ad7c08c3-ffea-565a-9087-82f29c069f78,base
ALLAOJV83NU5Q,1,7,context,1,action_follows,action_follows_context,table,floor,The wine glass is on the BLANK. The wine glass falls over. The wine spills on the table.,ad7c08c3-ffea-565a-9087-82f29c069f78,base
AOOLS8280CL0Z,1,7,context,1,action_follows,action_follows_context,table,floor,The wine glass is on the BLANK. The wine glass falls over. The wine spills on the table.,ad7c08c3-ffea-565a-9087-82f29c069f78,base
APEPEEDYQTGMC,1,7,context,1,action_follows,action_follows_context,table,floor,The wine glass is on the BLANK. The wine glass falls over. The wine spills on the table.,ad7c08c3-ffea-565a-9087-82f29c069f78,base
A11FXG88VL23K5,1,7,context,1,action_follows,action_follows_context,picks,doesn't pick,There is a bowling ball on the right side of the seesaw. Ali BLANK the bowling ball up. The right side goes up.,6fa6b499-a62c-596e-bf9a-953897300071,base
A1DRNG1LGX8OA0,1,7,context,1,action_follows,action_follows_context,picks,doesn't pick,There is a bowling ball on the right side of the seesaw. Ali BLANK the bowling ball up. The right side goes up.,6fa6b499-a62c-596e-bf9a-953897300071,base
A1I0DV4B4MFQCL,1,7,context,1,action_follows,action_follows_context,picks,doesn't pick,There is a bowling ball on the right side of the seesaw. Ali BLANK the bowling ball up. The right side goes up.,6fa6b499-a62c-596e-bf9a-953897300071,base
A1OOCYEFLAJD98,1,7,context,1,action_follows,action_follows_context,picks,doesn't pick,There is a bowling ball on the right side of the seesaw. Ali BLANK the bowling ball up. The right side goes up.,6fa6b499-a62c-596e-bf9a-953897300071,base
A1QWQI2ZV6TFOB,1,7,context,1,action_follows,action_follows_context,picks,doesn't pick,There is a bowling ball on the right side of the seesaw. Ali BLANK the bowling ball up. The right side goes up.,6fa6b499-a62c-596e-bf9a-953897300071,base
A29Z9P7UNLDTU5,1,7,context,1,action_follows,action_follows_context,picks,doesn't pick,There is a bowling ball on the right side of the seesaw. Ali BLANK the bowling ball up. The right side goes up.,6fa6b499-a62c-596e-bf9a-953897300071,base
A2ENGQJ6CBQSUP,1,7,context,0,action_follows,action_follows_context,picks,doesn't pick,There is a bowling ball on the right side of the seesaw. Ali BLANK the bowling ball up. The right side goes up.,6fa6b499-a62c-596e-bf9a-953897300071,base
A2KDYSLV030FVX,1,7,context,1,action_follows,action_follows_context,picks,doesn't pick,There is a bowling ball on the right side of the seesaw. Ali BLANK the bowling ball up. The right side goes up.,6fa6b499-a62c-596e-bf9a-953897300071,base
A2PAMXM5XJGGPO,1,7,context,1,action_follows,action_follows_context,picks,doesn't pick,There is a bowling ball on the right side of the seesaw. Ali BLANK the bowling ball up. The right side goes up.,6fa6b499-a62c-596e-bf9a-953897300071,base
A2XFO0X6RCS98M,1,7,context,1,action_follows,action_follows_context,picks,doesn't pick,There is a bowling ball on the right side of the seesaw. Ali BLANK the bowling ball up. The right side goes up.,6fa6b499-a62c-596e-bf9a-953897300071,base
A341XKSRZ58FJK,1,7,context,1,action_follows,action_follows_context,picks,doesn't pick,There is a bowling ball on the right side of the seesaw. Ali BLANK the bowling ball up. The right side goes up.,6fa6b499-a62c-596e-bf9a-953897300071,base
A3760PCQD2MPIO,1,7,context,1,action_follows,action_follows_context,picks,doesn't pick,There is a bowling ball on the right side of the seesaw. Ali BLANK the bowling ball up. The right side goes up.,6fa6b499-a62c-596e-bf9a-953897300071,base
A37E36IPU0BJX5,1,7,context,1,action_follows,action_follows_context,picks,doesn't pick,There is a bowling ball on the right side of the seesaw. Ali BLANK the bowling ball up. The right side goes up.,6fa6b499-a62c-596e-bf9a-953897300071,base
A37GOI3N77WX21,1,7,context,1,action_follows,action_follows_context,picks,doesn't pick,There is a bowling ball on the right side of the seesaw. Ali BLANK the bowling ball up. The right side goes up.,6fa6b499-a62c-596e-bf9a-953897300071,base
A39C1BN9ZSQ0R2,1,7,context,1,action_follows,action_follows_context,picks,doesn't pick,There is a bowling ball on the right side of the seesaw. Ali BLANK the bowling ball up. The right side goes up.,6fa6b499-a62c-596e-bf9a-953897300071,base
A3E8SXH0BAYG85,1,7,context,1,action_follows,action_follows_context,picks,doesn't pick,There is a bowling ball on the right side of the seesaw. Ali BLANK the bowling ball up. The right side goes up.,6fa6b499-a62c-596e-bf9a-953897300071,base
A3H3BTRV6I3LYU,1,7,context,0,action_follows,action_follows_context,picks,doesn't pick,There is a bowling ball on the right side of the seesaw. Ali BLANK the bowling ball up. The right side goes up.,6fa6b499-a62c-596e-bf9a-953897300071,base
A9IPBD6C63ASJ,1,7,context,1,action_follows,action_follows_context,picks,doesn't pick,There is a bowling ball on the right side of the seesaw. Ali BLANK the bowling ball up. The right side goes up.,6fa6b499-a62c-596e-bf9a-953897300071,base
AF0M3066S5UF1,1,7,context,1,action_follows,action_follows_context,picks,doesn't pick,There is a bowling ball on the right side of the seesaw. Ali BLANK the bowling ball up. The right side goes up.,6fa6b499-a62c-596e-bf9a-953897300071,base
ALLAOJV83NU5Q,1,7,context,1,action_follows,action_follows_context,picks,doesn't pick,There is a bowling ball on the right side of the seesaw. Ali BLANK the bowling ball up. The right side goes up.,6fa6b499-a62c-596e-bf9a-953897300071,base
AOOLS8280CL0Z,1,7,context,1,action_follows,action_follows_context,picks,doesn't pick,There is a bowling ball on the right side of the seesaw. Ali BLANK the bowling ball up. The right side goes up.,6fa6b499-a62c-596e-bf9a-953897300071,base
APEPEEDYQTGMC,1,7,context,1,action_follows,action_follows_context,picks,doesn't pick,There is a bowling ball on the right side of the seesaw. Ali BLANK the bowling ball up. The right side goes up.,6fa6b499-a62c-596e-bf9a-953897300071,base
A18WSAKX5YN2FB,1,6,context,1,geocentric_distant,geocentric_distant_context,South,North,Ali is BLANK of Milwaukee. Ali walks South. Ali is getting further from Milwaukee.,d254416b-1414-500b-a96f-e13cb28c20dc,base
A19L8SNH73AX1Z,1,6,context,1,geocentric_distant,geocentric_distant_context,South,North,Ali is BLANK of Milwaukee. Ali walks South. Ali is getting further from Milwaukee.,d254416b-1414-500b-a96f-e13cb28c20dc,base
A1BWS5AD2T4NIR,1,6,context,1,geocentric_distant,geocentric_distant_context,South,North,Ali is BLANK of Milwaukee. Ali walks South. Ali is getting further from Milwaukee.,d254416b-1414-500b-a96f-e13cb28c20dc,base
A1DUPOUC9RNU4L,1,6,context,0,geocentric_distant,geocentric_distant_context,South,North,Ali is BLANK of Milwaukee. Ali walks South. Ali is getting further from Milwaukee.,d254416b-1414-500b-a96f-e13cb28c20dc,base
A1JM5XNB4NCZR6,1,6,context,1,geocentric_distant,geocentric_distant_context,South,North,Ali is BLANK of Milwaukee. Ali walks South. Ali is getting further from Milwaukee.,d254416b-1414-500b-a96f-e13cb28c20dc,base
A1RW5HAF955GTZ,1,6,context,1,geocentric_distant,geocentric_distant_context,South,North,Ali is BLANK of Milwaukee. Ali walks South. Ali is getting further from Milwaukee.,d254416b-1414-500b-a96f-e13cb28c20dc,base
A255RBA8P0K0XV,1,6,context,1,geocentric_distant,geocentric_distant_context,South,North,Ali is BLANK of Milwaukee. Ali walks South. Ali is getting further from Milwaukee.,d254416b-1414-500b-a96f-e13cb28c20dc,base
A28IHC0VW61IPB,1,6,context,0,geocentric_distant,geocentric_distant_context,South,North,Ali is BLANK of Milwaukee. Ali walks South. Ali is getting further from Milwaukee.,d254416b-1414-500b-a96f-e13cb28c20dc,base
A2JO89Y1R0FBQZ,1,6,context,1,geocentric_distant,geocentric_distant_context,South,North,Ali is BLANK of Milwaukee. Ali walks South. Ali is getting further from Milwaukee.,d254416b-1414-500b-a96f-e13cb28c20dc,base
A2LEBJWW395FST,1,6,context,0,geocentric_distant,geocentric_distant_context,South,North,Ali is BLANK of Milwaukee. Ali walks South. Ali is getting further from Milwaukee.,d254416b-1414-500b-a96f-e13cb28c20dc,base
A34MAKOTLQSWZS,1,6,context,1,geocentric_distant,geocentric_distant_context,South,North,Ali is BLANK of Milwaukee. Ali walks South. Ali is getting further from Milwaukee.,d254416b-1414-500b-a96f-e13cb28c20dc,base
A3F51C49T9A34D,1,6,context,1,geocentric_distant,geocentric_distant_context,South,North,Ali is BLANK of Milwaukee. Ali walks South. Ali is getting further from Milwaukee.,d254416b-1414-500b-a96f-e13cb28c20dc,base
A3V8OF4CZJJDJ1,1,6,context,1,geocentric_distant,geocentric_distant_context,South,North,Ali is BLANK of Milwaukee. Ali walks South. Ali is getting further from Milwaukee.,d254416b-1414-500b-a96f-e13cb28c20dc,base
A3VL1CBZ3BGQK7,1,6,context,0,geocentric_distant,geocentric_distant_context,South,North,Ali is BLANK of Milwaukee. Ali walks South. Ali is getting further from Milwaukee.,d254416b-1414-500b-a96f-e13cb28c20dc,base
A9LYIVFG3ZU4Z,1,6,context,1,geocentric_distant,geocentric_distant_context,South,North,Ali is BLANK of Milwaukee. Ali walks South. Ali is getting further from Milwaukee.,d254416b-1414-500b-a96f-e13cb28c20dc,base
AK35CJJEYFVYK,1,6,context,1,geocentric_distant,geocentric_distant_context,South,North,Ali is BLANK of Milwaukee. Ali walks South. Ali is getting further from Milwaukee.,d254416b-1414-500b-a96f-e13cb28c20dc,base
A18WSAKX5YN2FB,1,6,context,1,action_nonfollows,action_nonfollows_context,in front of the statue,behind the statue,Ali is BLANK. Ali turns around. Ali is in front of the statue.,7cfd7bad-4e38-507a-a6d8-243e8c667d1b,base
A19L8SNH73AX1Z,1,6,context,0,action_nonfollows,action_nonfollows_context,in front of the statue,behind the statue,Ali is BLANK. Ali turns around. Ali is in front of the statue.,7cfd7bad-4e38-507a-a6d8-243e8c667d1b,base
A1BWS5AD2T4NIR,1,6,context,1,action_nonfollows,action_nonfollows_context,in front of the statue,behind the statue,Ali is BLANK. Ali turns around. Ali is in front of the statue.,7cfd7bad-4e38-507a-a6d8-243e8c667d1b,base
A1DUPOUC9RNU4L,1,6,context,0,action_nonfollows,action_nonfollows_context,in front of the statue,behind the statue,Ali is BLANK. Ali turns around. Ali is in front of the statue.,7cfd7bad-4e38-507a-a6d8-243e8c667d1b,base
A1JM5XNB4NCZR6,1,6,context,1,action_nonfollows,action_nonfollows_context,in front of the statue,behind the statue,Ali is BLANK. Ali turns around. Ali is in front of the statue.,7cfd7bad-4e38-507a-a6d8-243e8c667d1b,base
A1RW5HAF955GTZ,1,6,context,0,action_nonfollows,action_nonfollows_context,in front of the statue,behind the statue,Ali is BLANK. Ali turns around. Ali is in front of the statue.,7cfd7bad-4e38-507a-a6d8-243e8c667d1b,base
A255RBA8P0K0XV,1,6,context,0,action_nonfollows,action_nonfollows_context,in front of the statue,behind the statue,Ali is BLANK. Ali turns around. Ali is in front of the statue.,7cfd7bad-4e38-507a-a6d8-243e8c667d1b,base
A28IHC0VW61IPB,1,6,context,0,action_nonfollows,action_nonfollows_context,in front of the statue,behind the statue,Ali is BLANK. Ali turns around. Ali is in front of the statue.,7cfd7bad-4e38-507a-a6d8-243e8c667d1b,base
A2JO89Y1R0FBQZ,1,6,context,0,action_nonfollows,action_nonfollows_context,in front of the statue,behind the statue,Ali is BLANK. Ali turns around. Ali is in front of the statue.,7cfd7bad-4e38-507a-a6d8-243e8c667d1b,base
A2LEBJWW395FST,1,6,context,0,action_nonfollows,action_nonfollows_context,in front of the statue,behind the statue,Ali is BLANK. Ali turns around. Ali is in front of the statue.,7cfd7bad-4e38-507a-a6d8-243e8c667d1b,base
A34MAKOTLQSWZS,1,6,context,0,action_nonfollows,action_nonfollows_context,in front of the statue,behind the statue,Ali is BLANK. Ali turns around. Ali is in front of the statue.,7cfd7bad-4e38-507a-a6d8-243e8c667d1b,base
A3F51C49T9A34D,1,6,context,1,action_nonfollows,action_nonfollows_context,in front of the statue,behind the statue,Ali is BLANK. Ali turns around. Ali is in front of the statue.,7cfd7bad-4e38-507a-a6d8-243e8c667d1b,base
A3V8OF4CZJJDJ1,1,6,context,1,action_nonfollows,action_nonfollows_context,in front of the statue,behind the statue,Ali is BLANK. Ali turns around. Ali is in front of the statue.,7cfd7bad-4e38-507a-a6d8-243e8c667d1b,base
A3VL1CBZ3BGQK7,1,6,context,1,action_nonfollows,action_nonfollows_context,in front of the statue,behind the statue,Ali is BLANK. Ali turns around. Ali is in front of the statue.,7cfd7bad-4e38-507a-a6d8-243e8c667d1b,base
A9LYIVFG3ZU4Z,1,6,context,0,action_nonfollows,action_nonfollows_context,in front of the statue,behind the statue,Ali is BLANK. Ali turns around. Ali is in front of the statue.,7cfd7bad-4e38-507a-a6d8-243e8c667d1b,base
AK35CJJEYFVYK,1,6,context,0,action_nonfollows,action_nonfollows_context,in front of the statue,behind the statue,Ali is BLANK. Ali turns around. Ali is in front of the statue.,7cfd7bad-4e38-507a-a6d8-243e8c667d1b,base
A18WSAKX5YN2FB,1,6,context,1,egocentric_distant,egocentric_distant_context,away from,towards,Ali is facing BLANK Chicago. Ali turns 180 degrees. Chicago is in front of Ali.,9c3a504e-6b54-56f6-a159-badda4fadddf,base
A19L8SNH73AX1Z,1,6,context,0,egocentric_distant,egocentric_distant_context,away from,towards,Ali is facing BLANK Chicago. Ali turns 180 degrees. Chicago is in front of Ali.,9c3a504e-6b54-56f6-a159-badda4fadddf,base
A1BWS5AD2T4NIR,1,6,context,1,egocentric_distant,egocentric_distant_context,away from,towards,Ali is facing BLANK Chicago. Ali turns 180 degrees. Chicago is in front of Ali.,9c3a504e-6b54-56f6-a159-badda4fadddf,base
A1DUPOUC9RNU4L,1,6,context,1,egocentric_distant,egocentric_distant_context,away from,towards,Ali is facing BLANK Chicago. Ali turns 180 degrees. Chicago is in front of Ali.,9c3a504e-6b54-56f6-a159-badda4fadddf,base
A1JM5XNB4NCZR6,1,6,context,1,egocentric_distant,egocentric_distant_context,away from,towards,Ali is facing BLANK Chicago. Ali turns 180 degrees. Chicago is in front of Ali.,9c3a504e-6b54-56f6-a159-badda4fadddf,base
A1RW5HAF955GTZ,1,6,context,1,egocentric_distant,egocentric_distant_context,away from,towards,Ali is facing BLANK Chicago. Ali turns 180 degrees. Chicago is in front of Ali.,9c3a504e-6b54-56f6-a159-badda4fadddf,base
A255RBA8P0K0XV,1,6,context,1,egocentric_distant,egocentric_distant_context,away from,towards,Ali is facing BLANK Chicago. Ali turns 180 degrees. Chicago is in front of Ali.,9c3a504e-6b54-56f6-a159-badda4fadddf,base
A28IHC0VW61IPB,1,6,context,1,egocentric_distant,egocentric_distant_context,away from,towards,Ali is facing BLANK Chicago. Ali turns 180 degrees. Chicago is in front of Ali.,9c3a504e-6b54-56f6-a159-badda4fadddf,base
A2JO89Y1R0FBQZ,1,6,context,1,egocentric_distant,egocentric_distant_context,away from,towards,Ali is facing BLANK Chicago. Ali turns 180 degrees. Chicago is in front of Ali.,9c3a504e-6b54-56f6-a159-badda4fadddf,base
A2LEBJWW395FST,1,6,context,1,egocentric_distant,egocentric_distant_context,away from,towards,Ali is facing BLANK Chicago. Ali turns 180 degrees. Chicago is in front of Ali.,9c3a504e-6b54-56f6-a159-badda4fadddf,base
A34MAKOTLQSWZS,1,6,context,0,egocentric_distant,egocentric_distant_context,away from,towards,Ali is facing BLANK Chicago. Ali turns 180 degrees. Chicago is in front of Ali.,9c3a504e-6b54-56f6-a159-badda4fadddf,base
A3F51C49T9A34D,1,6,context,1,egocentric_distant,egocentric_distant_context,away from,towards,Ali is facing BLANK Chicago. Ali turns 180 degrees. Chicago is in front of Ali.,9c3a504e-6b54-56f6-a159-badda4fadddf,base
A3V8OF4CZJJDJ1,1,6,context,0,egocentric_distant,egocentric_distant_context,away from,towards,Ali is facing BLANK Chicago. Ali turns 180 degrees. Chicago is in front of Ali.,9c3a504e-6b54-56f6-a159-badda4fadddf,base
A3VL1CBZ3BGQK7,1,6,context,1,egocentric_distant,egocentric_distant_context,away from,towards,Ali is facing BLANK Chicago. Ali turns 180 degrees. Chicago is in front of Ali.,9c3a504e-6b54-56f6-a159-badda4fadddf,base
A9LYIVFG3ZU4Z,1,6,context,1,egocentric_distant,egocentric_distant_context,away from,towards,Ali is facing BLANK Chicago. Ali turns 180 degrees. Chicago is in front of Ali.,9c3a504e-6b54-56f6-a159-badda4fadddf,base
AK35CJJEYFVYK,1,6,context,1,egocentric_distant,egocentric_distant_context,away from,towards,Ali is facing BLANK Chicago. Ali turns 180 degrees. Chicago is in front of Ali.,9c3a504e-6b54-56f6-a159-badda4fadddf,base
A18WSAKX5YN2FB,1,6,context,1,egocentric_distant,egocentric_distant_context,away from,towards,Ali is facing BLANK Chicago. Ali turns left. Chicago is left of Ali.,da7ca003-81b2-5c22-8a25-edaf430f013d,base
A19L8SNH73AX1Z,1,6,context,1,egocentric_distant,egocentric_distant_context,away from,towards,Ali is facing BLANK Chicago. Ali turns left. Chicago is left of Ali.,da7ca003-81b2-5c22-8a25-edaf430f013d,base
A1BWS5AD2T4NIR,1,6,context,1,egocentric_distant,egocentric_distant_context,away from,towards,Ali is facing BLANK Chicago. Ali turns left. Chicago is left of Ali.,da7ca003-81b2-5c22-8a25-edaf430f013d,base
A1DUPOUC9RNU4L,1,6,context,0,egocentric_distant,egocentric_distant_context,away from,towards,Ali is facing BLANK Chicago. Ali turns left. Chicago is left of Ali.,da7ca003-81b2-5c22-8a25-edaf430f013d,base
A1JM5XNB4NCZR6,1,6,context,1,egocentric_distant,egocentric_distant_context,away from,towards,Ali is facing BLANK Chicago. Ali turns left. Chicago is left of Ali.,da7ca003-81b2-5c22-8a25-edaf430f013d,base
A1RW5HAF955GTZ,1,6,context,1,egocentric_distant,egocentric_distant_context,away from,towards,Ali is facing BLANK Chicago. Ali turns left. Chicago is left of Ali.,da7ca003-81b2-5c22-8a25-edaf430f013d,base
A255RBA8P0K0XV,1,6,context,0,egocentric_distant,egocentric_distant_context,away from,towards,Ali is facing BLANK Chicago. Ali turns left. Chicago is left of Ali.,da7ca003-81b2-5c22-8a25-edaf430f013d,base
A28IHC0VW61IPB,1,6,context,1,egocentric_distant,egocentric_distant_context,away from,towards,Ali is facing BLANK Chicago. Ali turns left. Chicago is left of Ali.,da7ca003-81b2-5c22-8a25-edaf430f013d,base
A2JO89Y1R0FBQZ,1,6,context,0,egocentric_distant,egocentric_distant_context,away from,towards,Ali is facing BLANK Chicago. Ali turns left. Chicago is left of Ali.,da7ca003-81b2-5c22-8a25-edaf430f013d,base
A2LEBJWW395FST,1,6,context,0,egocentric_distant,egocentric_distant_context,away from,towards,Ali is facing BLANK Chicago. Ali turns left. Chicago is left of Ali.,da7ca003-81b2-5c22-8a25-edaf430f013d,base
A34MAKOTLQSWZS,1,6,context,1,egocentric_distant,egocentric_distant_context,away from,towards,Ali is facing BLANK Chicago. Ali turns left. Chicago is left of Ali.,da7ca003-81b2-5c22-8a25-edaf430f013d,base
A3F51C49T9A34D,1,6,context,1,egocentric_distant,egocentric_distant_context,away from,towards,Ali is facing BLANK Chicago. Ali turns left. Chicago is left of Ali.,da7ca003-81b2-5c22-8a25-edaf430f013d,base
A3V8OF4CZJJDJ1,1,6,context,0,egocentric_distant,egocentric_distant_context,away from,towards,Ali is facing BLANK Chicago. Ali turns left. Chicago is left of Ali.,da7ca003-81b2-5c22-8a25-edaf430f013d,base
A3VL1CBZ3BGQK7,1,6,context,0,egocentric_distant,egocentric_distant_context,away from,towards,Ali is facing BLANK Chicago. Ali turns left. Chicago is left of Ali.,da7ca003-81b2-5c22-8a25-edaf430f013d,base
A9LYIVFG3ZU4Z,1,6,context,0,egocentric_distant,egocentric_distant_context,away from,towards,Ali is facing BLANK Chicago. Ali turns left. Chicago is left of Ali.,da7ca003-81b2-5c22-8a25-edaf430f013d,base
AK35CJJEYFVYK,1,6,context,0,egocentric_distant,egocentric_distant_context,away from,towards,Ali is facing BLANK Chicago. Ali turns left. Chicago is left of Ali.,da7ca003-81b2-5c22-8a25-edaf430f013d,base
A18WSAKX5YN2FB,1,6,context,1,two_refs_egocentric,two_refs_egocentric_context,towards,away from,Ali is facing BLANK Mark. Ali turns around. Ali is facing away from Mark.,f4266518-1793-5186-bc8d-ae526e9a43f9,base
A19L8SNH73AX1Z,1,6,context,0,two_refs_egocentric,two_refs_egocentric_context,towards,away from,Ali is facing BLANK Mark. Ali turns around. Ali is facing away from Mark.,f4266518-1793-5186-bc8d-ae526e9a43f9,base
A1BWS5AD2T4NIR,1,6,context,1,two_refs_egocentric,two_refs_egocentric_context,towards,away from,Ali is facing BLANK Mark. Ali turns around. Ali is facing away from Mark.,f4266518-1793-5186-bc8d-ae526e9a43f9,base
A1DUPOUC9RNU4L,1,6,context,1,two_refs_egocentric,two_refs_egocentric_context,towards,away from,Ali is facing BLANK Mark. Ali turns around. Ali is facing away from Mark.,f4266518-1793-5186-bc8d-ae526e9a43f9,base
A1JM5XNB4NCZR6,1,6,context,0,two_refs_egocentric,two_refs_egocentric_context,towards,away from,Ali is facing BLANK Mark. Ali turns around. Ali is facing away from Mark.,f4266518-1793-5186-bc8d-ae526e9a43f9,base
A1RW5HAF955GTZ,1,6,context,1,two_refs_egocentric,two_refs_egocentric_context,towards,away from,Ali is facing BLANK Mark. Ali turns around. Ali is facing away from Mark.,f4266518-1793-5186-bc8d-ae526e9a43f9,base
A255RBA8P0K0XV,1,6,context,1,two_refs_egocentric,two_refs_egocentric_context,towards,away from,Ali is facing BLANK Mark. Ali turns around. Ali is facing away from Mark.,f4266518-1793-5186-bc8d-ae526e9a43f9,base
A28IHC0VW61IPB,1,6,context,1,two_refs_egocentric,two_refs_egocentric_context,towards,away from,Ali is facing BLANK Mark. Ali turns around. Ali is facing away from Mark.,f4266518-1793-5186-bc8d-ae526e9a43f9,base
A2JO89Y1R0FBQZ,1,6,context,1,two_refs_egocentric,two_refs_egocentric_context,towards,away from,Ali is facing BLANK Mark. Ali turns around. Ali is facing away from Mark.,f4266518-1793-5186-bc8d-ae526e9a43f9,base
A2LEBJWW395FST,1,6,context,0,two_refs_egocentric,two_refs_egocentric_context,towards,away from,Ali is facing BLANK Mark. Ali turns around. Ali is facing away from Mark.,f4266518-1793-5186-bc8d-ae526e9a43f9,base
A34MAKOTLQSWZS,1,6,context,1,two_refs_egocentric,two_refs_egocentric_context,towards,away from,Ali is facing BLANK Mark. Ali turns around. Ali is facing away from Mark.,f4266518-1793-5186-bc8d-ae526e9a43f9,base
A3F51C49T9A34D,1,6,context,1,two_refs_egocentric,two_refs_egocentric_context,towards,away from,Ali is facing BLANK Mark. Ali turns around. Ali is facing away from Mark.,f4266518-1793-5186-bc8d-ae526e9a43f9,base
A3V8OF4CZJJDJ1,1,6,context,0,two_refs_egocentric,two_refs_egocentric_context,towards,away from,Ali is facing BLANK Mark. Ali turns around. Ali is facing away from Mark.,f4266518-1793-5186-bc8d-ae526e9a43f9,base
A3VL1CBZ3BGQK7,1,6,context,1,two_refs_egocentric,two_refs_egocentric_context,towards,away from,Ali is facing BLANK Mark. Ali turns around. Ali is facing away from Mark.,f4266518-1793-5186-bc8d-ae526e9a43f9,base
A9LYIVFG3ZU4Z,1,6,context,0,two_refs_egocentric,two_refs_egocentric_context,towards,away from,Ali is facing BLANK Mark. Ali turns around. Ali is facing away from Mark.,f4266518-1793-5186-bc8d-ae526e9a43f9,base
AK35CJJEYFVYK,1,6,context,1,two_refs_egocentric,two_refs_egocentric_context,towards,away from,Ali is facing BLANK Mark. Ali turns around. Ali is facing away from Mark.,f4266518-1793-5186-bc8d-ae526e9a43f9,base
A18WSAKX5YN2FB,1,6,context,1,state_follows,state_follows_context,carpet,tile,Ali is standing on BLANK. Ali drops the glass. The glass doesn't break.,4c1b37d1-720c-51cc-967a-f7ccef44a3a0,base
A19L8SNH73AX1Z,1,6,context,1,state_follows,state_follows_context,carpet,tile,Ali is standing on BLANK. Ali drops the glass. The glass doesn't break.,4c1b37d1-720c-51cc-967a-f7ccef44a3a0,base
A1BWS5AD2T4NIR,1,6,context,1,state_follows,state_follows_context,carpet,tile,Ali is standing on BLANK. Ali drops the glass. The glass doesn't break.,4c1b37d1-720c-51cc-967a-f7ccef44a3a0,base
A1DUPOUC9RNU4L,1,6,context,1,state_follows,state_follows_context,carpet,tile,Ali is standing on BLANK. Ali drops the glass. The glass doesn't break.,4c1b37d1-720c-51cc-967a-f7ccef44a3a0,base
A1JM5XNB4NCZR6,1,6,context,1,state_follows,state_follows_context,carpet,tile,Ali is standing on BLANK. Ali drops the glass. The glass doesn't break.,4c1b37d1-720c-51cc-967a-f7ccef44a3a0,base
A1RW5HAF955GTZ,1,6,context,1,state_follows,state_follows_context,carpet,tile,Ali is standing on BLANK. Ali drops the glass. The glass doesn't break.,4c1b37d1-720c-51cc-967a-f7ccef44a3a0,base
A255RBA8P0K0XV,1,6,context,1,state_follows,state_follows_context,carpet,tile,Ali is standing on BLANK. Ali drops the glass. The glass doesn't break.,4c1b37d1-720c-51cc-967a-f7ccef44a3a0,base
A28IHC0VW61IPB,1,6,context,1,state_follows,state_follows_context,carpet,tile,Ali is standing on BLANK. Ali drops the glass. The glass doesn't break.,4c1b37d1-720c-51cc-967a-f7ccef44a3a0,base
A2JO89Y1R0FBQZ,1,6,context,1,state_follows,state_follows_context,carpet,tile,Ali is standing on BLANK. Ali drops the glass. The glass doesn't break.,4c1b37d1-720c-51cc-967a-f7ccef44a3a0,base
A2LEBJWW395FST,1,6,context,1,state_follows,state_follows_context,carpet,tile,Ali is standing on BLANK. Ali drops the glass. The glass doesn't break.,4c1b37d1-720c-51cc-967a-f7ccef44a3a0,base
A34MAKOTLQSWZS,1,6,context,1,state_follows,state_follows_context,carpet,tile,Ali is standing on BLANK. Ali drops the glass. The glass doesn't break.,4c1b37d1-720c-51cc-967a-f7ccef44a3a0,base
A3F51C49T9A34D,1,6,context,1,state_follows,state_follows_context,carpet,tile,Ali is standing on BLANK. Ali drops the glass. The glass doesn't break.,4c1b37d1-720c-51cc-967a-f7ccef44a3a0,base
A3V8OF4CZJJDJ1,1,6,context,1,state_follows,state_follows_context,carpet,tile,Ali is standing on BLANK. Ali drops the glass. The glass doesn't break.,4c1b37d1-720c-51cc-967a-f7ccef44a3a0,base
A3VL1CBZ3BGQK7,1,6,context,1,state_follows,state_follows_context,carpet,tile,Ali is standing on BLANK. Ali drops the glass. The glass doesn't break.,4c1b37d1-720c-51cc-967a-f7ccef44a3a0,base
A9LYIVFG3ZU4Z,1,6,context,1,state_follows,state_follows_context,carpet,tile,Ali is standing on BLANK. Ali drops the glass. The glass doesn't break.,4c1b37d1-720c-51cc-967a-f7ccef44a3a0,base
AK35CJJEYFVYK,1,6,context,1,state_follows,state_follows_context,carpet,tile,Ali is standing on BLANK. Ali drops the glass. The glass doesn't break.,4c1b37d1-720c-51cc-967a-f7ccef44a3a0,base
A18WSAKX5YN2FB,1,6,context,1,two_refs_egocentric,two_refs_egocentric_context,right,left,Ali is to Mark's BLANK. Mark turns around. Ali is to Mark's left.,0d41b0d1-a40c-52ae-8a94-0328e70ebb21,base
A19L8SNH73AX1Z,1,6,context,1,two_refs_egocentric,two_refs_egocentric_context,right,left,Ali is to Mark's BLANK. Mark turns around. Ali is to Mark's left.,0d41b0d1-a40c-52ae-8a94-0328e70ebb21,base
A1BWS5AD2T4NIR,1,6,context,1,two_refs_egocentric,two_refs_egocentric_context,right,left,Ali is to Mark's BLANK. Mark turns around. Ali is to Mark's left.,0d41b0d1-a40c-52ae-8a94-0328e70ebb21,base
A1DUPOUC9RNU4L,1,6,context,0,two_refs_egocentric,two_refs_egocentric_context,right,left,Ali is to Mark's BLANK. Mark turns around. Ali is to Mark's left.,0d41b0d1-a40c-52ae-8a94-0328e70ebb21,base
A1JM5XNB4NCZR6,1,6,context,1,two_refs_egocentric,two_refs_egocentric_context,right,left,Ali is to Mark's BLANK. Mark turns around. Ali is to Mark's left.,0d41b0d1-a40c-52ae-8a94-0328e70ebb21,base
A1RW5HAF955GTZ,1,6,context,1,two_refs_egocentric,two_refs_egocentric_context,right,left,Ali is to Mark's BLANK. Mark turns around. Ali is to Mark's left.,0d41b0d1-a40c-52ae-8a94-0328e70ebb21,base
A255RBA8P0K0XV,1,6,context,0,two_refs_egocentric,two_refs_egocentric_context,right,left,Ali is to Mark's BLANK. Mark turns around. Ali is to Mark's left.,0d41b0d1-a40c-52ae-8a94-0328e70ebb21,base
A28IHC0VW61IPB,1,6,context,0,two_refs_egocentric,two_refs_egocentric_context,right,left,Ali is to Mark's BLANK. Mark turns around. Ali is to Mark's left.,0d41b0d1-a40c-52ae-8a94-0328e70ebb21,base
A2JO89Y1R0FBQZ,1,6,context,0,two_refs_egocentric,two_refs_egocentric_context,right,left,Ali is to Mark's BLANK. Mark turns around. Ali is to Mark's left.,0d41b0d1-a40c-52ae-8a94-0328e70ebb21,base
A2LEBJWW395FST,1,6,context,1,two_refs_egocentric,two_refs_egocentric_context,right,left,Ali is to Mark's BLANK. Mark turns around. Ali is to Mark's left.,0d41b0d1-a40c-52ae-8a94-0328e70ebb21,base
A34MAKOTLQSWZS,1,6,context,1,two_refs_egocentric,two_refs_egocentric_context,right,left,Ali is to Mark's BLANK. Mark turns around. Ali is to Mark's left.,0d41b0d1-a40c-52ae-8a94-0328e70ebb21,base
A3F51C49T9A34D,1,6,context,1,two_refs_egocentric,two_refs_egocentric_context,right,left,Ali is to Mark's BLANK. Mark turns around. Ali is to Mark's left.,0d41b0d1-a40c-52ae-8a94-0328e70ebb21,base
A3V8OF4CZJJDJ1,1,6,context,1,two_refs_egocentric,two_refs_egocentric_context,right,left,Ali is to Mark's BLANK. Mark turns around. Ali is to Mark's left.,0d41b0d1-a40c-52ae-8a94-0328e70ebb21,base
A3VL1CBZ3BGQK7,1,6,context,1,two_refs_egocentric,two_refs_egocentric_context,right,left,Ali is to Mark's BLANK. Mark turns around. Ali is to Mark's left.,0d41b0d1-a40c-52ae-8a94-0328e70ebb21,base
A9LYIVFG3ZU4Z,1,6,context,1,two_refs_egocentric,two_refs_egocentric_context,right,left,Ali is to Mark's BLANK. Mark turns around. Ali is to Mark's left.,0d41b0d1-a40c-52ae-8a94-0328e70ebb21,base
AK35CJJEYFVYK,1,6,context,0,two_refs_egocentric,two_refs_egocentric_context,right,left,Ali is to Mark's BLANK. Mark turns around. Ali is to Mark's left.,0d41b0d1-a40c-52ae-8a94-0328e70ebb21,base
A18WSAKX5YN2FB,1,6,context,1,two_refs_egocentric,two_refs_egocentric_context,right of,left of,Ali is to the BLANK Mark. Mark looks to his left and Ali looks to his right. Ali is facing away from Mark.,5042a6f6-7c11-5467-85b5-0ab828d3c5d1,base
A19L8SNH73AX1Z,1,6,context,1,two_refs_egocentric,two_refs_egocentric_context,right of,left of,Ali is to the BLANK Mark. Mark looks to his left and Ali looks to his right. Ali is facing away from Mark.,5042a6f6-7c11-5467-85b5-0ab828d3c5d1,base
A1BWS5AD2T4NIR,1,6,context,0,two_refs_egocentric,two_refs_egocentric_context,right of,left of,Ali is to the BLANK Mark. Mark looks to his left and Ali looks to his right. Ali is facing away from Mark.,5042a6f6-7c11-5467-85b5-0ab828d3c5d1,base
A1DUPOUC9RNU4L,1,6,context,1,two_refs_egocentric,two_refs_egocentric_context,right of,left of,Ali is to the BLANK Mark. Mark looks to his left and Ali looks to his right. Ali is facing away from Mark.,5042a6f6-7c11-5467-85b5-0ab828d3c5d1,base
A1JM5XNB4NCZR6,1,6,context,0,two_refs_egocentric,two_refs_egocentric_context,right of,left of,Ali is to the BLANK Mark. Mark looks to his left and Ali looks to his right. Ali is facing away from Mark.,5042a6f6-7c11-5467-85b5-0ab828d3c5d1,base
A1RW5HAF955GTZ,1,6,context,0,two_refs_egocentric,two_refs_egocentric_context,right of,left of,Ali is to the BLANK Mark. Mark looks to his left and Ali looks to his right. Ali is facing away from Mark.,5042a6f6-7c11-5467-85b5-0ab828d3c5d1,base
A255RBA8P0K0XV,1,6,context,0,two_refs_egocentric,two_refs_egocentric_context,right of,left of,Ali is to the BLANK Mark. Mark looks to his left and Ali looks to his right. Ali is facing away from Mark.,5042a6f6-7c11-5467-85b5-0ab828d3c5d1,base
A28IHC0VW61IPB,1,6,context,1,two_refs_egocentric,two_refs_egocentric_context,right of,left of,Ali is to the BLANK Mark. Mark looks to his left and Ali looks to his right. Ali is facing away from Mark.,5042a6f6-7c11-5467-85b5-0ab828d3c5d1,base
A2JO89Y1R0FBQZ,1,6,context,1,two_refs_egocentric,two_refs_egocentric_context,right of,left of,Ali is to the BLANK Mark. Mark looks to his left and Ali looks to his right. Ali is facing away from Mark.,5042a6f6-7c11-5467-85b5-0ab828d3c5d1,base
A2LEBJWW395FST,1,6,context,0,two_refs_egocentric,two_refs_egocentric_context,right of,left of,Ali is to the BLANK Mark. Mark looks to his left and Ali looks to his right. Ali is facing away from Mark.,5042a6f6-7c11-5467-85b5-0ab828d3c5d1,base
A34MAKOTLQSWZS,1,6,context,0,two_refs_egocentric,two_refs_egocentric_context,right of,left of,Ali is to the BLANK Mark. Mark looks to his left and Ali looks to his right. Ali is facing away from Mark.,5042a6f6-7c11-5467-85b5-0ab828d3c5d1,base
A3F51C49T9A34D,1,6,context,1,two_refs_egocentric,two_refs_egocentric_context,right of,left of,Ali is to the BLANK Mark. Mark looks to his left and Ali looks to his right. Ali is facing away from Mark.,5042a6f6-7c11-5467-85b5-0ab828d3c5d1,base
A3V8OF4CZJJDJ1,1,6,context,0,two_refs_egocentric,two_refs_egocentric_context,right of,left of,Ali is to the BLANK Mark. Mark looks to his left and Ali looks to his right. Ali is facing away from Mark.,5042a6f6-7c11-5467-85b5-0ab828d3c5d1,base
A3VL1CBZ3BGQK7,1,6,context,1,two_refs_egocentric,two_refs_egocentric_context,right of,left of,Ali is to the BLANK Mark. Mark looks to his left and Ali looks to his right. Ali is facing away from Mark.,5042a6f6-7c11-5467-85b5-0ab828d3c5d1,base
A9LYIVFG3ZU4Z,1,6,context,0,two_refs_egocentric,two_refs_egocentric_context,right of,left of,Ali is to the BLANK Mark. Mark looks to his left and Ali looks to his right. Ali is facing away from Mark.,5042a6f6-7c11-5467-85b5-0ab828d3c5d1,base
AK35CJJEYFVYK,1,6,context,0,two_refs_egocentric,two_refs_egocentric_context,right of,left of,Ali is to the BLANK Mark. Mark looks to his left and Ali looks to his right. Ali is facing away from Mark.,5042a6f6-7c11-5467-85b5-0ab828d3c5d1,base
A18WSAKX5YN2FB,1,6,context,0,two_refs_egocentric,two_refs_egocentric_context,right of,left of,Ali is to the BLANK Mark. Mark looks to his left. Mark can't see Ali.,5e8d4c40-fd3c-5107-a8f7-169b639177f0,base
A19L8SNH73AX1Z,1,6,context,1,two_refs_egocentric,two_refs_egocentric_context,right of,left of,Ali is to the BLANK Mark. Mark looks to his left. Mark can't see Ali.,5e8d4c40-fd3c-5107-a8f7-169b639177f0,base
A1BWS5AD2T4NIR,1,6,context,1,two_refs_egocentric,two_refs_egocentric_context,right of,left of,Ali is to the BLANK Mark. Mark looks to his left. Mark can't see Ali.,5e8d4c40-fd3c-5107-a8f7-169b639177f0,base
A1DUPOUC9RNU4L,1,6,context,1,two_refs_egocentric,two_refs_egocentric_context,right of,left of,Ali is to the BLANK Mark. Mark looks to his left. Mark can't see Ali.,5e8d4c40-fd3c-5107-a8f7-169b639177f0,base
A1JM5XNB4NCZR6,1,6,context,1,two_refs_egocentric,two_refs_egocentric_context,right of,left of,Ali is to the BLANK Mark. Mark looks to his left. Mark can't see Ali.,5e8d4c40-fd3c-5107-a8f7-169b639177f0,base
A1RW5HAF955GTZ,1,6,context,1,two_refs_egocentric,two_refs_egocentric_context,right of,left of,Ali is to the BLANK Mark. Mark looks to his left. Mark can't see Ali.,5e8d4c40-fd3c-5107-a8f7-169b639177f0,base
A255RBA8P0K0XV,1,6,context,1,two_refs_egocentric,two_refs_egocentric_context,right of,left of,Ali is to the BLANK Mark. Mark looks to his left. Mark can't see Ali.,5e8d4c40-fd3c-5107-a8f7-169b639177f0,base
A28IHC0VW61IPB,1,6,context,1,two_refs_egocentric,two_refs_egocentric_context,right of,left of,Ali is to the BLANK Mark. Mark looks to his left. Mark can't see Ali.,5e8d4c40-fd3c-5107-a8f7-169b639177f0,base
A2JO89Y1R0FBQZ,1,6,context,1,two_refs_egocentric,two_refs_egocentric_context,right of,left of,Ali is to the BLANK Mark. Mark looks to his left. Mark can't see Ali.,5e8d4c40-fd3c-5107-a8f7-169b639177f0,base
A2LEBJWW395FST,1,6,context,1,two_refs_egocentric,two_refs_egocentric_context,right of,left of,Ali is to the BLANK Mark. Mark looks to his left. Mark can't see Ali.,5e8d4c40-fd3c-5107-a8f7-169b639177f0,base
A34MAKOTLQSWZS,1,6,context,1,two_refs_egocentric,two_refs_egocentric_context,right of,left of,Ali is to the BLANK Mark. Mark looks to his left. Mark can't see Ali.,5e8d4c40-fd3c-5107-a8f7-169b639177f0,base
A3F51C49T9A34D,1,6,context,1,two_refs_egocentric,two_refs_egocentric_context,right of,left of,Ali is to the BLANK Mark. Mark looks to his left. Mark can't see Ali.,5e8d4c40-fd3c-5107-a8f7-169b639177f0,base
A3V8OF4CZJJDJ1,1,6,context,1,two_refs_egocentric,two_refs_egocentric_context,right of,left of,Ali is to the BLANK Mark. Mark looks to his left. Mark can't see Ali.,5e8d4c40-fd3c-5107-a8f7-169b639177f0,base
A3VL1CBZ3BGQK7,1,6,context,1,two_refs_egocentric,two_refs_egocentric_context,right of,left of,Ali is to the BLANK Mark. Mark looks to his left. Mark can't see Ali.,5e8d4c40-fd3c-5107-a8f7-169b639177f0,base
A9LYIVFG3ZU4Z,1,6,context,1,two_refs_egocentric,two_refs_egocentric_context,right of,left of,Ali is to the BLANK Mark. Mark looks to his left. Mark can't see Ali.,5e8d4c40-fd3c-5107-a8f7-169b639177f0,base
AK35CJJEYFVYK,1,6,context,0,two_refs_egocentric,two_refs_egocentric_context,right of,left of,Ali is to the BLANK Mark. Mark looks to his left. Mark can't see Ali.,5e8d4c40-fd3c-5107-a8f7-169b639177f0,base
A18WSAKX5YN2FB,1,6,context,0,egocentric_distant,egocentric_distant_context,left of,right of,Chicago is BLANK Ali. Ali turns around. Chicago is right of Ali.,e5deed13-5822-5717-897b-4a0ac2a78615,base
A19L8SNH73AX1Z,1,6,context,1,egocentric_distant,egocentric_distant_context,left of,right of,Chicago is BLANK Ali. Ali turns around. Chicago is right of Ali.,e5deed13-5822-5717-897b-4a0ac2a78615,base
A1BWS5AD2T4NIR,1,6,context,0,egocentric_distant,egocentric_distant_context,left of,right of,Chicago is BLANK Ali. Ali turns around. Chicago is right of Ali.,e5deed13-5822-5717-897b-4a0ac2a78615,base
A1DUPOUC9RNU4L,1,6,context,1,egocentric_distant,egocentric_distant_context,left of,right of,Chicago is BLANK Ali. Ali turns around. Chicago is right of Ali.,e5deed13-5822-5717-897b-4a0ac2a78615,base
A1JM5XNB4NCZR6,1,6,context,1,egocentric_distant,egocentric_distant_context,left of,right of,Chicago is BLANK Ali. Ali turns around. Chicago is right of Ali.,e5deed13-5822-5717-897b-4a0ac2a78615,base
A1RW5HAF955GTZ,1,6,context,0,egocentric_distant,egocentric_distant_context,left of,right of,Chicago is BLANK Ali. Ali turns around. Chicago is right of Ali.,e5deed13-5822-5717-897b-4a0ac2a78615,base
A255RBA8P0K0XV,1,6,context,1,egocentric_distant,egocentric_distant_context,left of,right of,Chicago is BLANK Ali. Ali turns around. Chicago is right of Ali.,e5deed13-5822-5717-897b-4a0ac2a78615,base
A28IHC0VW61IPB,1,6,context,0,egocentric_distant,egocentric_distant_context,left of,right of,Chicago is BLANK Ali. Ali turns around. Chicago is right of Ali.,e5deed13-5822-5717-897b-4a0ac2a78615,base
A2JO89Y1R0FBQZ,1,6,context,1,egocentric_distant,egocentric_distant_context,left of,right of,Chicago is BLANK Ali. Ali turns around. Chicago is right of Ali.,e5deed13-5822-5717-897b-4a0ac2a78615,base
A2LEBJWW395FST,1,6,context,0,egocentric_distant,egocentric_distant_context,left of,right of,Chicago is BLANK Ali. Ali turns around. Chicago is right of Ali.,e5deed13-5822-5717-897b-4a0ac2a78615,base
A34MAKOTLQSWZS,1,6,context,1,egocentric_distant,egocentric_distant_context,left of,right of,Chicago is BLANK Ali. Ali turns around. Chicago is right of Ali.,e5deed13-5822-5717-897b-4a0ac2a78615,base
A3F51C49T9A34D,1,6,context,1,egocentric_distant,egocentric_distant_context,left of,right of,Chicago is BLANK Ali. Ali turns around. Chicago is right of Ali.,e5deed13-5822-5717-897b-4a0ac2a78615,base
A3V8OF4CZJJDJ1,1,6,context,1,egocentric_distant,egocentric_distant_context,left of,right of,Chicago is BLANK Ali. Ali turns around. Chicago is right of Ali.,e5deed13-5822-5717-897b-4a0ac2a78615,base
A3VL1CBZ3BGQK7,1,6,context,1,egocentric_distant,egocentric_distant_context,left of,right of,Chicago is BLANK Ali. Ali turns around. Chicago is right of Ali.,e5deed13-5822-5717-897b-4a0ac2a78615,base
A9LYIVFG3ZU4Z,1,6,context,0,egocentric_distant,egocentric_distant_context,left of,right of,Chicago is BLANK Ali. Ali turns around. Chicago is right of Ali.,e5deed13-5822-5717-897b-4a0ac2a78615,base
AK35CJJEYFVYK,1,6,context,1,egocentric_distant,egocentric_distant_context,left of,right of,Chicago is BLANK Ali. Ali turns around. Chicago is right of Ali.,e5deed13-5822-5717-897b-4a0ac2a78615,base
A18WSAKX5YN2FB,1,6,context,1,egocentric_distant,egocentric_distant_context,in front of,behind,Chicago is BLANK Ali. Ali turns left. Chicago is right of Ali.,caa99020-6057-5d4a-ba54-c6262b93fbd6,base
A19L8SNH73AX1Z,1,6,context,0,egocentric_distant,egocentric_distant_context,in front of,behind,Chicago is BLANK Ali. Ali turns left. Chicago is right of Ali.,caa99020-6057-5d4a-ba54-c6262b93fbd6,base
A1BWS5AD2T4NIR,1,6,context,1,egocentric_distant,egocentric_distant_context,in front of,behind,Chicago is BLANK Ali. Ali turns left. Chicago is right of Ali.,caa99020-6057-5d4a-ba54-c6262b93fbd6,base
A1DUPOUC9RNU4L,1,6,context,0,egocentric_distant,egocentric_distant_context,in front of,behind,Chicago is BLANK Ali. Ali turns left. Chicago is right of Ali.,caa99020-6057-5d4a-ba54-c6262b93fbd6,base
A1JM5XNB4NCZR6,1,6,context,0,egocentric_distant,egocentric_distant_context,in front of,behind,Chicago is BLANK Ali. Ali turns left. Chicago is right of Ali.,caa99020-6057-5d4a-ba54-c6262b93fbd6,base
A1RW5HAF955GTZ,1,6,context,1,egocentric_distant,egocentric_distant_context,in front of,behind,Chicago is BLANK Ali. Ali turns left. Chicago is right of Ali.,caa99020-6057-5d4a-ba54-c6262b93fbd6,base
A255RBA8P0K0XV,1,6,context,1,egocentric_distant,egocentric_distant_context,in front of,behind,Chicago is BLANK Ali. Ali turns left. Chicago is right of Ali.,caa99020-6057-5d4a-ba54-c6262b93fbd6,base
A28IHC0VW61IPB,1,6,context,1,egocentric_distant,egocentric_distant_context,in front of,behind,Chicago is BLANK Ali. Ali turns left. Chicago is right of Ali.,caa99020-6057-5d4a-ba54-c6262b93fbd6,base
A2JO89Y1R0FBQZ,1,6,context,1,egocentric_distant,egocentric_distant_context,in front of,behind,Chicago is BLANK Ali. Ali turns left. Chicago is right of Ali.,caa99020-6057-5d4a-ba54-c6262b93fbd6,base
A2LEBJWW395FST,1,6,context,0,egocentric_distant,egocentric_distant_context,in front of,behind,Chicago is BLANK Ali. Ali turns left. Chicago is right of Ali.,caa99020-6057-5d4a-ba54-c6262b93fbd6,base
A34MAKOTLQSWZS,1,6,context,1,egocentric_distant,egocentric_distant_context,in front of,behind,Chicago is BLANK Ali. Ali turns left. Chicago is right of Ali.,caa99020-6057-5d4a-ba54-c6262b93fbd6,base
A3F51C49T9A34D,1,6,context,1,egocentric_distant,egocentric_distant_context,in front of,behind,Chicago is BLANK Ali. Ali turns left. Chicago is right of Ali.,caa99020-6057-5d4a-ba54-c6262b93fbd6,base
A3V8OF4CZJJDJ1,1,6,context,0,egocentric_distant,egocentric_distant_context,in front of,behind,Chicago is BLANK Ali. Ali turns left. Chicago is right of Ali.,caa99020-6057-5d4a-ba54-c6262b93fbd6,base
A3VL1CBZ3BGQK7,1,6,context,0,egocentric_distant,egocentric_distant_context,in front of,behind,Chicago is BLANK Ali. Ali turns left. Chicago is right of Ali.,caa99020-6057-5d4a-ba54-c6262b93fbd6,base
A9LYIVFG3ZU4Z,1,6,context,1,egocentric_distant,egocentric_distant_context,in front of,behind,Chicago is BLANK Ali. Ali turns left. Chicago is right of Ali.,caa99020-6057-5d4a-ba54-c6262b93fbd6,base
AK35CJJEYFVYK,1,6,context,0,egocentric_distant,egocentric_distant_context,in front of,behind,Chicago is BLANK Ali. Ali turns left. Chicago is right of Ali.,caa99020-6057-5d4a-ba54-c6262b93fbd6,base
A18WSAKX5YN2FB,1,6,context,1,egocentric_distant,egocentric_distant_context,left,right,Chicago is to Ali's BLANK. Ali turns left. Ali is facing towards Chicago.,29c5b0e8-2242-5aa6-ad05-0a8b33bc7aec,base
A19L8SNH73AX1Z,1,6,context,1,egocentric_distant,egocentric_distant_context,left,right,Chicago is to Ali's BLANK. Ali turns left. Ali is facing towards Chicago.,29c5b0e8-2242-5aa6-ad05-0a8b33bc7aec,base
A1BWS5AD2T4NIR,1,6,context,1,egocentric_distant,egocentric_distant_context,left,right,Chicago is to Ali's BLANK. Ali turns left. Ali is facing towards Chicago.,29c5b0e8-2242-5aa6-ad05-0a8b33bc7aec,base
A1DUPOUC9RNU4L,1,6,context,0,egocentric_distant,egocentric_distant_context,left,right,Chicago is to Ali's BLANK. Ali turns left. Ali is facing towards Chicago.,29c5b0e8-2242-5aa6-ad05-0a8b33bc7aec,base
A1JM5XNB4NCZR6,1,6,context,1,egocentric_distant,egocentric_distant_context,left,right,Chicago is to Ali's BLANK. Ali turns left. Ali is facing towards Chicago.,29c5b0e8-2242-5aa6-ad05-0a8b33bc7aec,base
A1RW5HAF955GTZ,1,6,context,0,egocentric_distant,egocentric_distant_context,left,right,Chicago is to Ali's BLANK. Ali turns left. Ali is facing towards Chicago.,29c5b0e8-2242-5aa6-ad05-0a8b33bc7aec,base
A255RBA8P0K0XV,1,6,context,0,egocentric_distant,egocentric_distant_context,left,right,Chicago is to Ali's BLANK. Ali turns left. Ali is facing towards Chicago.,29c5b0e8-2242-5aa6-ad05-0a8b33bc7aec,base
A28IHC0VW61IPB,1,6,context,1,egocentric_distant,egocentric_distant_context,left,right,Chicago is to Ali's BLANK. Ali turns left. Ali is facing towards Chicago.,29c5b0e8-2242-5aa6-ad05-0a8b33bc7aec,base
A2JO89Y1R0FBQZ,1,6,context,1,egocentric_distant,egocentric_distant_context,left,right,Chicago is to Ali's BLANK. Ali turns left. Ali is facing towards Chicago.,29c5b0e8-2242-5aa6-ad05-0a8b33bc7aec,base
A2LEBJWW395FST,1,6,context,1,egocentric_distant,egocentric_distant_context,left,right,Chicago is to Ali's BLANK. Ali turns left. Ali is facing towards Chicago.,29c5b0e8-2242-5aa6-ad05-0a8b33bc7aec,base
A34MAKOTLQSWZS,1,6,context,1,egocentric_distant,egocentric_distant_context,left,right,Chicago is to Ali's BLANK. Ali turns left. Ali is facing towards Chicago.,29c5b0e8-2242-5aa6-ad05-0a8b33bc7aec,base
A3F51C49T9A34D,1,6,context,1,egocentric_distant,egocentric_distant_context,left,right,Chicago is to Ali's BLANK. Ali turns left. Ali is facing towards Chicago.,29c5b0e8-2242-5aa6-ad05-0a8b33bc7aec,base
A3V8OF4CZJJDJ1,1,6,context,1,egocentric_distant,egocentric_distant_context,left,right,Chicago is to Ali's BLANK. Ali turns left. Ali is facing towards Chicago.,29c5b0e8-2242-5aa6-ad05-0a8b33bc7aec,base
A3VL1CBZ3BGQK7,1,6,context,1,egocentric_distant,egocentric_distant_context,left,right,Chicago is to Ali's BLANK. Ali turns left. Ali is facing towards Chicago.,29c5b0e8-2242-5aa6-ad05-0a8b33bc7aec,base
A9LYIVFG3ZU4Z,1,6,context,0,egocentric_distant,egocentric_distant_context,left,right,Chicago is to Ali's BLANK. Ali turns left. Ali is facing towards Chicago.,29c5b0e8-2242-5aa6-ad05-0a8b33bc7aec,base
AK35CJJEYFVYK,1,6,context,0,egocentric_distant,egocentric_distant_context,left,right,Chicago is to Ali's BLANK. Ali turns left. Ali is facing towards Chicago.,29c5b0e8-2242-5aa6-ad05-0a8b33bc7aec,base
A18WSAKX5YN2FB,1,6,context,0,two_refs_egocentric,two_refs_egocentric_context,left,right,Mark and Ali are both facing BLANK. Ali turns to his right. Ali is facing away from Mark.,e558cc86-f7fb-53e8-a6d0-b663f3736066,base
A19L8SNH73AX1Z,1,6,context,1,two_refs_egocentric,two_refs_egocentric_context,left,right,Mark and Ali are both facing BLANK. Ali turns to his right. Ali is facing away from Mark.,e558cc86-f7fb-53e8-a6d0-b663f3736066,base
A1BWS5AD2T4NIR,1,6,context,1,two_refs_egocentric,two_refs_egocentric_context,left,right,Mark and Ali are both facing BLANK. Ali turns to his right. Ali is facing away from Mark.,e558cc86-f7fb-53e8-a6d0-b663f3736066,base
A1DUPOUC9RNU4L,1,6,context,0,two_refs_egocentric,two_refs_egocentric_context,left,right,Mark and Ali are both facing BLANK. Ali turns to his right. Ali is facing away from Mark.,e558cc86-f7fb-53e8-a6d0-b663f3736066,base
A1JM5XNB4NCZR6,1,6,context,0,two_refs_egocentric,two_refs_egocentric_context,left,right,Mark and Ali are both facing BLANK. Ali turns to his right. Ali is facing away from Mark.,e558cc86-f7fb-53e8-a6d0-b663f3736066,base
A1RW5HAF955GTZ,1,6,context,1,two_refs_egocentric,two_refs_egocentric_context,left,right,Mark and Ali are both facing BLANK. Ali turns to his right. Ali is facing away from Mark.,e558cc86-f7fb-53e8-a6d0-b663f3736066,base
A255RBA8P0K0XV,1,6,context,1,two_refs_egocentric,two_refs_egocentric_context,left,right,Mark and Ali are both facing BLANK. Ali turns to his right. Ali is facing away from Mark.,e558cc86-f7fb-53e8-a6d0-b663f3736066,base
A28IHC0VW61IPB,1,6,context,1,two_refs_egocentric,two_refs_egocentric_context,left,right,Mark and Ali are both facing BLANK. Ali turns to his right. Ali is facing away from Mark.,e558cc86-f7fb-53e8-a6d0-b663f3736066,base
A2JO89Y1R0FBQZ,1,6,context,1,two_refs_egocentric,two_refs_egocentric_context,left,right,Mark and Ali are both facing BLANK. Ali turns to his right. Ali is facing away from Mark.,e558cc86-f7fb-53e8-a6d0-b663f3736066,base
A2LEBJWW395FST,1,6,context,1,two_refs_egocentric,two_refs_egocentric_context,left,right,Mark and Ali are both facing BLANK. Ali turns to his right. Ali is facing away from Mark.,e558cc86-f7fb-53e8-a6d0-b663f3736066,base
A34MAKOTLQSWZS,1,6,context,0,two_refs_egocentric,two_refs_egocentric_context,left,right,Mark and Ali are both facing BLANK. Ali turns to his right. Ali is facing away from Mark.,e558cc86-f7fb-53e8-a6d0-b663f3736066,base
A3F51C49T9A34D,1,6,context,1,two_refs_egocentric,two_refs_egocentric_context,left,right,Mark and Ali are both facing BLANK. Ali turns to his right. Ali is facing away from Mark.,e558cc86-f7fb-53e8-a6d0-b663f3736066,base
A3V8OF4CZJJDJ1,1,6,context,1,two_refs_egocentric,two_refs_egocentric_context,left,right,Mark and Ali are both facing BLANK. Ali turns to his right. Ali is facing away from Mark.,e558cc86-f7fb-53e8-a6d0-b663f3736066,base
A3VL1CBZ3BGQK7,1,6,context,1,two_refs_egocentric,two_refs_egocentric_context,left,right,Mark and Ali are both facing BLANK. Ali turns to his right. Ali is facing away from Mark.,e558cc86-f7fb-53e8-a6d0-b663f3736066,base
A9LYIVFG3ZU4Z,1,6,context,0,two_refs_egocentric,two_refs_egocentric_context,left,right,Mark and Ali are both facing BLANK. Ali turns to his right. Ali is facing away from Mark.,e558cc86-f7fb-53e8-a6d0-b663f3736066,base
AK35CJJEYFVYK,1,6,context,0,two_refs_egocentric,two_refs_egocentric_context,left,right,Mark and Ali are both facing BLANK. Ali turns to his right. Ali is facing away from Mark.,e558cc86-f7fb-53e8-a6d0-b663f3736066,base
A18WSAKX5YN2FB,1,6,context,1,two_refs_egocentric,two_refs_egocentric_context,behind,in front of,Mark is BLANK Ali. Mark walks forwards. Mark is getting closer to Ali.,c2e3cc6a-24a4-5d9e-9c86-9aa843019959,base
A19L8SNH73AX1Z,1,6,context,1,two_refs_egocentric,two_refs_egocentric_context,behind,in front of,Mark is BLANK Ali. Mark walks forwards. Mark is getting closer to Ali.,c2e3cc6a-24a4-5d9e-9c86-9aa843019959,base
A1BWS5AD2T4NIR,1,6,context,0,two_refs_egocentric,two_refs_egocentric_context,behind,in front of,Mark is BLANK Ali. Mark walks forwards. Mark is getting closer to Ali.,c2e3cc6a-24a4-5d9e-9c86-9aa843019959,base
A1DUPOUC9RNU4L,1,6,context,0,two_refs_egocentric,two_refs_egocentric_context,behind,in front of,Mark is BLANK Ali. Mark walks forwards. Mark is getting closer to Ali.,c2e3cc6a-24a4-5d9e-9c86-9aa843019959,base
A1JM5XNB4NCZR6,1,6,context,0,two_refs_egocentric,two_refs_egocentric_context,behind,in front of,Mark is BLANK Ali. Mark walks forwards. Mark is getting closer to Ali.,c2e3cc6a-24a4-5d9e-9c86-9aa843019959,base
A1RW5HAF955GTZ,1,6,context,0,two_refs_egocentric,two_refs_egocentric_context,behind,in front of,Mark is BLANK Ali. Mark walks forwards. Mark is getting closer to Ali.,c2e3cc6a-24a4-5d9e-9c86-9aa843019959,base
A255RBA8P0K0XV,1,6,context,0,two_refs_egocentric,two_refs_egocentric_context,behind,in front of,Mark is BLANK Ali. Mark walks forwards. Mark is getting closer to Ali.,c2e3cc6a-24a4-5d9e-9c86-9aa843019959,base
A28IHC0VW61IPB,1,6,context,0,two_refs_egocentric,two_refs_egocentric_context,behind,in front of,Mark is BLANK Ali. Mark walks forwards. Mark is getting closer to Ali.,c2e3cc6a-24a4-5d9e-9c86-9aa843019959,base
A2JO89Y1R0FBQZ,1,6,context,1,two_refs_egocentric,two_refs_egocentric_context,behind,in front of,Mark is BLANK Ali. Mark walks forwards. Mark is getting closer to Ali.,c2e3cc6a-24a4-5d9e-9c86-9aa843019959,base
A2LEBJWW395FST,1,6,context,0,two_refs_egocentric,two_refs_egocentric_context,behind,in front of,Mark is BLANK Ali. Mark walks forwards. Mark is getting closer to Ali.,c2e3cc6a-24a4-5d9e-9c86-9aa843019959,base
A34MAKOTLQSWZS,1,6,context,1,two_refs_egocentric,two_refs_egocentric_context,behind,in front of,Mark is BLANK Ali. Mark walks forwards. Mark is getting closer to Ali.,c2e3cc6a-24a4-5d9e-9c86-9aa843019959,base
A3F51C49T9A34D,1,6,context,0,two_refs_egocentric,two_refs_egocentric_context,behind,in front of,Mark is BLANK Ali. Mark walks forwards. Mark is getting closer to Ali.,c2e3cc6a-24a4-5d9e-9c86-9aa843019959,base
A3V8OF4CZJJDJ1,1,6,context,0,two_refs_egocentric,two_refs_egocentric_context,behind,in front of,Mark is BLANK Ali. Mark walks forwards. Mark is getting closer to Ali.,c2e3cc6a-24a4-5d9e-9c86-9aa843019959,base
A3VL1CBZ3BGQK7,1,6,context,1,two_refs_egocentric,two_refs_egocentric_context,behind,in front of,Mark is BLANK Ali. Mark walks forwards. Mark is getting closer to Ali.,c2e3cc6a-24a4-5d9e-9c86-9aa843019959,base
A9LYIVFG3ZU4Z,1,6,context,1,two_refs_egocentric,two_refs_egocentric_context,behind,in front of,Mark is BLANK Ali. Mark walks forwards. Mark is getting closer to Ali.,c2e3cc6a-24a4-5d9e-9c86-9aa843019959,base
AK35CJJEYFVYK,1,6,context,1,two_refs_egocentric,two_refs_egocentric_context,behind,in front of,Mark is BLANK Ali. Mark walks forwards. Mark is getting closer to Ali.,c2e3cc6a-24a4-5d9e-9c86-9aa843019959,base
A18WSAKX5YN2FB,1,6,context,1,two_refs_geocentric,two_refs_geocentric_context,East,West,Mark is BLANK of Ali facing East. Ali is West of Mark facing West. Mark is facing away from Ali.,a55a83e9-f5a4-5aee-907d-c7ec664911e3,base
A19L8SNH73AX1Z,1,6,context,1,two_refs_geocentric,two_refs_geocentric_context,East,West,Mark is BLANK of Ali facing East. Ali is West of Mark facing West. Mark is facing away from Ali.,a55a83e9-f5a4-5aee-907d-c7ec664911e3,base
A1BWS5AD2T4NIR,1,6,context,1,two_refs_geocentric,two_refs_geocentric_context,East,West,Mark is BLANK of Ali facing East. Ali is West of Mark facing West. Mark is facing away from Ali.,a55a83e9-f5a4-5aee-907d-c7ec664911e3,base
A1DUPOUC9RNU4L,1,6,context,0,two_refs_geocentric,two_refs_geocentric_context,East,West,Mark is BLANK of Ali facing East. Ali is West of Mark facing West. Mark is facing away from Ali.,a55a83e9-f5a4-5aee-907d-c7ec664911e3,base
A1JM5XNB4NCZR6,1,6,context,1,two_refs_geocentric,two_refs_geocentric_context,East,West,Mark is BLANK of Ali facing East. Ali is West of Mark facing West. Mark is facing away from Ali.,a55a83e9-f5a4-5aee-907d-c7ec664911e3,base
A1RW5HAF955GTZ,1,6,context,0,two_refs_geocentric,two_refs_geocentric_context,East,West,Mark is BLANK of Ali facing East. Ali is West of Mark facing West. Mark is facing away from Ali.,a55a83e9-f5a4-5aee-907d-c7ec664911e3,base
A255RBA8P0K0XV,1,6,context,0,two_refs_geocentric,two_refs_geocentric_context,East,West,Mark is BLANK of Ali facing East. Ali is West of Mark facing West. Mark is facing away from Ali.,a55a83e9-f5a4-5aee-907d-c7ec664911e3,base
A28IHC0VW61IPB,1,6,context,1,two_refs_geocentric,two_refs_geocentric_context,East,West,Mark is BLANK of Ali facing East. Ali is West of Mark facing West. Mark is facing away from Ali.,a55a83e9-f5a4-5aee-907d-c7ec664911e3,base
A2JO89Y1R0FBQZ,1,6,context,1,two_refs_geocentric,two_refs_geocentric_context,East,West,Mark is BLANK of Ali facing East. Ali is West of Mark facing West. Mark is facing away from Ali.,a55a83e9-f5a4-5aee-907d-c7ec664911e3,base
A2LEBJWW395FST,1,6,context,1,two_refs_geocentric,two_refs_geocentric_context,East,West,Mark is BLANK of Ali facing East. Ali is West of Mark facing West. Mark is facing away from Ali.,a55a83e9-f5a4-5aee-907d-c7ec664911e3,base
A34MAKOTLQSWZS,1,6,context,1,two_refs_geocentric,two_refs_geocentric_context,East,West,Mark is BLANK of Ali facing East. Ali is West of Mark facing West. Mark is facing away from Ali.,a55a83e9-f5a4-5aee-907d-c7ec664911e3,base
A3F51C49T9A34D,1,6,context,0,two_refs_geocentric,two_refs_geocentric_context,East,West,Mark is BLANK of Ali facing East. Ali is West of Mark facing West. Mark is facing away from Ali.,a55a83e9-f5a4-5aee-907d-c7ec664911e3,base
A3V8OF4CZJJDJ1,1,6,context,0,two_refs_geocentric,two_refs_geocentric_context,East,West,Mark is BLANK of Ali facing East. Ali is West of Mark facing West. Mark is facing away from Ali.,a55a83e9-f5a4-5aee-907d-c7ec664911e3,base
A3VL1CBZ3BGQK7,1,6,context,0,two_refs_geocentric,two_refs_geocentric_context,East,West,Mark is BLANK of Ali facing East. Ali is West of Mark facing West. Mark is facing away from Ali.,a55a83e9-f5a4-5aee-907d-c7ec664911e3,base
A9LYIVFG3ZU4Z,1,6,context,1,two_refs_geocentric,two_refs_geocentric_context,East,West,Mark is BLANK of Ali facing East. Ali is West of Mark facing West. Mark is facing away from Ali.,a55a83e9-f5a4-5aee-907d-c7ec664911e3,base
AK35CJJEYFVYK,1,6,context,0,two_refs_geocentric,two_refs_geocentric_context,East,West,Mark is BLANK of Ali facing East. Ali is West of Mark facing West. Mark is facing away from Ali.,a55a83e9-f5a4-5aee-907d-c7ec664911e3,base
A18WSAKX5YN2FB,1,6,context,1,two_refs_geocentric,two_refs_geocentric_context,towards,away from,Mark is East of Budapest and Ali is West of Budapest. Ali walks directly BLANK Mark. Ali is heading East.,a2a70bc0-7bcb-5e35-b748-a8a787e8e440,base
A19L8SNH73AX1Z,1,6,context,1,two_refs_geocentric,two_refs_geocentric_context,towards,away from,Mark is East of Budapest and Ali is West of Budapest. Ali walks directly BLANK Mark. Ali is heading East.,a2a70bc0-7bcb-5e35-b748-a8a787e8e440,base
A1BWS5AD2T4NIR,1,6,context,1,two_refs_geocentric,two_refs_geocentric_context,towards,away from,Mark is East of Budapest and Ali is West of Budapest. Ali walks directly BLANK Mark. Ali is heading East.,a2a70bc0-7bcb-5e35-b748-a8a787e8e440,base
A1DUPOUC9RNU4L,1,6,context,1,two_refs_geocentric,two_refs_geocentric_context,towards,away from,Mark is East of Budapest and Ali is West of Budapest. Ali walks directly BLANK Mark. Ali is heading East.,a2a70bc0-7bcb-5e35-b748-a8a787e8e440,base
A1JM5XNB4NCZR6,1,6,context,1,two_refs_geocentric,two_refs_geocentric_context,towards,away from,Mark is East of Budapest and Ali is West of Budapest. Ali walks directly BLANK Mark. Ali is heading East.,a2a70bc0-7bcb-5e35-b748-a8a787e8e440,base
A1RW5HAF955GTZ,1,6,context,1,two_refs_geocentric,two_refs_geocentric_context,towards,away from,Mark is East of Budapest and Ali is West of Budapest. Ali walks directly BLANK Mark. Ali is heading East.,a2a70bc0-7bcb-5e35-b748-a8a787e8e440,base
A255RBA8P0K0XV,1,6,context,1,two_refs_geocentric,two_refs_geocentric_context,towards,away from,Mark is East of Budapest and Ali is West of Budapest. Ali walks directly BLANK Mark. Ali is heading East.,a2a70bc0-7bcb-5e35-b748-a8a787e8e440,base
A28IHC0VW61IPB,1,6,context,1,two_refs_geocentric,two_refs_geocentric_context,towards,away from,Mark is East of Budapest and Ali is West of Budapest. Ali walks directly BLANK Mark. Ali is heading East.,a2a70bc0-7bcb-5e35-b748-a8a787e8e440,base
A2JO89Y1R0FBQZ,1,6,context,1,two_refs_geocentric,two_refs_geocentric_context,towards,away from,Mark is East of Budapest and Ali is West of Budapest. Ali walks directly BLANK Mark. Ali is heading East.,a2a70bc0-7bcb-5e35-b748-a8a787e8e440,base
A2LEBJWW395FST,1,6,context,0,two_refs_geocentric,two_refs_geocentric_context,towards,away from,Mark is East of Budapest and Ali is West of Budapest. Ali walks directly BLANK Mark. Ali is heading East.,a2a70bc0-7bcb-5e35-b748-a8a787e8e440,base
A34MAKOTLQSWZS,1,6,context,1,two_refs_geocentric,two_refs_geocentric_context,towards,away from,Mark is East of Budapest and Ali is West of Budapest. Ali walks directly BLANK Mark. Ali is heading East.,a2a70bc0-7bcb-5e35-b748-a8a787e8e440,base
A3F51C49T9A34D,1,6,context,1,two_refs_geocentric,two_refs_geocentric_context,towards,away from,Mark is East of Budapest and Ali is West of Budapest. Ali walks directly BLANK Mark. Ali is heading East.,a2a70bc0-7bcb-5e35-b748-a8a787e8e440,base
A3V8OF4CZJJDJ1,1,6,context,1,two_refs_geocentric,two_refs_geocentric_context,towards,away from,Mark is East of Budapest and Ali is West of Budapest. Ali walks directly BLANK Mark. Ali is heading East.,a2a70bc0-7bcb-5e35-b748-a8a787e8e440,base
A3VL1CBZ3BGQK7,1,6,context,1,two_refs_geocentric,two_refs_geocentric_context,towards,away from,Mark is East of Budapest and Ali is West of Budapest. Ali walks directly BLANK Mark. Ali is heading East.,a2a70bc0-7bcb-5e35-b748-a8a787e8e440,base
A9LYIVFG3ZU4Z,1,6,context,0,two_refs_geocentric,two_refs_geocentric_context,towards,away from,Mark is East of Budapest and Ali is West of Budapest. Ali walks directly BLANK Mark. Ali is heading East.,a2a70bc0-7bcb-5e35-b748-a8a787e8e440,base
AK35CJJEYFVYK,1,6,context,1,two_refs_geocentric,two_refs_geocentric_context,towards,away from,Mark is East of Budapest and Ali is West of Budapest. Ali walks directly BLANK Mark. Ali is heading East.,a2a70bc0-7bcb-5e35-b748-a8a787e8e440,base
A18WSAKX5YN2FB,1,6,context,1,geocentric_near,geocentric_near_context,West,East,Mark is facing BLANK. Mark turns 90 degrees to his right. Mark is facing North.,bfd08d04-41bc-5f32-a1fd-873972891edb,base
A19L8SNH73AX1Z,1,6,context,1,geocentric_near,geocentric_near_context,West,East,Mark is facing BLANK. Mark turns 90 degrees to his right. Mark is facing North.,bfd08d04-41bc-5f32-a1fd-873972891edb,base
A1BWS5AD2T4NIR,1,6,context,1,geocentric_near,geocentric_near_context,West,East,Mark is facing BLANK. Mark turns 90 degrees to his right. Mark is facing North.,bfd08d04-41bc-5f32-a1fd-873972891edb,base
A1DUPOUC9RNU4L,1,6,context,1,geocentric_near,geocentric_near_context,West,East,Mark is facing BLANK. Mark turns 90 degrees to his right. Mark is facing North.,bfd08d04-41bc-5f32-a1fd-873972891edb,base
A1JM5XNB4NCZR6,1,6,context,1,geocentric_near,geocentric_near_context,West,East,Mark is facing BLANK. Mark turns 90 degrees to his right. Mark is facing North.,bfd08d04-41bc-5f32-a1fd-873972891edb,base
A1RW5HAF955GTZ,1,6,context,0,geocentric_near,geocentric_near_context,West,East,Mark is facing BLANK. Mark turns 90 degrees to his right. Mark is facing North.,bfd08d04-41bc-5f32-a1fd-873972891edb,base
A255RBA8P0K0XV,1,6,context,1,geocentric_near,geocentric_near_context,West,East,Mark is facing BLANK. Mark turns 90 degrees to his right. Mark is facing North.,bfd08d04-41bc-5f32-a1fd-873972891edb,base
A28IHC0VW61IPB,1,6,context,1,geocentric_near,geocentric_near_context,West,East,Mark is facing BLANK. Mark turns 90 degrees to his right. Mark is facing North.,bfd08d04-41bc-5f32-a1fd-873972891edb,base
A2JO89Y1R0FBQZ,1,6,context,0,geocentric_near,geocentric_near_context,West,East,Mark is facing BLANK. Mark turns 90 degrees to his right. Mark is facing North.,bfd08d04-41bc-5f32-a1fd-873972891edb,base
A2LEBJWW395FST,1,6,context,1,geocentric_near,geocentric_near_context,West,East,Mark is facing BLANK. Mark turns 90 degrees to his right. Mark is facing North.,bfd08d04-41bc-5f32-a1fd-873972891edb,base
A34MAKOTLQSWZS,1,6,context,0,geocentric_near,geocentric_near_context,West,East,Mark is facing BLANK. Mark turns 90 degrees to his right. Mark is facing North.,bfd08d04-41bc-5f32-a1fd-873972891edb,base
A3F51C49T9A34D,1,6,context,1,geocentric_near,geocentric_near_context,West,East,Mark is facing BLANK. Mark turns 90 degrees to his right. Mark is facing North.,bfd08d04-41bc-5f32-a1fd-873972891edb,base
A3V8OF4CZJJDJ1,1,6,context,0,geocentric_near,geocentric_near_context,West,East,Mark is facing BLANK. Mark turns 90 degrees to his right. Mark is facing North.,bfd08d04-41bc-5f32-a1fd-873972891edb,base
A3VL1CBZ3BGQK7,1,6,context,1,geocentric_near,geocentric_near_context,West,East,Mark is facing BLANK. Mark turns 90 degrees to his right. Mark is facing North.,bfd08d04-41bc-5f32-a1fd-873972891edb,base
A9LYIVFG3ZU4Z,1,6,context,1,geocentric_near,geocentric_near_context,West,East,Mark is facing BLANK. Mark turns 90 degrees to his right. Mark is facing North.,bfd08d04-41bc-5f32-a1fd-873972891edb,base
AK35CJJEYFVYK,1,6,context,1,geocentric_near,geocentric_near_context,West,East,Mark is facing BLANK. Mark turns 90 degrees to his right. Mark is facing North.,bfd08d04-41bc-5f32-a1fd-873972891edb,base
A18WSAKX5YN2FB,1,6,context,1,two_refs_geocentric,two_refs_geocentric_context,West,East,Mark is facing East and Ali is facing BLANK. Mark turns 180 degrees. Mark and Ali are facing the same direction.,09a5259f-f1f6-5316-829f-75de35dc7fe2,base
A19L8SNH73AX1Z,1,6,context,0,two_refs_geocentric,two_refs_geocentric_context,West,East,Mark is facing East and Ali is facing BLANK. Mark turns 180 degrees. Mark and Ali are facing the same direction.,09a5259f-f1f6-5316-829f-75de35dc7fe2,base
A1BWS5AD2T4NIR,1,6,context,1,two_refs_geocentric,two_refs_geocentric_context,West,East,Mark is facing East and Ali is facing BLANK. Mark turns 180 degrees. Mark and Ali are facing the same direction.,09a5259f-f1f6-5316-829f-75de35dc7fe2,base
A1DUPOUC9RNU4L,1,6,context,1,two_refs_geocentric,two_refs_geocentric_context,West,East,Mark is facing East and Ali is facing BLANK. Mark turns 180 degrees. Mark and Ali are facing the same direction.,09a5259f-f1f6-5316-829f-75de35dc7fe2,base
A1JM5XNB4NCZR6,1,6,context,1,two_refs_geocentric,two_refs_geocentric_context,West,East,Mark is facing East and Ali is facing BLANK. Mark turns 180 degrees. Mark and Ali are facing the same direction.,09a5259f-f1f6-5316-829f-75de35dc7fe2,base
A1RW5HAF955GTZ,1,6,context,1,two_refs_geocentric,two_refs_geocentric_context,West,East,Mark is facing East and Ali is facing BLANK. Mark turns 180 degrees. Mark and Ali are facing the same direction.,09a5259f-f1f6-5316-829f-75de35dc7fe2,base
A255RBA8P0K0XV,1,6,context,1,two_refs_geocentric,two_refs_geocentric_context,West,East,Mark is facing East and Ali is facing BLANK. Mark turns 180 degrees. Mark and Ali are facing the same direction.,09a5259f-f1f6-5316-829f-75de35dc7fe2,base
A28IHC0VW61IPB,1,6,context,1,two_refs_geocentric,two_refs_geocentric_context,West,East,Mark is facing East and Ali is facing BLANK. Mark turns 180 degrees. Mark and Ali are facing the same direction.,09a5259f-f1f6-5316-829f-75de35dc7fe2,base
A2JO89Y1R0FBQZ,1,6,context,1,two_refs_geocentric,two_refs_geocentric_context,West,East,Mark is facing East and Ali is facing BLANK. Mark turns 180 degrees. Mark and Ali are facing the same direction.,09a5259f-f1f6-5316-829f-75de35dc7fe2,base
A2LEBJWW395FST,1,6,context,0,two_refs_geocentric,two_refs_geocentric_context,West,East,Mark is facing East and Ali is facing BLANK. Mark turns 180 degrees. Mark and Ali are facing the same direction.,09a5259f-f1f6-5316-829f-75de35dc7fe2,base
A34MAKOTLQSWZS,1,6,context,1,two_refs_geocentric,two_refs_geocentric_context,West,East,Mark is facing East and Ali is facing BLANK. Mark turns 180 degrees. Mark and Ali are facing the same direction.,09a5259f-f1f6-5316-829f-75de35dc7fe2,base
A3F51C49T9A34D,1,6,context,1,two_refs_geocentric,two_refs_geocentric_context,West,East,Mark is facing East and Ali is facing BLANK. Mark turns 180 degrees. Mark and Ali are facing the same direction.,09a5259f-f1f6-5316-829f-75de35dc7fe2,base
A3V8OF4CZJJDJ1,1,6,context,0,two_refs_geocentric,two_refs_geocentric_context,West,East,Mark is facing East and Ali is facing BLANK. Mark turns 180 degrees. Mark and Ali are facing the same direction.,09a5259f-f1f6-5316-829f-75de35dc7fe2,base
A3VL1CBZ3BGQK7,1,6,context,1,two_refs_geocentric,two_refs_geocentric_context,West,East,Mark is facing East and Ali is facing BLANK. Mark turns 180 degrees. Mark and Ali are facing the same direction.,09a5259f-f1f6-5316-829f-75de35dc7fe2,base
A9LYIVFG3ZU4Z,1,6,context,0,two_refs_geocentric,two_refs_geocentric_context,West,East,Mark is facing East and Ali is facing BLANK. Mark turns 180 degrees. Mark and Ali are facing the same direction.,09a5259f-f1f6-5316-829f-75de35dc7fe2,base
AK35CJJEYFVYK,1,6,context,1,two_refs_geocentric,two_refs_geocentric_context,West,East,Mark is facing East and Ali is facing BLANK. Mark turns 180 degrees. Mark and Ali are facing the same direction.,09a5259f-f1f6-5316-829f-75de35dc7fe2,base
A18WSAKX5YN2FB,1,6,context,1,geocentric_distant,geocentric_distant_context,South of,North of,Milwaukee is BLANK Ali. Ali turns around. Milwaukee is South of Ali.,6f6037ad-89d1-53c6-9b58-e857b51d6d83,base
A19L8SNH73AX1Z,1,6,context,0,geocentric_distant,geocentric_distant_context,South of,North of,Milwaukee is BLANK Ali. Ali turns around. Milwaukee is South of Ali.,6f6037ad-89d1-53c6-9b58-e857b51d6d83,base
A1BWS5AD2T4NIR,1,6,context,0,geocentric_distant,geocentric_distant_context,South of,North of,Milwaukee is BLANK Ali. Ali turns around. Milwaukee is South of Ali.,6f6037ad-89d1-53c6-9b58-e857b51d6d83,base
A1DUPOUC9RNU4L,1,6,context,0,geocentric_distant,geocentric_distant_context,South of,North of,Milwaukee is BLANK Ali. Ali turns around. Milwaukee is South of Ali.,6f6037ad-89d1-53c6-9b58-e857b51d6d83,base
A1JM5XNB4NCZR6,1,6,context,1,geocentric_distant,geocentric_distant_context,South of,North of,Milwaukee is BLANK Ali. Ali turns around. Milwaukee is South of Ali.,6f6037ad-89d1-53c6-9b58-e857b51d6d83,base
A1RW5HAF955GTZ,1,6,context,0,geocentric_distant,geocentric_distant_context,South of,North of,Milwaukee is BLANK Ali. Ali turns around. Milwaukee is South of Ali.,6f6037ad-89d1-53c6-9b58-e857b51d6d83,base
A255RBA8P0K0XV,1,6,context,1,geocentric_distant,geocentric_distant_context,South of,North of,Milwaukee is BLANK Ali. Ali turns around. Milwaukee is South of Ali.,6f6037ad-89d1-53c6-9b58-e857b51d6d83,base
A28IHC0VW61IPB,1,6,context,1,geocentric_distant,geocentric_distant_context,South of,North of,Milwaukee is BLANK Ali. Ali turns around. Milwaukee is South of Ali.,6f6037ad-89d1-53c6-9b58-e857b51d6d83,base
A2JO89Y1R0FBQZ,1,6,context,1,geocentric_distant,geocentric_distant_context,South of,North of,Milwaukee is BLANK Ali. Ali turns around. Milwaukee is South of Ali.,6f6037ad-89d1-53c6-9b58-e857b51d6d83,base
A2LEBJWW395FST,1,6,context,0,geocentric_distant,geocentric_distant_context,South of,North of,Milwaukee is BLANK Ali. Ali turns around. Milwaukee is South of Ali.,6f6037ad-89d1-53c6-9b58-e857b51d6d83,base
A34MAKOTLQSWZS,1,6,context,0,geocentric_distant,geocentric_distant_context,South of,North of,Milwaukee is BLANK Ali. Ali turns around. Milwaukee is South of Ali.,6f6037ad-89d1-53c6-9b58-e857b51d6d83,base
A3F51C49T9A34D,1,6,context,0,geocentric_distant,geocentric_distant_context,South of,North of,Milwaukee is BLANK Ali. Ali turns around. Milwaukee is South of Ali.,6f6037ad-89d1-53c6-9b58-e857b51d6d83,base
A3V8OF4CZJJDJ1,1,6,context,0,geocentric_distant,geocentric_distant_context,South of,North of,Milwaukee is BLANK Ali. Ali turns around. Milwaukee is South of Ali.,6f6037ad-89d1-53c6-9b58-e857b51d6d83,base
A3VL1CBZ3BGQK7,1,6,context,0,geocentric_distant,geocentric_distant_context,South of,North of,Milwaukee is BLANK Ali. Ali turns around. Milwaukee is South of Ali.,6f6037ad-89d1-53c6-9b58-e857b51d6d83,base
A9LYIVFG3ZU4Z,1,6,context,0,geocentric_distant,geocentric_distant_context,South of,North of,Milwaukee is BLANK Ali. Ali turns around. Milwaukee is South of Ali.,6f6037ad-89d1-53c6-9b58-e857b51d6d83,base
AK35CJJEYFVYK,1,6,context,0,geocentric_distant,geocentric_distant_context,South of,North of,Milwaukee is BLANK Ali. Ali turns around. Milwaukee is South of Ali.,6f6037ad-89d1-53c6-9b58-e857b51d6d83,base
A18WSAKX5YN2FB,1,6,context,1,geocentric_distant,geocentric_distant_context,West of,South of,Milwaukee is BLANK Ali. Ali turns left. Milwaukee is West of Ali.,aeefbdde-433a-5ea8-93fd-c5b5c1788a6e,base
A19L8SNH73AX1Z,1,6,context,1,geocentric_distant,geocentric_distant_context,West of,South of,Milwaukee is BLANK Ali. Ali turns left. Milwaukee is West of Ali.,aeefbdde-433a-5ea8-93fd-c5b5c1788a6e,base
A1BWS5AD2T4NIR,1,6,context,0,geocentric_distant,geocentric_distant_context,West of,South of,Milwaukee is BLANK Ali. Ali turns left. Milwaukee is West of Ali.,aeefbdde-433a-5ea8-93fd-c5b5c1788a6e,base
A1DUPOUC9RNU4L,1,6,context,0,geocentric_distant,geocentric_distant_context,West of,South of,Milwaukee is BLANK Ali. Ali turns left. Milwaukee is West of Ali.,aeefbdde-433a-5ea8-93fd-c5b5c1788a6e,base
A1JM5XNB4NCZR6,1,6,context,1,geocentric_distant,geocentric_distant_context,West of,South of,Milwaukee is BLANK Ali. Ali turns left. Milwaukee is West of Ali.,aeefbdde-433a-5ea8-93fd-c5b5c1788a6e,base
A1RW5HAF955GTZ,1,6,context,1,geocentric_distant,geocentric_distant_context,West of,South of,Milwaukee is BLANK Ali. Ali turns left. Milwaukee is West of Ali.,aeefbdde-433a-5ea8-93fd-c5b5c1788a6e,base
A255RBA8P0K0XV,1,6,context,1,geocentric_distant,geocentric_distant_context,West of,South of,Milwaukee is BLANK Ali. Ali turns left. Milwaukee is West of Ali.,aeefbdde-433a-5ea8-93fd-c5b5c1788a6e,base
A28IHC0VW61IPB,1,6,context,0,geocentric_distant,geocentric_distant_context,West of,South of,Milwaukee is BLANK Ali. Ali turns left. Milwaukee is West of Ali.,aeefbdde-433a-5ea8-93fd-c5b5c1788a6e,base
A2JO89Y1R0FBQZ,1,6,context,0,geocentric_distant,geocentric_distant_context,West of,South of,Milwaukee is BLANK Ali. Ali turns left. Milwaukee is West of Ali.,aeefbdde-433a-5ea8-93fd-c5b5c1788a6e,base
A2LEBJWW395FST,1,6,context,0,geocentric_distant,geocentric_distant_context,West of,South of,Milwaukee is BLANK Ali. Ali turns left. Milwaukee is West of Ali.,aeefbdde-433a-5ea8-93fd-c5b5c1788a6e,base
A34MAKOTLQSWZS,1,6,context,0,geocentric_distant,geocentric_distant_context,West of,South of,Milwaukee is BLANK Ali. Ali turns left. Milwaukee is West of Ali.,aeefbdde-433a-5ea8-93fd-c5b5c1788a6e,base
A3F51C49T9A34D,1,6,context,0,geocentric_distant,geocentric_distant_context,West of,South of,Milwaukee is BLANK Ali. Ali turns left. Milwaukee is West of Ali.,aeefbdde-433a-5ea8-93fd-c5b5c1788a6e,base
A3V8OF4CZJJDJ1,1,6,context,0,geocentric_distant,geocentric_distant_context,West of,South of,Milwaukee is BLANK Ali. Ali turns left. Milwaukee is West of Ali.,aeefbdde-433a-5ea8-93fd-c5b5c1788a6e,base
A3VL1CBZ3BGQK7,1,6,context,0,geocentric_distant,geocentric_distant_context,West of,South of,Milwaukee is BLANK Ali. Ali turns left. Milwaukee is West of Ali.,aeefbdde-433a-5ea8-93fd-c5b5c1788a6e,base
A9LYIVFG3ZU4Z,1,6,context,1,geocentric_distant,geocentric_distant_context,West of,South of,Milwaukee is BLANK Ali. Ali turns left. Milwaukee is West of Ali.,aeefbdde-433a-5ea8-93fd-c5b5c1788a6e,base
AK35CJJEYFVYK,1,6,context,0,geocentric_distant,geocentric_distant_context,West of,South of,Milwaukee is BLANK Ali. Ali turns left. Milwaukee is West of Ali.,aeefbdde-433a-5ea8-93fd-c5b5c1788a6e,base
A18WSAKX5YN2FB,1,6,context,1,geocentric_distant,geocentric_distant_context,West of,North of,Milwaukee is BLANK Ali. Ali turns right. Milwaukee is West of Ali.,20c122a7-ab2c-5966-b297-c5040adfe23e,base
A19L8SNH73AX1Z,1,6,context,0,geocentric_distant,geocentric_distant_context,West of,North of,Milwaukee is BLANK Ali. Ali turns right. Milwaukee is West of Ali.,20c122a7-ab2c-5966-b297-c5040adfe23e,base
A1BWS5AD2T4NIR,1,6,context,0,geocentric_distant,geocentric_distant_context,West of,North of,Milwaukee is BLANK Ali. Ali turns right. Milwaukee is West of Ali.,20c122a7-ab2c-5966-b297-c5040adfe23e,base
A1DUPOUC9RNU4L,1,6,context,0,geocentric_distant,geocentric_distant_context,West of,North of,Milwaukee is BLANK Ali. Ali turns right. Milwaukee is West of Ali.,20c122a7-ab2c-5966-b297-c5040adfe23e,base
A1JM5XNB4NCZR6,1,6,context,1,geocentric_distant,geocentric_distant_context,West of,North of,Milwaukee is BLANK Ali. Ali turns right. Milwaukee is West of Ali.,20c122a7-ab2c-5966-b297-c5040adfe23e,base
A1RW5HAF955GTZ,1,6,context,1,geocentric_distant,geocentric_distant_context,West of,North of,Milwaukee is BLANK Ali. Ali turns right. Milwaukee is West of Ali.,20c122a7-ab2c-5966-b297-c5040adfe23e,base
A255RBA8P0K0XV,1,6,context,1,geocentric_distant,geocentric_distant_context,West of,North of,Milwaukee is BLANK Ali. Ali turns right. Milwaukee is West of Ali.,20c122a7-ab2c-5966-b297-c5040adfe23e,base
A28IHC0VW61IPB,1,6,context,1,geocentric_distant,geocentric_distant_context,West of,North of,Milwaukee is BLANK Ali. Ali turns right. Milwaukee is West of Ali.,20c122a7-ab2c-5966-b297-c5040adfe23e,base
A2JO89Y1R0FBQZ,1,6,context,0,geocentric_distant,geocentric_distant_context,West of,North of,Milwaukee is BLANK Ali. Ali turns right. Milwaukee is West of Ali.,20c122a7-ab2c-5966-b297-c5040adfe23e,base
A2LEBJWW395FST,1,6,context,1,geocentric_distant,geocentric_distant_context,West of,North of,Milwaukee is BLANK Ali. Ali turns right. Milwaukee is West of Ali.,20c122a7-ab2c-5966-b297-c5040adfe23e,base
A34MAKOTLQSWZS,1,6,context,0,geocentric_distant,geocentric_distant_context,West of,North of,Milwaukee is BLANK Ali. Ali turns right. Milwaukee is West of Ali.,20c122a7-ab2c-5966-b297-c5040adfe23e,base
A3F51C49T9A34D,1,6,context,0,geocentric_distant,geocentric_distant_context,West of,North of,Milwaukee is BLANK Ali. Ali turns right. Milwaukee is West of Ali.,20c122a7-ab2c-5966-b297-c5040adfe23e,base
A3V8OF4CZJJDJ1,1,6,context,0,geocentric_distant,geocentric_distant_context,West of,North of,Milwaukee is BLANK Ali. Ali turns right. Milwaukee is West of Ali.,20c122a7-ab2c-5966-b297-c5040adfe23e,base
A3VL1CBZ3BGQK7,1,6,context,0,geocentric_distant,geocentric_distant_context,West of,North of,Milwaukee is BLANK Ali. Ali turns right. Milwaukee is West of Ali.,20c122a7-ab2c-5966-b297-c5040adfe23e,base
A9LYIVFG3ZU4Z,1,6,context,1,geocentric_distant,geocentric_distant_context,West of,North of,Milwaukee is BLANK Ali. Ali turns right. Milwaukee is West of Ali.,20c122a7-ab2c-5966-b297-c5040adfe23e,base
AK35CJJEYFVYK,1,6,context,0,geocentric_distant,geocentric_distant_context,West of,North of,Milwaukee is BLANK Ali. Ali turns right. Milwaukee is West of Ali.,20c122a7-ab2c-5966-b297-c5040adfe23e,base
A18WSAKX5YN2FB,1,6,context,1,geocentric_distant,geocentric_distant_context,West,East,Milwaukee is BLANK of Ali. Ali walks West. Ali is getting closer to Milwaukee.,6cb3e4e3-1a79-542e-80fc-c7618ababd10,base
A19L8SNH73AX1Z,1,6,context,1,geocentric_distant,geocentric_distant_context,West,East,Milwaukee is BLANK of Ali. Ali walks West. Ali is getting closer to Milwaukee.,6cb3e4e3-1a79-542e-80fc-c7618ababd10,base
A1BWS5AD2T4NIR,1,6,context,1,geocentric_distant,geocentric_distant_context,West,East,Milwaukee is BLANK of Ali. Ali walks West. Ali is getting closer to Milwaukee.,6cb3e4e3-1a79-542e-80fc-c7618ababd10,base
A1DUPOUC9RNU4L,1,6,context,1,geocentric_distant,geocentric_distant_context,West,East,Milwaukee is BLANK of Ali. Ali walks West. Ali is getting closer to Milwaukee.,6cb3e4e3-1a79-542e-80fc-c7618ababd10,base
A1JM5XNB4NCZR6,1,6,context,1,geocentric_distant,geocentric_distant_context,West,East,Milwaukee is BLANK of Ali. Ali walks West. Ali is getting closer to Milwaukee.,6cb3e4e3-1a79-542e-80fc-c7618ababd10,base
A1RW5HAF955GTZ,1,6,context,1,geocentric_distant,geocentric_distant_context,West,East,Milwaukee is BLANK of Ali. Ali walks West. Ali is getting closer to Milwaukee.,6cb3e4e3-1a79-542e-80fc-c7618ababd10,base
A255RBA8P0K0XV,1,6,context,0,geocentric_distant,geocentric_distant_context,West,East,Milwaukee is BLANK of Ali. Ali walks West. Ali is getting closer to Milwaukee.,6cb3e4e3-1a79-542e-80fc-c7618ababd10,base
A28IHC0VW61IPB,1,6,context,1,geocentric_distant,geocentric_distant_context,West,East,Milwaukee is BLANK of Ali. Ali walks West. Ali is getting closer to Milwaukee.,6cb3e4e3-1a79-542e-80fc-c7618ababd10,base
A2JO89Y1R0FBQZ,1,6,context,1,geocentric_distant,geocentric_distant_context,West,East,Milwaukee is BLANK of Ali. Ali walks West. Ali is getting closer to Milwaukee.,6cb3e4e3-1a79-542e-80fc-c7618ababd10,base
A2LEBJWW395FST,1,6,context,1,geocentric_distant,geocentric_distant_context,West,East,Milwaukee is BLANK of Ali. Ali walks West. Ali is getting closer to Milwaukee.,6cb3e4e3-1a79-542e-80fc-c7618ababd10,base
A34MAKOTLQSWZS,1,6,context,1,geocentric_distant,geocentric_distant_context,West,East,Milwaukee is BLANK of Ali. Ali walks West. Ali is getting closer to Milwaukee.,6cb3e4e3-1a79-542e-80fc-c7618ababd10,base
A3F51C49T9A34D,1,6,context,1,geocentric_distant,geocentric_distant_context,West,East,Milwaukee is BLANK of Ali. Ali walks West. Ali is getting closer to Milwaukee.,6cb3e4e3-1a79-542e-80fc-c7618ababd10,base
A3V8OF4CZJJDJ1,1,6,context,1,geocentric_distant,geocentric_distant_context,West,East,Milwaukee is BLANK of Ali. Ali walks West. Ali is getting closer to Milwaukee.,6cb3e4e3-1a79-542e-80fc-c7618ababd10,base
A3VL1CBZ3BGQK7,1,6,context,0,geocentric_distant,geocentric_distant_context,West,East,Milwaukee is BLANK of Ali. Ali walks West. Ali is getting closer to Milwaukee.,6cb3e4e3-1a79-542e-80fc-c7618ababd10,base
A9LYIVFG3ZU4Z,1,6,context,0,geocentric_distant,geocentric_distant_context,West,East,Milwaukee is BLANK of Ali. Ali walks West. Ali is getting closer to Milwaukee.,6cb3e4e3-1a79-542e-80fc-c7618ababd10,base
AK35CJJEYFVYK,1,6,context,0,geocentric_distant,geocentric_distant_context,West,East,Milwaukee is BLANK of Ali. Ali walks West. Ali is getting closer to Milwaukee.,6cb3e4e3-1a79-542e-80fc-c7618ababd10,base
A18WSAKX5YN2FB,1,6,context,0,two_refs_geocentric,two_refs_geocentric_context,West,East,Milwaukee is South of Mark. Mark goes BLANK. Milwaukee is Southeast of Mark.,d8873371-c599-505f-a895-9df8ff3d5ebd,base
A19L8SNH73AX1Z,1,6,context,1,two_refs_geocentric,two_refs_geocentric_context,West,East,Milwaukee is South of Mark. Mark goes BLANK. Milwaukee is Southeast of Mark.,d8873371-c599-505f-a895-9df8ff3d5ebd,base
A1BWS5AD2T4NIR,1,6,context,1,two_refs_geocentric,two_refs_geocentric_context,West,East,Milwaukee is South of Mark. Mark goes BLANK. Milwaukee is Southeast of Mark.,d8873371-c599-505f-a895-9df8ff3d5ebd,base
A1DUPOUC9RNU4L,1,6,context,0,two_refs_geocentric,two_refs_geocentric_context,West,East,Milwaukee is South of Mark. Mark goes BLANK. Milwaukee is Southeast of Mark.,d8873371-c599-505f-a895-9df8ff3d5ebd,base
A1JM5XNB4NCZR6,1,6,context,0,two_refs_geocentric,two_refs_geocentric_context,West,East,Milwaukee is South of Mark. Mark goes BLANK. Milwaukee is Southeast of Mark.,d8873371-c599-505f-a895-9df8ff3d5ebd,base
A1RW5HAF955GTZ,1,6,context,0,two_refs_geocentric,two_refs_geocentric_context,West,East,Milwaukee is South of Mark. Mark goes BLANK. Milwaukee is Southeast of Mark.,d8873371-c599-505f-a895-9df8ff3d5ebd,base
A255RBA8P0K0XV,1,6,context,1,two_refs_geocentric,two_refs_geocentric_context,West,East,Milwaukee is South of Mark. Mark goes BLANK. Milwaukee is Southeast of Mark.,d8873371-c599-505f-a895-9df8ff3d5ebd,base
A28IHC0VW61IPB,1,6,context,0,two_refs_geocentric,two_refs_geocentric_context,West,East,Milwaukee is South of Mark. Mark goes BLANK. Milwaukee is Southeast of Mark.,d8873371-c599-505f-a895-9df8ff3d5ebd,base
A2JO89Y1R0FBQZ,1,6,context,0,two_refs_geocentric,two_refs_geocentric_context,West,East,Milwaukee is South of Mark. Mark goes BLANK. Milwaukee is Southeast of Mark.,d8873371-c599-505f-a895-9df8ff3d5ebd,base
A2LEBJWW395FST,1,6,context,1,two_refs_geocentric,two_refs_geocentric_context,West,East,Milwaukee is South of Mark. Mark goes BLANK. Milwaukee is Southeast of Mark.,d8873371-c599-505f-a895-9df8ff3d5ebd,base
A34MAKOTLQSWZS,1,6,context,0,two_refs_geocentric,two_refs_geocentric_context,West,East,Milwaukee is South of Mark. Mark goes BLANK. Milwaukee is Southeast of Mark.,d8873371-c599-505f-a895-9df8ff3d5ebd,base
A3F51C49T9A34D,1,6,context,0,two_refs_geocentric,two_refs_geocentric_context,West,East,Milwaukee is South of Mark. Mark goes BLANK. Milwaukee is Southeast of Mark.,d8873371-c599-505f-a895-9df8ff3d5ebd,base
A3V8OF4CZJJDJ1,1,6,context,1,two_refs_geocentric,two_refs_geocentric_context,West,East,Milwaukee is South of Mark. Mark goes BLANK. Milwaukee is Southeast of Mark.,d8873371-c599-505f-a895-9df8ff3d5ebd,base
A3VL1CBZ3BGQK7,1,6,context,0,two_refs_geocentric,two_refs_geocentric_context,West,East,Milwaukee is South of Mark. Mark goes BLANK. Milwaukee is Southeast of Mark.,d8873371-c599-505f-a895-9df8ff3d5ebd,base
A9LYIVFG3ZU4Z,1,6,context,0,two_refs_geocentric,two_refs_geocentric_context,West,East,Milwaukee is South of Mark. Mark goes BLANK. Milwaukee is Southeast of Mark.,d8873371-c599-505f-a895-9df8ff3d5ebd,base
AK35CJJEYFVYK,1,6,context,0,two_refs_geocentric,two_refs_geocentric_context,West,East,Milwaukee is South of Mark. Mark goes BLANK. Milwaukee is Southeast of Mark.,d8873371-c599-505f-a895-9df8ff3d5ebd,base
A18WSAKX5YN2FB,1,6,context,1,relative_pos,relative_pos_context,box,ball,The ball and the box are on the table. The BLANK falls off the table. The box is lower than the ball.,e3990eb8-82e6-50bf-8607-6d26e7c778da,base
A19L8SNH73AX1Z,1,6,context,0,relative_pos,relative_pos_context,box,ball,The ball and the box are on the table. The BLANK falls off the table. The box is lower than the ball.,e3990eb8-82e6-50bf-8607-6d26e7c778da,base
A1BWS5AD2T4NIR,1,6,context,1,relative_pos,relative_pos_context,box,ball,The ball and the box are on the table. The BLANK falls off the table. The box is lower than the ball.,e3990eb8-82e6-50bf-8607-6d26e7c778da,base
A1DUPOUC9RNU4L,1,6,context,1,relative_pos,relative_pos_context,box,ball,The ball and the box are on the table. The BLANK falls off the table. The box is lower than the ball.,e3990eb8-82e6-50bf-8607-6d26e7c778da,base
A1JM5XNB4NCZR6,1,6,context,1,relative_pos,relative_pos_context,box,ball,The ball and the box are on the table. The BLANK falls off the table. The box is lower than the ball.,e3990eb8-82e6-50bf-8607-6d26e7c778da,base
A1RW5HAF955GTZ,1,6,context,0,relative_pos,relative_pos_context,box,ball,The ball and the box are on the table. The BLANK falls off the table. The box is lower than the ball.,e3990eb8-82e6-50bf-8607-6d26e7c778da,base
A255RBA8P0K0XV,1,6,context,1,relative_pos,relative_pos_context,box,ball,The ball and the box are on the table. The BLANK falls off the table. The box is lower than the ball.,e3990eb8-82e6-50bf-8607-6d26e7c778da,base
A28IHC0VW61IPB,1,6,context,1,relative_pos,relative_pos_context,box,ball,The ball and the box are on the table. The BLANK falls off the table. The box is lower than the ball.,e3990eb8-82e6-50bf-8607-6d26e7c778da,base
A2JO89Y1R0FBQZ,1,6,context,1,relative_pos,relative_pos_context,box,ball,The ball and the box are on the table. The BLANK falls off the table. The box is lower than the ball.,e3990eb8-82e6-50bf-8607-6d26e7c778da,base
A2LEBJWW395FST,1,6,context,0,relative_pos,relative_pos_context,box,ball,The ball and the box are on the table. The BLANK falls off the table. The box is lower than the ball.,e3990eb8-82e6-50bf-8607-6d26e7c778da,base
A34MAKOTLQSWZS,1,6,context,1,relative_pos,relative_pos_context,box,ball,The ball and the box are on the table. The BLANK falls off the table. The box is lower than the ball.,e3990eb8-82e6-50bf-8607-6d26e7c778da,base
A3F51C49T9A34D,1,6,context,1,relative_pos,relative_pos_context,box,ball,The ball and the box are on the table. The BLANK falls off the table. The box is lower than the ball.,e3990eb8-82e6-50bf-8607-6d26e7c778da,base
A3V8OF4CZJJDJ1,1,6,context,1,relative_pos,relative_pos_context,box,ball,The ball and the box are on the table. The BLANK falls off the table. The box is lower than the ball.,e3990eb8-82e6-50bf-8607-6d26e7c778da,base
A3VL1CBZ3BGQK7,1,6,context,1,relative_pos,relative_pos_context,box,ball,The ball and the box are on the table. The BLANK falls off the table. The box is lower than the ball.,e3990eb8-82e6-50bf-8607-6d26e7c778da,base
A9LYIVFG3ZU4Z,1,6,context,1,relative_pos,relative_pos_context,box,ball,The ball and the box are on the table. The BLANK falls off the table. The box is lower than the ball.,e3990eb8-82e6-50bf-8607-6d26e7c778da,base
AK35CJJEYFVYK,1,6,context,1,relative_pos,relative_pos_context,box,ball,The ball and the box are on the table. The BLANK falls off the table. The box is lower than the ball.,e3990eb8-82e6-50bf-8607-6d26e7c778da,base
A18WSAKX5YN2FB,1,6,context,1,action_nonfollows,action_nonfollows_context,under,above,The ball is BLANK the box. Ali pushes the ball forward. The ball is under the box.,11b9c7f0-ecb6-5489-b941-2a3815cb66ce,base
A19L8SNH73AX1Z,1,6,context,1,action_nonfollows,action_nonfollows_context,under,above,The ball is BLANK the box. Ali pushes the ball forward. The ball is under the box.,11b9c7f0-ecb6-5489-b941-2a3815cb66ce,base
A1BWS5AD2T4NIR,1,6,context,1,action_nonfollows,action_nonfollows_context,under,above,The ball is BLANK the box. Ali pushes the ball forward. The ball is under the box.,11b9c7f0-ecb6-5489-b941-2a3815cb66ce,base
A1DUPOUC9RNU4L,1,6,context,1,action_nonfollows,action_nonfollows_context,under,above,The ball is BLANK the box. Ali pushes the ball forward. The ball is under the box.,11b9c7f0-ecb6-5489-b941-2a3815cb66ce,base
A1JM5XNB4NCZR6,1,6,context,1,action_nonfollows,action_nonfollows_context,under,above,The ball is BLANK the box. Ali pushes the ball forward. The ball is under the box.,11b9c7f0-ecb6-5489-b941-2a3815cb66ce,base
A1RW5HAF955GTZ,1,6,context,1,action_nonfollows,action_nonfollows_context,under,above,The ball is BLANK the box. Ali pushes the ball forward. The ball is under the box.,11b9c7f0-ecb6-5489-b941-2a3815cb66ce,base
A255RBA8P0K0XV,1,6,context,0,action_nonfollows,action_nonfollows_context,under,above,The ball is BLANK the box. Ali pushes the ball forward. The ball is under the box.,11b9c7f0-ecb6-5489-b941-2a3815cb66ce,base
A28IHC0VW61IPB,1,6,context,0,action_nonfollows,action_nonfollows_context,under,above,The ball is BLANK the box. Ali pushes the ball forward. The ball is under the box.,11b9c7f0-ecb6-5489-b941-2a3815cb66ce,base
A2JO89Y1R0FBQZ,1,6,context,1,action_nonfollows,action_nonfollows_context,under,above,The ball is BLANK the box. Ali pushes the ball forward. The ball is under the box.,11b9c7f0-ecb6-5489-b941-2a3815cb66ce,base
A2LEBJWW395FST,1,6,context,0,action_nonfollows,action_nonfollows_context,under,above,The ball is BLANK the box. Ali pushes the ball forward. The ball is under the box.,11b9c7f0-ecb6-5489-b941-2a3815cb66ce,base
A34MAKOTLQSWZS,1,6,context,1,action_nonfollows,action_nonfollows_context,under,above,The ball is BLANK the box. Ali pushes the ball forward. The ball is under the box.,11b9c7f0-ecb6-5489-b941-2a3815cb66ce,base
A3F51C49T9A34D,1,6,context,0,action_nonfollows,action_nonfollows_context,under,above,The ball is BLANK the box. Ali pushes the ball forward. The ball is under the box.,11b9c7f0-ecb6-5489-b941-2a3815cb66ce,base
A3V8OF4CZJJDJ1,1,6,context,0,action_nonfollows,action_nonfollows_context,under,above,The ball is BLANK the box. Ali pushes the ball forward. The ball is under the box.,11b9c7f0-ecb6-5489-b941-2a3815cb66ce,base
A3VL1CBZ3BGQK7,1,6,context,1,action_nonfollows,action_nonfollows_context,under,above,The ball is BLANK the box. Ali pushes the ball forward. The ball is under the box.,11b9c7f0-ecb6-5489-b941-2a3815cb66ce,base
A9LYIVFG3ZU4Z,1,6,context,0,action_nonfollows,action_nonfollows_context,under,above,The ball is BLANK the box. Ali pushes the ball forward. The ball is under the box.,11b9c7f0-ecb6-5489-b941-2a3815cb66ce,base
AK35CJJEYFVYK,1,6,context,1,action_nonfollows,action_nonfollows_context,under,above,The ball is BLANK the box. Ali pushes the ball forward. The ball is under the box.,11b9c7f0-ecb6-5489-b941-2a3815cb66ce,base
A18WSAKX5YN2FB,1,6,context,1,action_nonfollows,action_nonfollows_context,under,above,The ball is BLANK the box. The ball moves right. The ball is lower than the box.,f7886140-c3a9-5bb0-9dc4-99612c3e3180,base
A19L8SNH73AX1Z,1,6,context,1,action_nonfollows,action_nonfollows_context,under,above,The ball is BLANK the box. The ball moves right. The ball is lower than the box.,f7886140-c3a9-5bb0-9dc4-99612c3e3180,base
A1BWS5AD2T4NIR,1,6,context,1,action_nonfollows,action_nonfollows_context,under,above,The ball is BLANK the box. The ball moves right. The ball is lower than the box.,f7886140-c3a9-5bb0-9dc4-99612c3e3180,base
A1DUPOUC9RNU4L,1,6,context,0,action_nonfollows,action_nonfollows_context,under,above,The ball is BLANK the box. The ball moves right. The ball is lower than the box.,f7886140-c3a9-5bb0-9dc4-99612c3e3180,base
A1JM5XNB4NCZR6,1,6,context,1,action_nonfollows,action_nonfollows_context,under,above,The ball is BLANK the box. The ball moves right. The ball is lower than the box.,f7886140-c3a9-5bb0-9dc4-99612c3e3180,base
A1RW5HAF955GTZ,1,6,context,1,action_nonfollows,action_nonfollows_context,under,above,The ball is BLANK the box. The ball moves right. The ball is lower than the box.,f7886140-c3a9-5bb0-9dc4-99612c3e3180,base
A255RBA8P0K0XV,1,6,context,0,action_nonfollows,action_nonfollows_context,under,above,The ball is BLANK the box. The ball moves right. The ball is lower than the box.,f7886140-c3a9-5bb0-9dc4-99612c3e3180,base
A28IHC0VW61IPB,1,6,context,1,action_nonfollows,action_nonfollows_context,under,above,The ball is BLANK the box. The ball moves right. The ball is lower than the box.,f7886140-c3a9-5bb0-9dc4-99612c3e3180,base
A2JO89Y1R0FBQZ,1,6,context,1,action_nonfollows,action_nonfollows_context,under,above,The ball is BLANK the box. The ball moves right. The ball is lower than the box.,f7886140-c3a9-5bb0-9dc4-99612c3e3180,base
A2LEBJWW395FST,1,6,context,1,action_nonfollows,action_nonfollows_context,under,above,The ball is BLANK the box. The ball moves right. The ball is lower than the box.,f7886140-c3a9-5bb0-9dc4-99612c3e3180,base
A34MAKOTLQSWZS,1,6,context,1,action_nonfollows,action_nonfollows_context,under,above,The ball is BLANK the box. The ball moves right. The ball is lower than the box.,f7886140-c3a9-5bb0-9dc4-99612c3e3180,base
A3F51C49T9A34D,1,6,context,0,action_nonfollows,action_nonfollows_context,under,above,The ball is BLANK the box. The ball moves right. The ball is lower than the box.,f7886140-c3a9-5bb0-9dc4-99612c3e3180,base
A3V8OF4CZJJDJ1,1,6,context,0,action_nonfollows,action_nonfollows_context,under,above,The ball is BLANK the box. The ball moves right. The ball is lower than the box.,f7886140-c3a9-5bb0-9dc4-99612c3e3180,base
A3VL1CBZ3BGQK7,1,6,context,1,action_nonfollows,action_nonfollows_context,under,above,The ball is BLANK the box. The ball moves right. The ball is lower than the box.,f7886140-c3a9-5bb0-9dc4-99612c3e3180,base
A9LYIVFG3ZU4Z,1,6,context,0,action_nonfollows,action_nonfollows_context,under,above,The ball is BLANK the box. The ball moves right. The ball is lower than the box.,f7886140-c3a9-5bb0-9dc4-99612c3e3180,base
AK35CJJEYFVYK,1,6,context,1,action_nonfollows,action_nonfollows_context,under,above,The ball is BLANK the box. The ball moves right. The ball is lower than the box.,f7886140-c3a9-5bb0-9dc4-99612c3e3180,base
A18WSAKX5YN2FB,1,6,context,1,action_follows,action_follows_context,book,table,The book is on the table. Ali moves the BLANK. The table doesn't move.,a1803c80-338b-5479-a66a-18c90d223a6d,base
A19L8SNH73AX1Z,1,6,context,1,action_follows,action_follows_context,book,table,The book is on the table. Ali moves the BLANK. The table doesn't move.,a1803c80-338b-5479-a66a-18c90d223a6d,base
A1BWS5AD2T4NIR,1,6,context,1,action_follows,action_follows_context,book,table,The book is on the table. Ali moves the BLANK. The table doesn't move.,a1803c80-338b-5479-a66a-18c90d223a6d,base
A1DUPOUC9RNU4L,1,6,context,1,action_follows,action_follows_context,book,table,The book is on the table. Ali moves the BLANK. The table doesn't move.,a1803c80-338b-5479-a66a-18c90d223a6d,base
A1JM5XNB4NCZR6,1,6,context,1,action_follows,action_follows_context,book,table,The book is on the table. Ali moves the BLANK. The table doesn't move.,a1803c80-338b-5479-a66a-18c90d223a6d,base
A1RW5HAF955GTZ,1,6,context,1,action_follows,action_follows_context,book,table,The book is on the table. Ali moves the BLANK. The table doesn't move.,a1803c80-338b-5479-a66a-18c90d223a6d,base
A255RBA8P0K0XV,1,6,context,0,action_follows,action_follows_context,book,table,The book is on the table. Ali moves the BLANK. The table doesn't move.,a1803c80-338b-5479-a66a-18c90d223a6d,base
A28IHC0VW61IPB,1,6,context,1,action_follows,action_follows_context,book,table,The book is on the table. Ali moves the BLANK. The table doesn't move.,a1803c80-338b-5479-a66a-18c90d223a6d,base
A2JO89Y1R0FBQZ,1,6,context,1,action_follows,action_follows_context,book,table,The book is on the table. Ali moves the BLANK. The table doesn't move.,a1803c80-338b-5479-a66a-18c90d223a6d,base
A2LEBJWW395FST,1,6,context,1,action_follows,action_follows_context,book,table,The book is on the table. Ali moves the BLANK. The table doesn't move.,a1803c80-338b-5479-a66a-18c90d223a6d,base
A34MAKOTLQSWZS,1,6,context,1,action_follows,action_follows_context,book,table,The book is on the table. Ali moves the BLANK. The table doesn't move.,a1803c80-338b-5479-a66a-18c90d223a6d,base
A3F51C49T9A34D,1,6,context,1,action_follows,action_follows_context,book,table,The book is on the table. Ali moves the BLANK. The table doesn't move.,a1803c80-338b-5479-a66a-18c90d223a6d,base
A3V8OF4CZJJDJ1,1,6,context,1,action_follows,action_follows_context,book,table,The book is on the table. Ali moves the BLANK. The table doesn't move.,a1803c80-338b-5479-a66a-18c90d223a6d,base
A3VL1CBZ3BGQK7,1,6,context,1,action_follows,action_follows_context,book,table,The book is on the table. Ali moves the BLANK. The table doesn't move.,a1803c80-338b-5479-a66a-18c90d223a6d,base
A9LYIVFG3ZU4Z,1,6,context,1,action_follows,action_follows_context,book,table,The book is on the table. Ali moves the BLANK. The table doesn't move.,a1803c80-338b-5479-a66a-18c90d223a6d,base
AK35CJJEYFVYK,1,6,context,1,action_follows,action_follows_context,book,table,The book is on the table. Ali moves the BLANK. The table doesn't move.,a1803c80-338b-5479-a66a-18c90d223a6d,base
A18WSAKX5YN2FB,1,6,context,1,geocentric_near,geocentric_near_context,South of,North of,The box is BLANK Ali. Ali turns around. The box is South of Ali.,c571fc7a-710d-59d5-a140-4564ef29503a,base
A19L8SNH73AX1Z,1,6,context,0,geocentric_near,geocentric_near_context,South of,North of,The box is BLANK Ali. Ali turns around. The box is South of Ali.,c571fc7a-710d-59d5-a140-4564ef29503a,base
A1BWS5AD2T4NIR,1,6,context,0,geocentric_near,geocentric_near_context,South of,North of,The box is BLANK Ali. Ali turns around. The box is South of Ali.,c571fc7a-710d-59d5-a140-4564ef29503a,base
A1DUPOUC9RNU4L,1,6,context,0,geocentric_near,geocentric_near_context,South of,North of,The box is BLANK Ali. Ali turns around. The box is South of Ali.,c571fc7a-710d-59d5-a140-4564ef29503a,base
A1JM5XNB4NCZR6,1,6,context,1,geocentric_near,geocentric_near_context,South of,North of,The box is BLANK Ali. Ali turns around. The box is South of Ali.,c571fc7a-710d-59d5-a140-4564ef29503a,base
A1RW5HAF955GTZ,1,6,context,0,geocentric_near,geocentric_near_context,South of,North of,The box is BLANK Ali. Ali turns around. The box is South of Ali.,c571fc7a-710d-59d5-a140-4564ef29503a,base
A255RBA8P0K0XV,1,6,context,0,geocentric_near,geocentric_near_context,South of,North of,The box is BLANK Ali. Ali turns around. The box is South of Ali.,c571fc7a-710d-59d5-a140-4564ef29503a,base
A28IHC0VW61IPB,1,6,context,1,geocentric_near,geocentric_near_context,South of,North of,The box is BLANK Ali. Ali turns around. The box is South of Ali.,c571fc7a-710d-59d5-a140-4564ef29503a,base
A2JO89Y1R0FBQZ,1,6,context,0,geocentric_near,geocentric_near_context,South of,North of,The box is BLANK Ali. Ali turns around. The box is South of Ali.,c571fc7a-710d-59d5-a140-4564ef29503a,base
A2LEBJWW395FST,1,6,context,0,geocentric_near,geocentric_near_context,South of,North of,The box is BLANK Ali. Ali turns around. The box is South of Ali.,c571fc7a-710d-59d5-a140-4564ef29503a,base
A34MAKOTLQSWZS,1,6,context,0,geocentric_near,geocentric_near_context,South of,North of,The box is BLANK Ali. Ali turns around. The box is South of Ali.,c571fc7a-710d-59d5-a140-4564ef29503a,base
A3F51C49T9A34D,1,6,context,0,geocentric_near,geocentric_near_context,South of,North of,The box is BLANK Ali. Ali turns around. The box is South of Ali.,c571fc7a-710d-59d5-a140-4564ef29503a,base
A3V8OF4CZJJDJ1,1,6,context,1,geocentric_near,geocentric_near_context,South of,North of,The box is BLANK Ali. Ali turns around. The box is South of Ali.,c571fc7a-710d-59d5-a140-4564ef29503a,base
A3VL1CBZ3BGQK7,1,6,context,0,geocentric_near,geocentric_near_context,South of,North of,The box is BLANK Ali. Ali turns around. The box is South of Ali.,c571fc7a-710d-59d5-a140-4564ef29503a,base
A9LYIVFG3ZU4Z,1,6,context,1,geocentric_near,geocentric_near_context,South of,North of,The box is BLANK Ali. Ali turns around. The box is South of Ali.,c571fc7a-710d-59d5-a140-4564ef29503a,base
AK35CJJEYFVYK,1,6,context,0,geocentric_near,geocentric_near_context,South of,North of,The box is BLANK Ali. Ali turns around. The box is South of Ali.,c571fc7a-710d-59d5-a140-4564ef29503a,base
A18WSAKX5YN2FB,1,6,context,1,action_nonfollows,action_nonfollows_context,above,below,The box is BLANK the tunnel. Ali goes under the tunnel. The box is above the tunnel.,587bafeb-00a9-56db-bf64-da653efe8ca6,base
A19L8SNH73AX1Z,1,6,context,1,action_nonfollows,action_nonfollows_context,above,below,The box is BLANK the tunnel. Ali goes under the tunnel. The box is above the tunnel.,587bafeb-00a9-56db-bf64-da653efe8ca6,base
A1BWS5AD2T4NIR,1,6,context,1,action_nonfollows,action_nonfollows_context,above,below,The box is BLANK the tunnel. Ali goes under the tunnel. The box is above the tunnel.,587bafeb-00a9-56db-bf64-da653efe8ca6,base
A1DUPOUC9RNU4L,1,6,context,1,action_nonfollows,action_nonfollows_context,above,below,The box is BLANK the tunnel. Ali goes under the tunnel. The box is above the tunnel.,587bafeb-00a9-56db-bf64-da653efe8ca6,base
A1JM5XNB4NCZR6,1,6,context,1,action_nonfollows,action_nonfollows_context,above,below,The box is BLANK the tunnel. Ali goes under the tunnel. The box is above the tunnel.,587bafeb-00a9-56db-bf64-da653efe8ca6,base
A1RW5HAF955GTZ,1,6,context,1,action_nonfollows,action_nonfollows_context,above,below,The box is BLANK the tunnel. Ali goes under the tunnel. The box is above the tunnel.,587bafeb-00a9-56db-bf64-da653efe8ca6,base
A255RBA8P0K0XV,1,6,context,1,action_nonfollows,action_nonfollows_context,above,below,The box is BLANK the tunnel. Ali goes under the tunnel. The box is above the tunnel.,587bafeb-00a9-56db-bf64-da653efe8ca6,base
A28IHC0VW61IPB,1,6,context,0,action_nonfollows,action_nonfollows_context,above,below,The box is BLANK the tunnel. Ali goes under the tunnel. The box is above the tunnel.,587bafeb-00a9-56db-bf64-da653efe8ca6,base
A2JO89Y1R0FBQZ,1,6,context,1,action_nonfollows,action_nonfollows_context,above,below,The box is BLANK the tunnel. Ali goes under the tunnel. The box is above the tunnel.,587bafeb-00a9-56db-bf64-da653efe8ca6,base
A2LEBJWW395FST,1,6,context,1,action_nonfollows,action_nonfollows_context,above,below,The box is BLANK the tunnel. Ali goes under the tunnel. The box is above the tunnel.,587bafeb-00a9-56db-bf64-da653efe8ca6,base
A34MAKOTLQSWZS,1,6,context,1,action_nonfollows,action_nonfollows_context,above,below,The box is BLANK the tunnel. Ali goes under the tunnel. The box is above the tunnel.,587bafeb-00a9-56db-bf64-da653efe8ca6,base
A3F51C49T9A34D,1,6,context,1,action_nonfollows,action_nonfollows_context,above,below,The box is BLANK the tunnel. Ali goes under the tunnel. The box is above the tunnel.,587bafeb-00a9-56db-bf64-da653efe8ca6,base
A3V8OF4CZJJDJ1,1,6,context,1,action_nonfollows,action_nonfollows_context,above,below,The box is BLANK the tunnel. Ali goes under the tunnel. The box is above the tunnel.,587bafeb-00a9-56db-bf64-da653efe8ca6,base
A3VL1CBZ3BGQK7,1,6,context,1,action_nonfollows,action_nonfollows_context,above,below,The box is BLANK the tunnel. Ali goes under the tunnel. The box is above the tunnel.,587bafeb-00a9-56db-bf64-da653efe8ca6,base
A9LYIVFG3ZU4Z,1,6,context,1,action_nonfollows,action_nonfollows_context,above,below,The box is BLANK the tunnel. Ali goes under the tunnel. The box is above the tunnel.,587bafeb-00a9-56db-bf64-da653efe8ca6,base
AK35CJJEYFVYK,1,6,context,1,action_nonfollows,action_nonfollows_context,above,below,The box is BLANK the tunnel. Ali goes under the tunnel. The box is above the tunnel.,587bafeb-00a9-56db-bf64-da653efe8ca6,base
A18WSAKX5YN2FB,1,6,context,1,action_follows,action_follows_context,bowling ball,tennis ball,The box is floating in the water. Ali puts a BLANK in the box. The box sinks.,144eefab-11b5-557c-a5a5-16f2607c414a,base
A19L8SNH73AX1Z,1,6,context,1,action_follows,action_follows_context,bowling ball,tennis ball,The box is floating in the water. Ali puts a BLANK in the box. The box sinks.,144eefab-11b5-557c-a5a5-16f2607c414a,base
A1BWS5AD2T4NIR,1,6,context,1,action_follows,action_follows_context,bowling ball,tennis ball,The box is floating in the water. Ali puts a BLANK in the box. The box sinks.,144eefab-11b5-557c-a5a5-16f2607c414a,base
A1DUPOUC9RNU4L,1,6,context,1,action_follows,action_follows_context,bowling ball,tennis ball,The box is floating in the water. Ali puts a BLANK in the box. The box sinks.,144eefab-11b5-557c-a5a5-16f2607c414a,base
A1JM5XNB4NCZR6,1,6,context,1,action_follows,action_follows_context,bowling ball,tennis ball,The box is floating in the water. Ali puts a BLANK in the box. The box sinks.,144eefab-11b5-557c-a5a5-16f2607c414a,base
A1RW5HAF955GTZ,1,6,context,1,action_follows,action_follows_context,bowling ball,tennis ball,The box is floating in the water. Ali puts a BLANK in the box. The box sinks.,144eefab-11b5-557c-a5a5-16f2607c414a,base
A255RBA8P0K0XV,1,6,context,1,action_follows,action_follows_context,bowling ball,tennis ball,The box is floating in the water. Ali puts a BLANK in the box. The box sinks.,144eefab-11b5-557c-a5a5-16f2607c414a,base
A28IHC0VW61IPB,1,6,context,1,action_follows,action_follows_context,bowling ball,tennis ball,The box is floating in the water. Ali puts a BLANK in the box. The box sinks.,144eefab-11b5-557c-a5a5-16f2607c414a,base
A2JO89Y1R0FBQZ,1,6,context,1,action_follows,action_follows_context,bowling ball,tennis ball,The box is floating in the water. Ali puts a BLANK in the box. The box sinks.,144eefab-11b5-557c-a5a5-16f2607c414a,base
A2LEBJWW395FST,1,6,context,1,action_follows,action_follows_context,bowling ball,tennis ball,The box is floating in the water. Ali puts a BLANK in the box. The box sinks.,144eefab-11b5-557c-a5a5-16f2607c414a,base
A34MAKOTLQSWZS,1,6,context,1,action_follows,action_follows_context,bowling ball,tennis ball,The box is floating in the water. Ali puts a BLANK in the box. The box sinks.,144eefab-11b5-557c-a5a5-16f2607c414a,base
A3F51C49T9A34D,1,6,context,1,action_follows,action_follows_context,bowling ball,tennis ball,The box is floating in the water. Ali puts a BLANK in the box. The box sinks.,144eefab-11b5-557c-a5a5-16f2607c414a,base
A3V8OF4CZJJDJ1,1,6,context,1,action_follows,action_follows_context,bowling ball,tennis ball,The box is floating in the water. Ali puts a BLANK in the box. The box sinks.,144eefab-11b5-557c-a5a5-16f2607c414a,base
A3VL1CBZ3BGQK7,1,6,context,1,action_follows,action_follows_context,bowling ball,tennis ball,The box is floating in the water. Ali puts a BLANK in the box. The box sinks.,144eefab-11b5-557c-a5a5-16f2607c414a,base
A9LYIVFG3ZU4Z,1,6,context,0,action_follows,action_follows_context,bowling ball,tennis ball,The box is floating in the water. Ali puts a BLANK in the box. The box sinks.,144eefab-11b5-557c-a5a5-16f2607c414a,base
AK35CJJEYFVYK,1,6,context,1,action_follows,action_follows_context,bowling ball,tennis ball,The box is floating in the water. Ali puts a BLANK in the box. The box sinks.,144eefab-11b5-557c-a5a5-16f2607c414a,base
A18WSAKX5YN2FB,1,6,context,1,action_nonfollows,action_nonfollows_context,box,bin,The box is in the bin. Ali moves the BLANK. The bin doesn't move.,c9249c05-fcf4-534e-b262-39f985dfbd33,base
A19L8SNH73AX1Z,1,6,context,1,action_nonfollows,action_nonfollows_context,box,bin,The box is in the bin. Ali moves the BLANK. The bin doesn't move.,c9249c05-fcf4-534e-b262-39f985dfbd33,base
A1BWS5AD2T4NIR,1,6,context,1,action_nonfollows,action_nonfollows_context,box,bin,The box is in the bin. Ali moves the BLANK. The bin doesn't move.,c9249c05-fcf4-534e-b262-39f985dfbd33,base
A1DUPOUC9RNU4L,1,6,context,1,action_nonfollows,action_nonfollows_context,box,bin,The box is in the bin. Ali moves the BLANK. The bin doesn't move.,c9249c05-fcf4-534e-b262-39f985dfbd33,base
A1JM5XNB4NCZR6,1,6,context,1,action_nonfollows,action_nonfollows_context,box,bin,The box is in the bin. Ali moves the BLANK. The bin doesn't move.,c9249c05-fcf4-534e-b262-39f985dfbd33,base
A1RW5HAF955GTZ,1,6,context,1,action_nonfollows,action_nonfollows_context,box,bin,The box is in the bin. Ali moves the BLANK. The bin doesn't move.,c9249c05-fcf4-534e-b262-39f985dfbd33,base
A255RBA8P0K0XV,1,6,context,1,action_nonfollows,action_nonfollows_context,box,bin,The box is in the bin. Ali moves the BLANK. The bin doesn't move.,c9249c05-fcf4-534e-b262-39f985dfbd33,base
A28IHC0VW61IPB,1,6,context,1,action_nonfollows,action_nonfollows_context,box,bin,The box is in the bin. Ali moves the BLANK. The bin doesn't move.,c9249c05-fcf4-534e-b262-39f985dfbd33,base
A2JO89Y1R0FBQZ,1,6,context,1,action_nonfollows,action_nonfollows_context,box,bin,The box is in the bin. Ali moves the BLANK. The bin doesn't move.,c9249c05-fcf4-534e-b262-39f985dfbd33,base
A2LEBJWW395FST,1,6,context,1,action_nonfollows,action_nonfollows_context,box,bin,The box is in the bin. Ali moves the BLANK. The bin doesn't move.,c9249c05-fcf4-534e-b262-39f985dfbd33,base
A34MAKOTLQSWZS,1,6,context,1,action_nonfollows,action_nonfollows_context,box,bin,The box is in the bin. Ali moves the BLANK. The bin doesn't move.,c9249c05-fcf4-534e-b262-39f985dfbd33,base
A3F51C49T9A34D,1,6,context,0,action_nonfollows,action_nonfollows_context,box,bin,The box is in the bin. Ali moves the BLANK. The bin doesn't move.,c9249c05-fcf4-534e-b262-39f985dfbd33,base
A3V8OF4CZJJDJ1,1,6,context,0,action_nonfollows,action_nonfollows_context,box,bin,The box is in the bin. Ali moves the BLANK. The bin doesn't move.,c9249c05-fcf4-534e-b262-39f985dfbd33,base
A3VL1CBZ3BGQK7,1,6,context,1,action_nonfollows,action_nonfollows_context,box,bin,The box is in the bin. Ali moves the BLANK. The bin doesn't move.,c9249c05-fcf4-534e-b262-39f985dfbd33,base
A9LYIVFG3ZU4Z,1,6,context,1,action_nonfollows,action_nonfollows_context,box,bin,The box is in the bin. Ali moves the BLANK. The bin doesn't move.,c9249c05-fcf4-534e-b262-39f985dfbd33,base
AK35CJJEYFVYK,1,6,context,1,action_nonfollows,action_nonfollows_context,box,bin,The box is in the bin. Ali moves the BLANK. The bin doesn't move.,c9249c05-fcf4-534e-b262-39f985dfbd33,base
A18WSAKX5YN2FB,1,6,context,1,relative_pos,relative_pos_context,ball inside the box,box inside the ball,The box is next to the ball. Ali puts the BLANK. The ball is touching the box.,317b178a-dbfc-5524-9fa4-aed04657fa5a,base
A19L8SNH73AX1Z,1,6,context,1,relative_pos,relative_pos_context,ball inside the box,box inside the ball,The box is next to the ball. Ali puts the BLANK. The ball is touching the box.,317b178a-dbfc-5524-9fa4-aed04657fa5a,base
A1BWS5AD2T4NIR,1,6,context,1,relative_pos,relative_pos_context,ball inside the box,box inside the ball,The box is next to the ball. Ali puts the BLANK. The ball is touching the box.,317b178a-dbfc-5524-9fa4-aed04657fa5a,base
A1DUPOUC9RNU4L,1,6,context,1,relative_pos,relative_pos_context,ball inside the box,box inside the ball,The box is next to the ball. Ali puts the BLANK. The ball is touching the box.,317b178a-dbfc-5524-9fa4-aed04657fa5a,base
A1JM5XNB4NCZR6,1,6,context,1,relative_pos,relative_pos_context,ball inside the box,box inside the ball,The box is next to the ball. Ali puts the BLANK. The ball is touching the box.,317b178a-dbfc-5524-9fa4-aed04657fa5a,base
A1RW5HAF955GTZ,1,6,context,1,relative_pos,relative_pos_context,ball inside the box,box inside the ball,The box is next to the ball. Ali puts the BLANK. The ball is touching the box.,317b178a-dbfc-5524-9fa4-aed04657fa5a,base
A255RBA8P0K0XV,1,6,context,1,relative_pos,relative_pos_context,ball inside the box,box inside the ball,The box is next to the ball. Ali puts the BLANK. The ball is touching the box.,317b178a-dbfc-5524-9fa4-aed04657fa5a,base
A28IHC0VW61IPB,1,6,context,1,relative_pos,relative_pos_context,ball inside the box,box inside the ball,The box is next to the ball. Ali puts the BLANK. The ball is touching the box.,317b178a-dbfc-5524-9fa4-aed04657fa5a,base
A2JO89Y1R0FBQZ,1,6,context,1,relative_pos,relative_pos_context,ball inside the box,box inside the ball,The box is next to the ball. Ali puts the BLANK. The ball is touching the box.,317b178a-dbfc-5524-9fa4-aed04657fa5a,base
A2LEBJWW395FST,1,6,context,1,relative_pos,relative_pos_context,ball inside the box,box inside the ball,The box is next to the ball. Ali puts the BLANK. The ball is touching the box.,317b178a-dbfc-5524-9fa4-aed04657fa5a,base
A34MAKOTLQSWZS,1,6,context,1,relative_pos,relative_pos_context,ball inside the box,box inside the ball,The box is next to the ball. Ali puts the BLANK. The ball is touching the box.,317b178a-dbfc-5524-9fa4-aed04657fa5a,base
A3F51C49T9A34D,1,6,context,1,relative_pos,relative_pos_context,ball inside the box,box inside the ball,The box is next to the ball. Ali puts the BLANK. The ball is touching the box.,317b178a-dbfc-5524-9fa4-aed04657fa5a,base
A3V8OF4CZJJDJ1,1,6,context,1,relative_pos,relative_pos_context,ball inside the box,box inside the ball,The box is next to the ball. Ali puts the BLANK. The ball is touching the box.,317b178a-dbfc-5524-9fa4-aed04657fa5a,base
A3VL1CBZ3BGQK7,1,6,context,1,relative_pos,relative_pos_context,ball inside the box,box inside the ball,The box is next to the ball. Ali puts the BLANK. The ball is touching the box.,317b178a-dbfc-5524-9fa4-aed04657fa5a,base
A9LYIVFG3ZU4Z,1,6,context,0,relative_pos,relative_pos_context,ball inside the box,box inside the ball,The box is next to the ball. Ali puts the BLANK. The ball is touching the box.,317b178a-dbfc-5524-9fa4-aed04657fa5a,base
AK35CJJEYFVYK,1,6,context,1,relative_pos,relative_pos_context,ball inside the box,box inside the ball,The box is next to the ball. Ali puts the BLANK. The ball is touching the box.,317b178a-dbfc-5524-9fa4-aed04657fa5a,base
A18WSAKX5YN2FB,1,6,context,1,state_nonfollows,state_nonfollows_context,sink,glass,The empty glass is on the table. Ali fills the BLANK halfway. The glass is dry.,19257184-707f-5809-ae07-f015d47b973f,base
A19L8SNH73AX1Z,1,6,context,1,state_nonfollows,state_nonfollows_context,sink,glass,The empty glass is on the table. Ali fills the BLANK halfway. The glass is dry.,19257184-707f-5809-ae07-f015d47b973f,base
A1BWS5AD2T4NIR,1,6,context,1,state_nonfollows,state_nonfollows_context,sink,glass,The empty glass is on the table. Ali fills the BLANK halfway. The glass is dry.,19257184-707f-5809-ae07-f015d47b973f,base
A1DUPOUC9RNU4L,1,6,context,1,state_nonfollows,state_nonfollows_context,sink,glass,The empty glass is on the table. Ali fills the BLANK halfway. The glass is dry.,19257184-707f-5809-ae07-f015d47b973f,base
A1JM5XNB4NCZR6,1,6,context,1,state_nonfollows,state_nonfollows_context,sink,glass,The empty glass is on the table. Ali fills the BLANK halfway. The glass is dry.,19257184-707f-5809-ae07-f015d47b973f,base
A1RW5HAF955GTZ,1,6,context,1,state_nonfollows,state_nonfollows_context,sink,glass,The empty glass is on the table. Ali fills the BLANK halfway. The glass is dry.,19257184-707f-5809-ae07-f015d47b973f,base
A255RBA8P0K0XV,1,6,context,0,state_nonfollows,state_nonfollows_context,sink,glass,The empty glass is on the table. Ali fills the BLANK halfway. The glass is dry.,19257184-707f-5809-ae07-f015d47b973f,base
A28IHC0VW61IPB,1,6,context,0,state_nonfollows,state_nonfollows_context,sink,glass,The empty glass is on the table. Ali fills the BLANK halfway. The glass is dry.,19257184-707f-5809-ae07-f015d47b973f,base
A2JO89Y1R0FBQZ,1,6,context,1,state_nonfollows,state_nonfollows_context,sink,glass,The empty glass is on the table. Ali fills the BLANK halfway. The glass is dry.,19257184-707f-5809-ae07-f015d47b973f,base
A2LEBJWW395FST,1,6,context,1,state_nonfollows,state_nonfollows_context,sink,glass,The empty glass is on the table. Ali fills the BLANK halfway. The glass is dry.,19257184-707f-5809-ae07-f015d47b973f,base
A34MAKOTLQSWZS,1,6,context,1,state_nonfollows,state_nonfollows_context,sink,glass,The empty glass is on the table. Ali fills the BLANK halfway. The glass is dry.,19257184-707f-5809-ae07-f015d47b973f,base
A3F51C49T9A34D,1,6,context,1,state_nonfollows,state_nonfollows_context,sink,glass,The empty glass is on the table. Ali fills the BLANK halfway. The glass is dry.,19257184-707f-5809-ae07-f015d47b973f,base
A3V8OF4CZJJDJ1,1,6,context,0,state_nonfollows,state_nonfollows_context,sink,glass,The empty glass is on the table. Ali fills the BLANK halfway. The glass is dry.,19257184-707f-5809-ae07-f015d47b973f,base
A3VL1CBZ3BGQK7,1,6,context,1,state_nonfollows,state_nonfollows_context,sink,glass,The empty glass is on the table. Ali fills the BLANK halfway. The glass is dry.,19257184-707f-5809-ae07-f015d47b973f,base
A9LYIVFG3ZU4Z,1,6,context,0,state_nonfollows,state_nonfollows_context,sink,glass,The empty glass is on the table. Ali fills the BLANK halfway. The glass is dry.,19257184-707f-5809-ae07-f015d47b973f,base
AK35CJJEYFVYK,1,6,context,0,state_nonfollows,state_nonfollows_context,sink,glass,The empty glass is on the table. Ali fills the BLANK halfway. The glass is dry.,19257184-707f-5809-ae07-f015d47b973f,base
A18WSAKX5YN2FB,1,6,context,1,relative_pos,relative_pos_context,bumps the glass,doesn't bump the glass,The glass is on the table. Ali BLANK. The glass is below the table.,c1f3013c-56fe-517d-9cf2-d8ca6c54c35f,base
A19L8SNH73AX1Z,1,6,context,1,relative_pos,relative_pos_context,bumps the glass,doesn't bump the glass,The glass is on the table. Ali BLANK. The glass is below the table.,c1f3013c-56fe-517d-9cf2-d8ca6c54c35f,base
A1BWS5AD2T4NIR,1,6,context,1,relative_pos,relative_pos_context,bumps the glass,doesn't bump the glass,The glass is on the table. Ali BLANK. The glass is below the table.,c1f3013c-56fe-517d-9cf2-d8ca6c54c35f,base
A1DUPOUC9RNU4L,1,6,context,1,relative_pos,relative_pos_context,bumps the glass,doesn't bump the glass,The glass is on the table. Ali BLANK. The glass is below the table.,c1f3013c-56fe-517d-9cf2-d8ca6c54c35f,base
A1JM5XNB4NCZR6,1,6,context,1,relative_pos,relative_pos_context,bumps the glass,doesn't bump the glass,The glass is on the table. Ali BLANK. The glass is below the table.,c1f3013c-56fe-517d-9cf2-d8ca6c54c35f,base
A1RW5HAF955GTZ,1,6,context,1,relative_pos,relative_pos_context,bumps the glass,doesn't bump the glass,The glass is on the table. Ali BLANK. The glass is below the table.,c1f3013c-56fe-517d-9cf2-d8ca6c54c35f,base
A255RBA8P0K0XV,1,6,context,0,relative_pos,relative_pos_context,bumps the glass,doesn't bump the glass,The glass is on the table. Ali BLANK. The glass is below the table.,c1f3013c-56fe-517d-9cf2-d8ca6c54c35f,base
A28IHC0VW61IPB,1,6,context,1,relative_pos,relative_pos_context,bumps the glass,doesn't bump the glass,The glass is on the table. Ali BLANK. The glass is below the table.,c1f3013c-56fe-517d-9cf2-d8ca6c54c35f,base
A2JO89Y1R0FBQZ,1,6,context,1,relative_pos,relative_pos_context,bumps the glass,doesn't bump the glass,The glass is on the table. Ali BLANK. The glass is below the table.,c1f3013c-56fe-517d-9cf2-d8ca6c54c35f,base
A2LEBJWW395FST,1,6,context,1,relative_pos,relative_pos_context,bumps the glass,doesn't bump the glass,The glass is on the table. Ali BLANK. The glass is below the table.,c1f3013c-56fe-517d-9cf2-d8ca6c54c35f,base
A34MAKOTLQSWZS,1,6,context,1,relative_pos,relative_pos_context,bumps the glass,doesn't bump the glass,The glass is on the table. Ali BLANK. The glass is below the table.,c1f3013c-56fe-517d-9cf2-d8ca6c54c35f,base
A3F51C49T9A34D,1,6,context,1,relative_pos,relative_pos_context,bumps the glass,doesn't bump the glass,The glass is on the table. Ali BLANK. The glass is below the table.,c1f3013c-56fe-517d-9cf2-d8ca6c54c35f,base
A3V8OF4CZJJDJ1,1,6,context,1,relative_pos,relative_pos_context,bumps the glass,doesn't bump the glass,The glass is on the table. Ali BLANK. The glass is below the table.,c1f3013c-56fe-517d-9cf2-d8ca6c54c35f,base
A3VL1CBZ3BGQK7,1,6,context,1,relative_pos,relative_pos_context,bumps the glass,doesn't bump the glass,The glass is on the table. Ali BLANK. The glass is below the table.,c1f3013c-56fe-517d-9cf2-d8ca6c54c35f,base
A9LYIVFG3ZU4Z,1,6,context,1,relative_pos,relative_pos_context,bumps the glass,doesn't bump the glass,The glass is on the table. Ali BLANK. The glass is below the table.,c1f3013c-56fe-517d-9cf2-d8ca6c54c35f,base
AK35CJJEYFVYK,1,6,context,1,relative_pos,relative_pos_context,bumps the glass,doesn't bump the glass,The glass is on the table. Ali BLANK. The glass is below the table.,c1f3013c-56fe-517d-9cf2-d8ca6c54c35f,base
A18WSAKX5YN2FB,1,6,context,1,state_nonfollows,state_nonfollows_context,snow,frying pan,The icecube is in the freezer. Ali puts the icecube in the BLANK. The icecube doesn't melt.,3e2c421a-cb66-5ac5-aee3-8d325d7b7eb6,base
A19L8SNH73AX1Z,1,6,context,1,state_nonfollows,state_nonfollows_context,snow,frying pan,The icecube is in the freezer. Ali puts the icecube in the BLANK. The icecube doesn't melt.,3e2c421a-cb66-5ac5-aee3-8d325d7b7eb6,base
A1BWS5AD2T4NIR,1,6,context,1,state_nonfollows,state_nonfollows_context,snow,frying pan,The icecube is in the freezer. Ali puts the icecube in the BLANK. The icecube doesn't melt.,3e2c421a-cb66-5ac5-aee3-8d325d7b7eb6,base
A1DUPOUC9RNU4L,1,6,context,1,state_nonfollows,state_nonfollows_context,snow,frying pan,The icecube is in the freezer. Ali puts the icecube in the BLANK. The icecube doesn't melt.,3e2c421a-cb66-5ac5-aee3-8d325d7b7eb6,base
A1JM5XNB4NCZR6,1,6,context,1,state_nonfollows,state_nonfollows_context,snow,frying pan,The icecube is in the freezer. Ali puts the icecube in the BLANK. The icecube doesn't melt.,3e2c421a-cb66-5ac5-aee3-8d325d7b7eb6,base
A1RW5HAF955GTZ,1,6,context,1,state_nonfollows,state_nonfollows_context,snow,frying pan,The icecube is in the freezer. Ali puts the icecube in the BLANK. The icecube doesn't melt.,3e2c421a-cb66-5ac5-aee3-8d325d7b7eb6,base
A255RBA8P0K0XV,1,6,context,1,state_nonfollows,state_nonfollows_context,snow,frying pan,The icecube is in the freezer. Ali puts the icecube in the BLANK. The icecube doesn't melt.,3e2c421a-cb66-5ac5-aee3-8d325d7b7eb6,base
A28IHC0VW61IPB,1,6,context,1,state_nonfollows,state_nonfollows_context,snow,frying pan,The icecube is in the freezer. Ali puts the icecube in the BLANK. The icecube doesn't melt.,3e2c421a-cb66-5ac5-aee3-8d325d7b7eb6,base
A2JO89Y1R0FBQZ,1,6,context,1,state_nonfollows,state_nonfollows_context,snow,frying pan,The icecube is in the freezer. Ali puts the icecube in the BLANK. The icecube doesn't melt.,3e2c421a-cb66-5ac5-aee3-8d325d7b7eb6,base
A2LEBJWW395FST,1,6,context,1,state_nonfollows,state_nonfollows_context,snow,frying pan,The icecube is in the freezer. Ali puts the icecube in the BLANK. The icecube doesn't melt.,3e2c421a-cb66-5ac5-aee3-8d325d7b7eb6,base
A34MAKOTLQSWZS,1,6,context,1,state_nonfollows,state_nonfollows_context,snow,frying pan,The icecube is in the freezer. Ali puts the icecube in the BLANK. The icecube doesn't melt.,3e2c421a-cb66-5ac5-aee3-8d325d7b7eb6,base
A3F51C49T9A34D,1,6,context,1,state_nonfollows,state_nonfollows_context,snow,frying pan,The icecube is in the freezer. Ali puts the icecube in the BLANK. The icecube doesn't melt.,3e2c421a-cb66-5ac5-aee3-8d325d7b7eb6,base
A3V8OF4CZJJDJ1,1,6,context,1,state_nonfollows,state_nonfollows_context,snow,frying pan,The icecube is in the freezer. Ali puts the icecube in the BLANK. The icecube doesn't melt.,3e2c421a-cb66-5ac5-aee3-8d325d7b7eb6,base
A3VL1CBZ3BGQK7,1,6,context,1,state_nonfollows,state_nonfollows_context,snow,frying pan,The icecube is in the freezer. Ali puts the icecube in the BLANK. The icecube doesn't melt.,3e2c421a-cb66-5ac5-aee3-8d325d7b7eb6,base
A9LYIVFG3ZU4Z,1,6,context,0,state_nonfollows,state_nonfollows_context,snow,frying pan,The icecube is in the freezer. Ali puts the icecube in the BLANK. The icecube doesn't melt.,3e2c421a-cb66-5ac5-aee3-8d325d7b7eb6,base
AK35CJJEYFVYK,1,6,context,1,state_nonfollows,state_nonfollows_context,snow,frying pan,The icecube is in the freezer. Ali puts the icecube in the BLANK. The icecube doesn't melt.,3e2c421a-cb66-5ac5-aee3-8d325d7b7eb6,base
A18WSAKX5YN2FB,1,6,context,1,geocentric_near,geocentric_near_context,South of,North of,The painting is BLANK Ali. Ali turns around. The painting is South of Ali.,57cc77e0-a299-5a13-85a3-20664a0f6ef1,base
A19L8SNH73AX1Z,1,6,context,1,geocentric_near,geocentric_near_context,South of,North of,The painting is BLANK Ali. Ali turns around. The painting is South of Ali.,57cc77e0-a299-5a13-85a3-20664a0f6ef1,base
A1BWS5AD2T4NIR,1,6,context,0,geocentric_near,geocentric_near_context,South of,North of,The painting is BLANK Ali. Ali turns around. The painting is South of Ali.,57cc77e0-a299-5a13-85a3-20664a0f6ef1,base
A1DUPOUC9RNU4L,1,6,context,0,geocentric_near,geocentric_near_context,South of,North of,The painting is BLANK Ali. Ali turns around. The painting is South of Ali.,57cc77e0-a299-5a13-85a3-20664a0f6ef1,base
A1JM5XNB4NCZR6,1,6,context,1,geocentric_near,geocentric_near_context,South of,North of,The painting is BLANK Ali. Ali turns around. The painting is South of Ali.,57cc77e0-a299-5a13-85a3-20664a0f6ef1,base
A1RW5HAF955GTZ,1,6,context,0,geocentric_near,geocentric_near_context,South of,North of,The painting is BLANK Ali. Ali turns around. The painting is South of Ali.,57cc77e0-a299-5a13-85a3-20664a0f6ef1,base
A255RBA8P0K0XV,1,6,context,0,geocentric_near,geocentric_near_context,South of,North of,The painting is BLANK Ali. Ali turns around. The painting is South of Ali.,57cc77e0-a299-5a13-85a3-20664a0f6ef1,base
A28IHC0VW61IPB,1,6,context,0,geocentric_near,geocentric_near_context,South of,North of,The painting is BLANK Ali. Ali turns around. The painting is South of Ali.,57cc77e0-a299-5a13-85a3-20664a0f6ef1,base
A2JO89Y1R0FBQZ,1,6,context,1,geocentric_near,geocentric_near_context,South of,North of,The painting is BLANK Ali. Ali turns around. The painting is South of Ali.,57cc77e0-a299-5a13-85a3-20664a0f6ef1,base
A2LEBJWW395FST,1,6,context,0,geocentric_near,geocentric_near_context,South of,North of,The painting is BLANK Ali. Ali turns around. The painting is South of Ali.,57cc77e0-a299-5a13-85a3-20664a0f6ef1,base
A34MAKOTLQSWZS,1,6,context,0,geocentric_near,geocentric_near_context,South of,North of,The painting is BLANK Ali. Ali turns around. The painting is South of Ali.,57cc77e0-a299-5a13-85a3-20664a0f6ef1,base
A3F51C49T9A34D,1,6,context,0,geocentric_near,geocentric_near_context,South of,North of,The painting is BLANK Ali. Ali turns around. The painting is South of Ali.,57cc77e0-a299-5a13-85a3-20664a0f6ef1,base
A3V8OF4CZJJDJ1,1,6,context,1,geocentric_near,geocentric_near_context,South of,North of,The painting is BLANK Ali. Ali turns around. The painting is South of Ali.,57cc77e0-a299-5a13-85a3-20664a0f6ef1,base
A3VL1CBZ3BGQK7,1,6,context,0,geocentric_near,geocentric_near_context,South of,North of,The painting is BLANK Ali. Ali turns around. The painting is South of Ali.,57cc77e0-a299-5a13-85a3-20664a0f6ef1,base
A9LYIVFG3ZU4Z,1,6,context,0,geocentric_near,geocentric_near_context,South of,North of,The painting is BLANK Ali. Ali turns around. The painting is South of Ali.,57cc77e0-a299-5a13-85a3-20664a0f6ef1,base
AK35CJJEYFVYK,1,6,context,0,geocentric_near,geocentric_near_context,South of,North of,The painting is BLANK Ali. Ali turns around. The painting is South of Ali.,57cc77e0-a299-5a13-85a3-20664a0f6ef1,base
A18WSAKX5YN2FB,1,6,context,1,egocentric_near,egocentric_near_context,behind,in front of,The painting is BLANK Ali. Ali turns around. The painting is in front of Ali.,d2ce6066-a39f-5787-af91-296ba846caee,base
A19L8SNH73AX1Z,1,6,context,1,egocentric_near,egocentric_near_context,behind,in front of,The painting is BLANK Ali. Ali turns around. The painting is in front of Ali.,d2ce6066-a39f-5787-af91-296ba846caee,base
A1BWS5AD2T4NIR,1,6,context,1,egocentric_near,egocentric_near_context,behind,in front of,The painting is BLANK Ali. Ali turns around. The painting is in front of Ali.,d2ce6066-a39f-5787-af91-296ba846caee,base
A1DUPOUC9RNU4L,1,6,context,1,egocentric_near,egocentric_near_context,behind,in front of,The painting is BLANK Ali. Ali turns around. The painting is in front of Ali.,d2ce6066-a39f-5787-af91-296ba846caee,base
A1JM5XNB4NCZR6,1,6,context,1,egocentric_near,egocentric_near_context,behind,in front of,The painting is BLANK Ali. Ali turns around. The painting is in front of Ali.,d2ce6066-a39f-5787-af91-296ba846caee,base
A1RW5HAF955GTZ,1,6,context,1,egocentric_near,egocentric_near_context,behind,in front of,The painting is BLANK Ali. Ali turns around. The painting is in front of Ali.,d2ce6066-a39f-5787-af91-296ba846caee,base
A255RBA8P0K0XV,1,6,context,1,egocentric_near,egocentric_near_context,behind,in front of,The painting is BLANK Ali. Ali turns around. The painting is in front of Ali.,d2ce6066-a39f-5787-af91-296ba846caee,base
A28IHC0VW61IPB,1,6,context,1,egocentric_near,egocentric_near_context,behind,in front of,The painting is BLANK Ali. Ali turns around. The painting is in front of Ali.,d2ce6066-a39f-5787-af91-296ba846caee,base
A2JO89Y1R0FBQZ,1,6,context,1,egocentric_near,egocentric_near_context,behind,in front of,The painting is BLANK Ali. Ali turns around. The painting is in front of Ali.,d2ce6066-a39f-5787-af91-296ba846caee,base
A2LEBJWW395FST,1,6,context,1,egocentric_near,egocentric_near_context,behind,in front of,The painting is BLANK Ali. Ali turns around. The painting is in front of Ali.,d2ce6066-a39f-5787-af91-296ba846caee,base
A34MAKOTLQSWZS,1,6,context,1,egocentric_near,egocentric_near_context,behind,in front of,The painting is BLANK Ali. Ali turns around. The painting is in front of Ali.,d2ce6066-a39f-5787-af91-296ba846caee,base
A3F51C49T9A34D,1,6,context,0,egocentric_near,egocentric_near_context,behind,in front of,The painting is BLANK Ali. Ali turns around. The painting is in front of Ali.,d2ce6066-a39f-5787-af91-296ba846caee,base
A3V8OF4CZJJDJ1,1,6,context,0,egocentric_near,egocentric_near_context,behind,in front of,The painting is BLANK Ali. Ali turns around. The painting is in front of Ali.,d2ce6066-a39f-5787-af91-296ba846caee,base
A3VL1CBZ3BGQK7,1,6,context,1,egocentric_near,egocentric_near_context,behind,in front of,The painting is BLANK Ali. Ali turns around. The painting is in front of Ali.,d2ce6066-a39f-5787-af91-296ba846caee,base
A9LYIVFG3ZU4Z,1,6,context,0,egocentric_near,egocentric_near_context,behind,in front of,The painting is BLANK Ali. Ali turns around. The painting is in front of Ali.,d2ce6066-a39f-5787-af91-296ba846caee,base
AK35CJJEYFVYK,1,6,context,1,egocentric_near,egocentric_near_context,behind,in front of,The painting is BLANK Ali. Ali turns around. The painting is in front of Ali.,d2ce6066-a39f-5787-af91-296ba846caee,base
A18WSAKX5YN2FB,1,6,context,1,geocentric_near,geocentric_near_context,West of,South of,The painting is BLANK Ali. Ali turns left. The painting is West of Ali.,6748370c-52c8-5597-b79f-c9a2e0e485d4,base
A19L8SNH73AX1Z,1,6,context,0,geocentric_near,geocentric_near_context,West of,South of,The painting is BLANK Ali. Ali turns left. The painting is West of Ali.,6748370c-52c8-5597-b79f-c9a2e0e485d4,base
A1BWS5AD2T4NIR,1,6,context,0,geocentric_near,geocentric_near_context,West of,South of,The painting is BLANK Ali. Ali turns left. The painting is West of Ali.,6748370c-52c8-5597-b79f-c9a2e0e485d4,base
A1DUPOUC9RNU4L,1,6,context,0,geocentric_near,geocentric_near_context,West of,South of,The painting is BLANK Ali. Ali turns left. The painting is West of Ali.,6748370c-52c8-5597-b79f-c9a2e0e485d4,base
A1JM5XNB4NCZR6,1,6,context,1,geocentric_near,geocentric_near_context,West of,South of,The painting is BLANK Ali. Ali turns left. The painting is West of Ali.,6748370c-52c8-5597-b79f-c9a2e0e485d4,base
A1RW5HAF955GTZ,1,6,context,0,geocentric_near,geocentric_near_context,West of,South of,The painting is BLANK Ali. Ali turns left. The painting is West of Ali.,6748370c-52c8-5597-b79f-c9a2e0e485d4,base
A255RBA8P0K0XV,1,6,context,1,geocentric_near,geocentric_near_context,West of,South of,The painting is BLANK Ali. Ali turns left. The painting is West of Ali.,6748370c-52c8-5597-b79f-c9a2e0e485d4,base
A28IHC0VW61IPB,1,6,context,0,geocentric_near,geocentric_near_context,West of,South of,The painting is BLANK Ali. Ali turns left. The painting is West of Ali.,6748370c-52c8-5597-b79f-c9a2e0e485d4,base
A2JO89Y1R0FBQZ,1,6,context,0,geocentric_near,geocentric_near_context,West of,South of,The painting is BLANK Ali. Ali turns left. The painting is West of Ali.,6748370c-52c8-5597-b79f-c9a2e0e485d4,base
A2LEBJWW395FST,1,6,context,0,geocentric_near,geocentric_near_context,West of,South of,The painting is BLANK Ali. Ali turns left. The painting is West of Ali.,6748370c-52c8-5597-b79f-c9a2e0e485d4,base
A34MAKOTLQSWZS,1,6,context,0,geocentric_near,geocentric_near_context,West of,South of,The painting is BLANK Ali. Ali turns left. The painting is West of Ali.,6748370c-52c8-5597-b79f-c9a2e0e485d4,base
A3F51C49T9A34D,1,6,context,0,geocentric_near,geocentric_near_context,West of,South of,The painting is BLANK Ali. Ali turns left. The painting is West of Ali.,6748370c-52c8-5597-b79f-c9a2e0e485d4,base
A3V8OF4CZJJDJ1,1,6,context,0,geocentric_near,geocentric_near_context,West of,South of,The painting is BLANK Ali. Ali turns left. The painting is West of Ali.,6748370c-52c8-5597-b79f-c9a2e0e485d4,base
A3VL1CBZ3BGQK7,1,6,context,0,geocentric_near,geocentric_near_context,West of,South of,The painting is BLANK Ali. Ali turns left. The painting is West of Ali.,6748370c-52c8-5597-b79f-c9a2e0e485d4,base
A9LYIVFG3ZU4Z,1,6,context,0,geocentric_near,geocentric_near_context,West of,South of,The painting is BLANK Ali. Ali turns left. The painting is West of Ali.,6748370c-52c8-5597-b79f-c9a2e0e485d4,base
AK35CJJEYFVYK,1,6,context,0,geocentric_near,geocentric_near_context,West of,South of,The painting is BLANK Ali. Ali turns left. The painting is West of Ali.,6748370c-52c8-5597-b79f-c9a2e0e485d4,base
A18WSAKX5YN2FB,1,6,context,1,egocentric_near,egocentric_near_context,behind,in front of,The painting is BLANK Ali. Ali turns left. The painting is left of Ali.,8c63c6ea-38dc-5bb2-a95b-c1b63865bdaf,base
A19L8SNH73AX1Z,1,6,context,0,egocentric_near,egocentric_near_context,behind,in front of,The painting is BLANK Ali. Ali turns left. The painting is left of Ali.,8c63c6ea-38dc-5bb2-a95b-c1b63865bdaf,base
A1BWS5AD2T4NIR,1,6,context,1,egocentric_near,egocentric_near_context,behind,in front of,The painting is BLANK Ali. Ali turns left. The painting is left of Ali.,8c63c6ea-38dc-5bb2-a95b-c1b63865bdaf,base
A1DUPOUC9RNU4L,1,6,context,0,egocentric_near,egocentric_near_context,behind,in front of,The painting is BLANK Ali. Ali turns left. The painting is left of Ali.,8c63c6ea-38dc-5bb2-a95b-c1b63865bdaf,base
A1JM5XNB4NCZR6,1,6,context,1,egocentric_near,egocentric_near_context,behind,in front of,The painting is BLANK Ali. Ali turns left. The painting is left of Ali.,8c63c6ea-38dc-5bb2-a95b-c1b63865bdaf,base
A1RW5HAF955GTZ,1,6,context,1,egocentric_near,egocentric_near_context,behind,in front of,The painting is BLANK Ali. Ali turns left. The painting is left of Ali.,8c63c6ea-38dc-5bb2-a95b-c1b63865bdaf,base
A255RBA8P0K0XV,1,6,context,0,egocentric_near,egocentric_near_context,behind,in front of,The painting is BLANK Ali. Ali turns left. The painting is left of Ali.,8c63c6ea-38dc-5bb2-a95b-c1b63865bdaf,base
A28IHC0VW61IPB,1,6,context,0,egocentric_near,egocentric_near_context,behind,in front of,The painting is BLANK Ali. Ali turns left. The painting is left of Ali.,8c63c6ea-38dc-5bb2-a95b-c1b63865bdaf,base
A2JO89Y1R0FBQZ,1,6,context,1,egocentric_near,egocentric_near_context,behind,in front of,The painting is BLANK Ali. Ali turns left. The painting is left of Ali.,8c63c6ea-38dc-5bb2-a95b-c1b63865bdaf,base
A2LEBJWW395FST,1,6,context,0,egocentric_near,egocentric_near_context,behind,in front of,The painting is BLANK Ali. Ali turns left. The painting is left of Ali.,8c63c6ea-38dc-5bb2-a95b-c1b63865bdaf,base
A34MAKOTLQSWZS,1,6,context,1,egocentric_near,egocentric_near_context,behind,in front of,The painting is BLANK Ali. Ali turns left. The painting is left of Ali.,8c63c6ea-38dc-5bb2-a95b-c1b63865bdaf,base
A3F51C49T9A34D,1,6,context,0,egocentric_near,egocentric_near_context,behind,in front of,The painting is BLANK Ali. Ali turns left. The painting is left of Ali.,8c63c6ea-38dc-5bb2-a95b-c1b63865bdaf,base
A3V8OF4CZJJDJ1,1,6,context,1,egocentric_near,egocentric_near_context,behind,in front of,The painting is BLANK Ali. Ali turns left. The painting is left of Ali.,8c63c6ea-38dc-5bb2-a95b-c1b63865bdaf,base
A3VL1CBZ3BGQK7,1,6,context,1,egocentric_near,egocentric_near_context,behind,in front of,The painting is BLANK Ali. Ali turns left. The painting is left of Ali.,8c63c6ea-38dc-5bb2-a95b-c1b63865bdaf,base
A9LYIVFG3ZU4Z,1,6,context,0,egocentric_near,egocentric_near_context,behind,in front of,The painting is BLANK Ali. Ali turns left. The painting is left of Ali.,8c63c6ea-38dc-5bb2-a95b-c1b63865bdaf,base
AK35CJJEYFVYK,1,6,context,0,egocentric_near,egocentric_near_context,behind,in front of,The painting is BLANK Ali. Ali turns left. The painting is left of Ali.,8c63c6ea-38dc-5bb2-a95b-c1b63865bdaf,base
A18WSAKX5YN2FB,1,6,context,1,geocentric_near,geocentric_near_context,West of,North of,The painting is BLANK Ali. Ali turns right. The painting is West of Ali.,df69c89a-abfd-5c88-b5fa-7baaa5a6d4de,base
A19L8SNH73AX1Z,1,6,context,0,geocentric_near,geocentric_near_context,West of,North of,The painting is BLANK Ali. Ali turns right. The painting is West of Ali.,df69c89a-abfd-5c88-b5fa-7baaa5a6d4de,base
A1BWS5AD2T4NIR,1,6,context,1,geocentric_near,geocentric_near_context,West of,North of,The painting is BLANK Ali. Ali turns right. The painting is West of Ali.,df69c89a-abfd-5c88-b5fa-7baaa5a6d4de,base
A1DUPOUC9RNU4L,1,6,context,0,geocentric_near,geocentric_near_context,West of,North of,The painting is BLANK Ali. Ali turns right. The painting is West of Ali.,df69c89a-abfd-5c88-b5fa-7baaa5a6d4de,base
A1JM5XNB4NCZR6,1,6,context,1,geocentric_near,geocentric_near_context,West of,North of,The painting is BLANK Ali. Ali turns right. The painting is West of Ali.,df69c89a-abfd-5c88-b5fa-7baaa5a6d4de,base
A1RW5HAF955GTZ,1,6,context,1,geocentric_near,geocentric_near_context,West of,North of,The painting is BLANK Ali. Ali turns right. The painting is West of Ali.,df69c89a-abfd-5c88-b5fa-7baaa5a6d4de,base
A255RBA8P0K0XV,1,6,context,0,geocentric_near,geocentric_near_context,West of,North of,The painting is BLANK Ali. Ali turns right. The painting is West of Ali.,df69c89a-abfd-5c88-b5fa-7baaa5a6d4de,base
A28IHC0VW61IPB,1,6,context,1,geocentric_near,geocentric_near_context,West of,North of,The painting is BLANK Ali. Ali turns right. The painting is West of Ali.,df69c89a-abfd-5c88-b5fa-7baaa5a6d4de,base
A2JO89Y1R0FBQZ,1,6,context,0,geocentric_near,geocentric_near_context,West of,North of,The painting is BLANK Ali. Ali turns right. The painting is West of Ali.,df69c89a-abfd-5c88-b5fa-7baaa5a6d4de,base
A2LEBJWW395FST,1,6,context,1,geocentric_near,geocentric_near_context,West of,North of,The painting is BLANK Ali. Ali turns right. The painting is West of Ali.,df69c89a-abfd-5c88-b5fa-7baaa5a6d4de,base
A34MAKOTLQSWZS,1,6,context,0,geocentric_near,geocentric_near_context,West of,North of,The painting is BLANK Ali. Ali turns right. The painting is West of Ali.,df69c89a-abfd-5c88-b5fa-7baaa5a6d4de,base
A3F51C49T9A34D,1,6,context,0,geocentric_near,geocentric_near_context,West of,North of,The painting is BLANK Ali. Ali turns right. The painting is West of Ali.,df69c89a-abfd-5c88-b5fa-7baaa5a6d4de,base
A3V8OF4CZJJDJ1,1,6,context,0,geocentric_near,geocentric_near_context,West of,North of,The painting is BLANK Ali. Ali turns right. The painting is West of Ali.,df69c89a-abfd-5c88-b5fa-7baaa5a6d4de,base
A3VL1CBZ3BGQK7,1,6,context,0,geocentric_near,geocentric_near_context,West of,North of,The painting is BLANK Ali. Ali turns right. The painting is West of Ali.,df69c89a-abfd-5c88-b5fa-7baaa5a6d4de,base
A9LYIVFG3ZU4Z,1,6,context,1,geocentric_near,geocentric_near_context,West of,North of,The painting is BLANK Ali. Ali turns right. The painting is West of Ali.,df69c89a-abfd-5c88-b5fa-7baaa5a6d4de,base
AK35CJJEYFVYK,1,6,context,0,geocentric_near,geocentric_near_context,West of,North of,The painting is BLANK Ali. Ali turns right. The painting is West of Ali.,df69c89a-abfd-5c88-b5fa-7baaa5a6d4de,base
A18WSAKX5YN2FB,1,6,context,1,egocentric_near,egocentric_near_context,behind,in front of,The painting is BLANK Ali. Ali turns right. The painting is right of Ali.,1916451f-868a-5f58-9e6c-6033ca77e634,base
A19L8SNH73AX1Z,1,6,context,0,egocentric_near,egocentric_near_context,behind,in front of,The painting is BLANK Ali. Ali turns right. The painting is right of Ali.,1916451f-868a-5f58-9e6c-6033ca77e634,base
A1BWS5AD2T4NIR,1,6,context,1,egocentric_near,egocentric_near_context,behind,in front of,The painting is BLANK Ali. Ali turns right. The painting is right of Ali.,1916451f-868a-5f58-9e6c-6033ca77e634,base
A1DUPOUC9RNU4L,1,6,context,1,egocentric_near,egocentric_near_context,behind,in front of,The painting is BLANK Ali. Ali turns right. The painting is right of Ali.,1916451f-868a-5f58-9e6c-6033ca77e634,base
A1JM5XNB4NCZR6,1,6,context,1,egocentric_near,egocentric_near_context,behind,in front of,The painting is BLANK Ali. Ali turns right. The painting is right of Ali.,1916451f-868a-5f58-9e6c-6033ca77e634,base
A1RW5HAF955GTZ,1,6,context,0,egocentric_near,egocentric_near_context,behind,in front of,The painting is BLANK Ali. Ali turns right. The painting is right of Ali.,1916451f-868a-5f58-9e6c-6033ca77e634,base
A255RBA8P0K0XV,1,6,context,0,egocentric_near,egocentric_near_context,behind,in front of,The painting is BLANK Ali. Ali turns right. The painting is right of Ali.,1916451f-868a-5f58-9e6c-6033ca77e634,base
A28IHC0VW61IPB,1,6,context,1,egocentric_near,egocentric_near_context,behind,in front of,The painting is BLANK Ali. Ali turns right. The painting is right of Ali.,1916451f-868a-5f58-9e6c-6033ca77e634,base
A2JO89Y1R0FBQZ,1,6,context,1,egocentric_near,egocentric_near_context,behind,in front of,The painting is BLANK Ali. Ali turns right. The painting is right of Ali.,1916451f-868a-5f58-9e6c-6033ca77e634,base
A2LEBJWW395FST,1,6,context,1,egocentric_near,egocentric_near_context,behind,in front of,The painting is BLANK Ali. Ali turns right. The painting is right of Ali.,1916451f-868a-5f58-9e6c-6033ca77e634,base
A34MAKOTLQSWZS,1,6,context,1,egocentric_near,egocentric_near_context,behind,in front of,The painting is BLANK Ali. Ali turns right. The painting is right of Ali.,1916451f-868a-5f58-9e6c-6033ca77e634,base
A3F51C49T9A34D,1,6,context,0,egocentric_near,egocentric_near_context,behind,in front of,The painting is BLANK Ali. Ali turns right. The painting is right of Ali.,1916451f-868a-5f58-9e6c-6033ca77e634,base
A3V8OF4CZJJDJ1,1,6,context,1,egocentric_near,egocentric_near_context,behind,in front of,The painting is BLANK Ali. Ali turns right. The painting is right of Ali.,1916451f-868a-5f58-9e6c-6033ca77e634,base
A3VL1CBZ3BGQK7,1,6,context,0,egocentric_near,egocentric_near_context,behind,in front of,The painting is BLANK Ali. Ali turns right. The painting is right of Ali.,1916451f-868a-5f58-9e6c-6033ca77e634,base
A9LYIVFG3ZU4Z,1,6,context,1,egocentric_near,egocentric_near_context,behind,in front of,The painting is BLANK Ali. Ali turns right. The painting is right of Ali.,1916451f-868a-5f58-9e6c-6033ca77e634,base
AK35CJJEYFVYK,1,6,context,0,egocentric_near,egocentric_near_context,behind,in front of,The painting is BLANK Ali. Ali turns right. The painting is right of Ali.,1916451f-868a-5f58-9e6c-6033ca77e634,base
A18WSAKX5YN2FB,1,6,context,1,state_follows,state_follows_context,rips,folds,The paper is in one piece. Ali BLANK the paper. The paper is in two pieces.,3fa8a5bd-61ab-5223-a238-97a596a1aa59,base
A19L8SNH73AX1Z,1,6,context,1,state_follows,state_follows_context,rips,folds,The paper is in one piece. Ali BLANK the paper. The paper is in two pieces.,3fa8a5bd-61ab-5223-a238-97a596a1aa59,base
A1BWS5AD2T4NIR,1,6,context,1,state_follows,state_follows_context,rips,folds,The paper is in one piece. Ali BLANK the paper. The paper is in two pieces.,3fa8a5bd-61ab-5223-a238-97a596a1aa59,base
A1DUPOUC9RNU4L,1,6,context,1,state_follows,state_follows_context,rips,folds,The paper is in one piece. Ali BLANK the paper. The paper is in two pieces.,3fa8a5bd-61ab-5223-a238-97a596a1aa59,base
A1JM5XNB4NCZR6,1,6,context,1,state_follows,state_follows_context,rips,folds,The paper is in one piece. Ali BLANK the paper. The paper is in two pieces.,3fa8a5bd-61ab-5223-a238-97a596a1aa59,base
A1RW5HAF955GTZ,1,6,context,1,state_follows,state_follows_context,rips,folds,The paper is in one piece. Ali BLANK the paper. The paper is in two pieces.,3fa8a5bd-61ab-5223-a238-97a596a1aa59,base
A255RBA8P0K0XV,1,6,context,1,state_follows,state_follows_context,rips,folds,The paper is in one piece. Ali BLANK the paper. The paper is in two pieces.,3fa8a5bd-61ab-5223-a238-97a596a1aa59,base
A28IHC0VW61IPB,1,6,context,1,state_follows,state_follows_context,rips,folds,The paper is in one piece. Ali BLANK the paper. The paper is in two pieces.,3fa8a5bd-61ab-5223-a238-97a596a1aa59,base
A2JO89Y1R0FBQZ,1,6,context,1,state_follows,state_follows_context,rips,folds,The paper is in one piece. Ali BLANK the paper. The paper is in two pieces.,3fa8a5bd-61ab-5223-a238-97a596a1aa59,base
A2LEBJWW395FST,1,6,context,1,state_follows,state_follows_context,rips,folds,The paper is in one piece. Ali BLANK the paper. The paper is in two pieces.,3fa8a5bd-61ab-5223-a238-97a596a1aa59,base
A34MAKOTLQSWZS,1,6,context,1,state_follows,state_follows_context,rips,folds,The paper is in one piece. Ali BLANK the paper. The paper is in two pieces.,3fa8a5bd-61ab-5223-a238-97a596a1aa59,base
A3F51C49T9A34D,1,6,context,1,state_follows,state_follows_context,rips,folds,The paper is in one piece. Ali BLANK the paper. The paper is in two pieces.,3fa8a5bd-61ab-5223-a238-97a596a1aa59,base
A3V8OF4CZJJDJ1,1,6,context,1,state_follows,state_follows_context,rips,folds,The paper is in one piece. Ali BLANK the paper. The paper is in two pieces.,3fa8a5bd-61ab-5223-a238-97a596a1aa59,base
A3VL1CBZ3BGQK7,1,6,context,1,state_follows,state_follows_context,rips,folds,The paper is in one piece. Ali BLANK the paper. The paper is in two pieces.,3fa8a5bd-61ab-5223-a238-97a596a1aa59,base
A9LYIVFG3ZU4Z,1,6,context,0,state_follows,state_follows_context,rips,folds,The paper is in one piece. Ali BLANK the paper. The paper is in two pieces.,3fa8a5bd-61ab-5223-a238-97a596a1aa59,base
AK35CJJEYFVYK,1,6,context,1,state_follows,state_follows_context,rips,folds,The paper is in one piece. Ali BLANK the paper. The paper is in two pieces.,3fa8a5bd-61ab-5223-a238-97a596a1aa59,base
A18WSAKX5YN2FB,1,6,context,1,action_follows,action_follows_context,into,away from,The ping pong ball is on the floor. Ali rolls a tennis ball BLANK the ping pong ball. The ping pong ball moves.,1af07f80-89dd-5709-b7dd-59902e9c7fe0,base
A19L8SNH73AX1Z,1,6,context,1,action_follows,action_follows_context,into,away from,The ping pong ball is on the floor. Ali rolls a tennis ball BLANK the ping pong ball. The ping pong ball moves.,1af07f80-89dd-5709-b7dd-59902e9c7fe0,base
A1BWS5AD2T4NIR,1,6,context,1,action_follows,action_follows_context,into,away from,The ping pong ball is on the floor. Ali rolls a tennis ball BLANK the ping pong ball. The ping pong ball moves.,1af07f80-89dd-5709-b7dd-59902e9c7fe0,base
A1DUPOUC9RNU4L,1,6,context,1,action_follows,action_follows_context,into,away from,The ping pong ball is on the floor. Ali rolls a tennis ball BLANK the ping pong ball. The ping pong ball moves.,1af07f80-89dd-5709-b7dd-59902e9c7fe0,base
A1JM5XNB4NCZR6,1,6,context,1,action_follows,action_follows_context,into,away from,The ping pong ball is on the floor. Ali rolls a tennis ball BLANK the ping pong ball. The ping pong ball moves.,1af07f80-89dd-5709-b7dd-59902e9c7fe0,base
A1RW5HAF955GTZ,1,6,context,1,action_follows,action_follows_context,into,away from,The ping pong ball is on the floor. Ali rolls a tennis ball BLANK the ping pong ball. The ping pong ball moves.,1af07f80-89dd-5709-b7dd-59902e9c7fe0,base
A255RBA8P0K0XV,1,6,context,0,action_follows,action_follows_context,into,away from,The ping pong ball is on the floor. Ali rolls a tennis ball BLANK the ping pong ball. The ping pong ball moves.,1af07f80-89dd-5709-b7dd-59902e9c7fe0,base
A28IHC0VW61IPB,1,6,context,1,action_follows,action_follows_context,into,away from,The ping pong ball is on the floor. Ali rolls a tennis ball BLANK the ping pong ball. The ping pong ball moves.,1af07f80-89dd-5709-b7dd-59902e9c7fe0,base
A2JO89Y1R0FBQZ,1,6,context,1,action_follows,action_follows_context,into,away from,The ping pong ball is on the floor. Ali rolls a tennis ball BLANK the ping pong ball. The ping pong ball moves.,1af07f80-89dd-5709-b7dd-59902e9c7fe0,base
A2LEBJWW395FST,1,6,context,1,action_follows,action_follows_context,into,away from,The ping pong ball is on the floor. Ali rolls a tennis ball BLANK the ping pong ball. The ping pong ball moves.,1af07f80-89dd-5709-b7dd-59902e9c7fe0,base
A34MAKOTLQSWZS,1,6,context,1,action_follows,action_follows_context,into,away from,The ping pong ball is on the floor. Ali rolls a tennis ball BLANK the ping pong ball. The ping pong ball moves.,1af07f80-89dd-5709-b7dd-59902e9c7fe0,base
A3F51C49T9A34D,1,6,context,1,action_follows,action_follows_context,into,away from,The ping pong ball is on the floor. Ali rolls a tennis ball BLANK the ping pong ball. The ping pong ball moves.,1af07f80-89dd-5709-b7dd-59902e9c7fe0,base
A3V8OF4CZJJDJ1,1,6,context,0,action_follows,action_follows_context,into,away from,The ping pong ball is on the floor. Ali rolls a tennis ball BLANK the ping pong ball. The ping pong ball moves.,1af07f80-89dd-5709-b7dd-59902e9c7fe0,base
A3VL1CBZ3BGQK7,1,6,context,1,action_follows,action_follows_context,into,away from,The ping pong ball is on the floor. Ali rolls a tennis ball BLANK the ping pong ball. The ping pong ball moves.,1af07f80-89dd-5709-b7dd-59902e9c7fe0,base
A9LYIVFG3ZU4Z,1,6,context,1,action_follows,action_follows_context,into,away from,The ping pong ball is on the floor. Ali rolls a tennis ball BLANK the ping pong ball. The ping pong ball moves.,1af07f80-89dd-5709-b7dd-59902e9c7fe0,base
AK35CJJEYFVYK,1,6,context,1,action_follows,action_follows_context,into,away from,The ping pong ball is on the floor. Ali rolls a tennis ball BLANK the ping pong ball. The ping pong ball moves.,1af07f80-89dd-5709-b7dd-59902e9c7fe0,base
A18WSAKX5YN2FB,1,6,context,1,state_follows,state_follows_context,on,off,The room is dark. Ali turns BLANK the light. The room gets lighter.,90483c2d-9a3c-574e-901c-0fd244bb03a7,base
A19L8SNH73AX1Z,1,6,context,1,state_follows,state_follows_context,on,off,The room is dark. Ali turns BLANK the light. The room gets lighter.,90483c2d-9a3c-574e-901c-0fd244bb03a7,base
A1BWS5AD2T4NIR,1,6,context,1,state_follows,state_follows_context,on,off,The room is dark. Ali turns BLANK the light. The room gets lighter.,90483c2d-9a3c-574e-901c-0fd244bb03a7,base
A1DUPOUC9RNU4L,1,6,context,1,state_follows,state_follows_context,on,off,The room is dark. Ali turns BLANK the light. The room gets lighter.,90483c2d-9a3c-574e-901c-0fd244bb03a7,base
A1JM5XNB4NCZR6,1,6,context,1,state_follows,state_follows_context,on,off,The room is dark. Ali turns BLANK the light. The room gets lighter.,90483c2d-9a3c-574e-901c-0fd244bb03a7,base
A1RW5HAF955GTZ,1,6,context,1,state_follows,state_follows_context,on,off,The room is dark. Ali turns BLANK the light. The room gets lighter.,90483c2d-9a3c-574e-901c-0fd244bb03a7,base
A255RBA8P0K0XV,1,6,context,1,state_follows,state_follows_context,on,off,The room is dark. Ali turns BLANK the light. The room gets lighter.,90483c2d-9a3c-574e-901c-0fd244bb03a7,base
A28IHC0VW61IPB,1,6,context,1,state_follows,state_follows_context,on,off,The room is dark. Ali turns BLANK the light. The room gets lighter.,90483c2d-9a3c-574e-901c-0fd244bb03a7,base
A2JO89Y1R0FBQZ,1,6,context,1,state_follows,state_follows_context,on,off,The room is dark. Ali turns BLANK the light. The room gets lighter.,90483c2d-9a3c-574e-901c-0fd244bb03a7,base
A2LEBJWW395FST,1,6,context,1,state_follows,state_follows_context,on,off,The room is dark. Ali turns BLANK the light. The room gets lighter.,90483c2d-9a3c-574e-901c-0fd244bb03a7,base
A34MAKOTLQSWZS,1,6,context,1,state_follows,state_follows_context,on,off,The room is dark. Ali turns BLANK the light. The room gets lighter.,90483c2d-9a3c-574e-901c-0fd244bb03a7,base
A3F51C49T9A34D,1,6,context,1,state_follows,state_follows_context,on,off,The room is dark. Ali turns BLANK the light. The room gets lighter.,90483c2d-9a3c-574e-901c-0fd244bb03a7,base
A3V8OF4CZJJDJ1,1,6,context,0,state_follows,state_follows_context,on,off,The room is dark. Ali turns BLANK the light. The room gets lighter.,90483c2d-9a3c-574e-901c-0fd244bb03a7,base
A3VL1CBZ3BGQK7,1,6,context,1,state_follows,state_follows_context,on,off,The room is dark. Ali turns BLANK the light. The room gets lighter.,90483c2d-9a3c-574e-901c-0fd244bb03a7,base
A9LYIVFG3ZU4Z,1,6,context,1,state_follows,state_follows_context,on,off,The room is dark. Ali turns BLANK the light. The room gets lighter.,90483c2d-9a3c-574e-901c-0fd244bb03a7,base
AK35CJJEYFVYK,1,6,context,1,state_follows,state_follows_context,on,off,The room is dark. Ali turns BLANK the light. The room gets lighter.,90483c2d-9a3c-574e-901c-0fd244bb03a7,base
A18WSAKX5YN2FB,1,6,context,1,state_follows,state_follows_context,stove,table,The soup is on the BLANK. Ali turns on the stove. The soup gets warmer.,c359bd7c-e5cd-5526-947b-bf219e0d5e88,base
A19L8SNH73AX1Z,1,6,context,1,state_follows,state_follows_context,stove,table,The soup is on the BLANK. Ali turns on the stove. The soup gets warmer.,c359bd7c-e5cd-5526-947b-bf219e0d5e88,base
A1BWS5AD2T4NIR,1,6,context,1,state_follows,state_follows_context,stove,table,The soup is on the BLANK. Ali turns on the stove. The soup gets warmer.,c359bd7c-e5cd-5526-947b-bf219e0d5e88,base
A1DUPOUC9RNU4L,1,6,context,1,state_follows,state_follows_context,stove,table,The soup is on the BLANK. Ali turns on the stove. The soup gets warmer.,c359bd7c-e5cd-5526-947b-bf219e0d5e88,base
A1JM5XNB4NCZR6,1,6,context,1,state_follows,state_follows_context,stove,table,The soup is on the BLANK. Ali turns on the stove. The soup gets warmer.,c359bd7c-e5cd-5526-947b-bf219e0d5e88,base
A1RW5HAF955GTZ,1,6,context,1,state_follows,state_follows_context,stove,table,The soup is on the BLANK. Ali turns on the stove. The soup gets warmer.,c359bd7c-e5cd-5526-947b-bf219e0d5e88,base
A255RBA8P0K0XV,1,6,context,1,state_follows,state_follows_context,stove,table,The soup is on the BLANK. Ali turns on the stove. The soup gets warmer.,c359bd7c-e5cd-5526-947b-bf219e0d5e88,base
A28IHC0VW61IPB,1,6,context,1,state_follows,state_follows_context,stove,table,The soup is on the BLANK. Ali turns on the stove. The soup gets warmer.,c359bd7c-e5cd-5526-947b-bf219e0d5e88,base
A2JO89Y1R0FBQZ,1,6,context,1,state_follows,state_follows_context,stove,table,The soup is on the BLANK. Ali turns on the stove. The soup gets warmer.,c359bd7c-e5cd-5526-947b-bf219e0d5e88,base
A2LEBJWW395FST,1,6,context,1,state_follows,state_follows_context,stove,table,The soup is on the BLANK. Ali turns on the stove. The soup gets warmer.,c359bd7c-e5cd-5526-947b-bf219e0d5e88,base
A34MAKOTLQSWZS,1,6,context,1,state_follows,state_follows_context,stove,table,The soup is on the BLANK. Ali turns on the stove. The soup gets warmer.,c359bd7c-e5cd-5526-947b-bf219e0d5e88,base
A3F51C49T9A34D,1,6,context,1,state_follows,state_follows_context,stove,table,The soup is on the BLANK. Ali turns on the stove. The soup gets warmer.,c359bd7c-e5cd-5526-947b-bf219e0d5e88,base
A3V8OF4CZJJDJ1,1,6,context,1,state_follows,state_follows_context,stove,table,The soup is on the BLANK. Ali turns on the stove. The soup gets warmer.,c359bd7c-e5cd-5526-947b-bf219e0d5e88,base
A3VL1CBZ3BGQK7,1,6,context,1,state_follows,state_follows_context,stove,table,The soup is on the BLANK. Ali turns on the stove. The soup gets warmer.,c359bd7c-e5cd-5526-947b-bf219e0d5e88,base
A9LYIVFG3ZU4Z,1,6,context,1,state_follows,state_follows_context,stove,table,The soup is on the BLANK. Ali turns on the stove. The soup gets warmer.,c359bd7c-e5cd-5526-947b-bf219e0d5e88,base
AK35CJJEYFVYK,1,6,context,1,state_follows,state_follows_context,stove,table,The soup is on the BLANK. Ali turns on the stove. The soup gets warmer.,c359bd7c-e5cd-5526-947b-bf219e0d5e88,base
A18WSAKX5YN2FB,1,6,context,1,geocentric_near,geocentric_near_context,South of,West of,The statue is BLANK Ali. Ali walks East. The statue is South of Ali.,8252c422-568f-56ae-a206-72dd86dd7b40,base
A19L8SNH73AX1Z,1,6,context,0,geocentric_near,geocentric_near_context,South of,West of,The statue is BLANK Ali. Ali walks East. The statue is South of Ali.,8252c422-568f-56ae-a206-72dd86dd7b40,base
A1BWS5AD2T4NIR,1,6,context,0,geocentric_near,geocentric_near_context,South of,West of,The statue is BLANK Ali. Ali walks East. The statue is South of Ali.,8252c422-568f-56ae-a206-72dd86dd7b40,base
A1DUPOUC9RNU4L,1,6,context,1,geocentric_near,geocentric_near_context,South of,West of,The statue is BLANK Ali. Ali walks East. The statue is South of Ali.,8252c422-568f-56ae-a206-72dd86dd7b40,base
A1JM5XNB4NCZR6,1,6,context,1,geocentric_near,geocentric_near_context,South of,West of,The statue is BLANK Ali. Ali walks East. The statue is South of Ali.,8252c422-568f-56ae-a206-72dd86dd7b40,base
A1RW5HAF955GTZ,1,6,context,0,geocentric_near,geocentric_near_context,South of,West of,The statue is BLANK Ali. Ali walks East. The statue is South of Ali.,8252c422-568f-56ae-a206-72dd86dd7b40,base
A255RBA8P0K0XV,1,6,context,1,geocentric_near,geocentric_near_context,South of,West of,The statue is BLANK Ali. Ali walks East. The statue is South of Ali.,8252c422-568f-56ae-a206-72dd86dd7b40,base
A28IHC0VW61IPB,1,6,context,1,geocentric_near,geocentric_near_context,South of,West of,The statue is BLANK Ali. Ali walks East. The statue is South of Ali.,8252c422-568f-56ae-a206-72dd86dd7b40,base
A2JO89Y1R0FBQZ,1,6,context,0,geocentric_near,geocentric_near_context,South of,West of,The statue is BLANK Ali. Ali walks East. The statue is South of Ali.,8252c422-568f-56ae-a206-72dd86dd7b40,base
A2LEBJWW395FST,1,6,context,0,geocentric_near,geocentric_near_context,South of,West of,The statue is BLANK Ali. Ali walks East. The statue is South of Ali.,8252c422-568f-56ae-a206-72dd86dd7b40,base
A34MAKOTLQSWZS,1,6,context,0,geocentric_near,geocentric_near_context,South of,West of,The statue is BLANK Ali. Ali walks East. The statue is South of Ali.,8252c422-568f-56ae-a206-72dd86dd7b40,base
A3F51C49T9A34D,1,6,context,0,geocentric_near,geocentric_near_context,South of,West of,The statue is BLANK Ali. Ali walks East. The statue is South of Ali.,8252c422-568f-56ae-a206-72dd86dd7b40,base
A3V8OF4CZJJDJ1,1,6,context,0,geocentric_near,geocentric_near_context,South of,West of,The statue is BLANK Ali. Ali walks East. The statue is South of Ali.,8252c422-568f-56ae-a206-72dd86dd7b40,base
A3VL1CBZ3BGQK7,1,6,context,0,geocentric_near,geocentric_near_context,South of,West of,The statue is BLANK Ali. Ali walks East. The statue is South of Ali.,8252c422-568f-56ae-a206-72dd86dd7b40,base
A9LYIVFG3ZU4Z,1,6,context,0,geocentric_near,geocentric_near_context,South of,West of,The statue is BLANK Ali. Ali walks East. The statue is South of Ali.,8252c422-568f-56ae-a206-72dd86dd7b40,base
AK35CJJEYFVYK,1,6,context,0,geocentric_near,geocentric_near_context,South of,West of,The statue is BLANK Ali. Ali walks East. The statue is South of Ali.,8252c422-568f-56ae-a206-72dd86dd7b40,base
A18WSAKX5YN2FB,1,6,context,1,geocentric_near,geocentric_near_context,West of,North of,The statue is BLANK Ali. Ali walks South. The statue is West of Ali.,53eb0547-cabf-5f87-bb4d-eeb9eb0e29ca,base
A19L8SNH73AX1Z,1,6,context,1,geocentric_near,geocentric_near_context,West of,North of,The statue is BLANK Ali. Ali walks South. The statue is West of Ali.,53eb0547-cabf-5f87-bb4d-eeb9eb0e29ca,base
A1BWS5AD2T4NIR,1,6,context,1,geocentric_near,geocentric_near_context,West of,North of,The statue is BLANK Ali. Ali walks South. The statue is West of Ali.,53eb0547-cabf-5f87-bb4d-eeb9eb0e29ca,base
A1DUPOUC9RNU4L,1,6,context,0,geocentric_near,geocentric_near_context,West of,North of,The statue is BLANK Ali. Ali walks South. The statue is West of Ali.,53eb0547-cabf-5f87-bb4d-eeb9eb0e29ca,base
A1JM5XNB4NCZR6,1,6,context,1,geocentric_near,geocentric_near_context,West of,North of,The statue is BLANK Ali. Ali walks South. The statue is West of Ali.,53eb0547-cabf-5f87-bb4d-eeb9eb0e29ca,base
A1RW5HAF955GTZ,1,6,context,0,geocentric_near,geocentric_near_context,West of,North of,The statue is BLANK Ali. Ali walks South. The statue is West of Ali.,53eb0547-cabf-5f87-bb4d-eeb9eb0e29ca,base
A255RBA8P0K0XV,1,6,context,0,geocentric_near,geocentric_near_context,West of,North of,The statue is BLANK Ali. Ali walks South. The statue is West of Ali.,53eb0547-cabf-5f87-bb4d-eeb9eb0e29ca,base
A28IHC0VW61IPB,1,6,context,1,geocentric_near,geocentric_near_context,West of,North of,The statue is BLANK Ali. Ali walks South. The statue is West of Ali.,53eb0547-cabf-5f87-bb4d-eeb9eb0e29ca,base
A2JO89Y1R0FBQZ,1,6,context,0,geocentric_near,geocentric_near_context,West of,North of,The statue is BLANK Ali. Ali walks South. The statue is West of Ali.,53eb0547-cabf-5f87-bb4d-eeb9eb0e29ca,base
A2LEBJWW395FST,1,6,context,0,geocentric_near,geocentric_near_context,West of,North of,The statue is BLANK Ali. Ali walks South. The statue is West of Ali.,53eb0547-cabf-5f87-bb4d-eeb9eb0e29ca,base
A34MAKOTLQSWZS,1,6,context,1,geocentric_near,geocentric_near_context,West of,North of,The statue is BLANK Ali. Ali walks South. The statue is West of Ali.,53eb0547-cabf-5f87-bb4d-eeb9eb0e29ca,base
A3F51C49T9A34D,1,6,context,0,geocentric_near,geocentric_near_context,West of,North of,The statue is BLANK Ali. Ali walks South. The statue is West of Ali.,53eb0547-cabf-5f87-bb4d-eeb9eb0e29ca,base
A3V8OF4CZJJDJ1,1,6,context,0,geocentric_near,geocentric_near_context,West of,North of,The statue is BLANK Ali. Ali walks South. The statue is West of Ali.,53eb0547-cabf-5f87-bb4d-eeb9eb0e29ca,base
A3VL1CBZ3BGQK7,1,6,context,0,geocentric_near,geocentric_near_context,West of,North of,The statue is BLANK Ali. Ali walks South. The statue is West of Ali.,53eb0547-cabf-5f87-bb4d-eeb9eb0e29ca,base
A9LYIVFG3ZU4Z,1,6,context,0,geocentric_near,geocentric_near_context,West of,North of,The statue is BLANK Ali. Ali walks South. The statue is West of Ali.,53eb0547-cabf-5f87-bb4d-eeb9eb0e29ca,base
AK35CJJEYFVYK,1,6,context,0,geocentric_near,geocentric_near_context,West of,North of,The statue is BLANK Ali. Ali walks South. The statue is West of Ali.,53eb0547-cabf-5f87-bb4d-eeb9eb0e29ca,base
A18WSAKX5YN2FB,1,6,context,1,relative_pos,relative_pos_context,touching,far from,The tennis ball is BLANK the bowling ball. Ali rolls the bowling ball. The bowling ball is further from the tennis ball.,4da6b0a2-fbd8-5d77-8b6a-05110a23606c,base
A19L8SNH73AX1Z,1,6,context,0,relative_pos,relative_pos_context,touching,far from,The tennis ball is BLANK the bowling ball. Ali rolls the bowling ball. The bowling ball is further from the tennis ball.,4da6b0a2-fbd8-5d77-8b6a-05110a23606c,base
A1BWS5AD2T4NIR,1,6,context,1,relative_pos,relative_pos_context,touching,far from,The tennis ball is BLANK the bowling ball. Ali rolls the bowling ball. The bowling ball is further from the tennis ball.,4da6b0a2-fbd8-5d77-8b6a-05110a23606c,base
A1DUPOUC9RNU4L,1,6,context,0,relative_pos,relative_pos_context,touching,far from,The tennis ball is BLANK the bowling ball. Ali rolls the bowling ball. The bowling ball is further from the tennis ball.,4da6b0a2-fbd8-5d77-8b6a-05110a23606c,base
A1JM5XNB4NCZR6,1,6,context,0,relative_pos,relative_pos_context,touching,far from,The tennis ball is BLANK the bowling ball. Ali rolls the bowling ball. The bowling ball is further from the tennis ball.,4da6b0a2-fbd8-5d77-8b6a-05110a23606c,base
A1RW5HAF955GTZ,1,6,context,0,relative_pos,relative_pos_context,touching,far from,The tennis ball is BLANK the bowling ball. Ali rolls the bowling ball. The bowling ball is further from the tennis ball.,4da6b0a2-fbd8-5d77-8b6a-05110a23606c,base
A255RBA8P0K0XV,1,6,context,0,relative_pos,relative_pos_context,touching,far from,The tennis ball is BLANK the bowling ball. Ali rolls the bowling ball. The bowling ball is further from the tennis ball.,4da6b0a2-fbd8-5d77-8b6a-05110a23606c,base
A28IHC0VW61IPB,1,6,context,1,relative_pos,relative_pos_context,touching,far from,The tennis ball is BLANK the bowling ball. Ali rolls the bowling ball. The bowling ball is further from the tennis ball.,4da6b0a2-fbd8-5d77-8b6a-05110a23606c,base
A2JO89Y1R0FBQZ,1,6,context,1,relative_pos,relative_pos_context,touching,far from,The tennis ball is BLANK the bowling ball. Ali rolls the bowling ball. The bowling ball is further from the tennis ball.,4da6b0a2-fbd8-5d77-8b6a-05110a23606c,base
A2LEBJWW395FST,1,6,context,0,relative_pos,relative_pos_context,touching,far from,The tennis ball is BLANK the bowling ball. Ali rolls the bowling ball. The bowling ball is further from the tennis ball.,4da6b0a2-fbd8-5d77-8b6a-05110a23606c,base
A34MAKOTLQSWZS,1,6,context,0,relative_pos,relative_pos_context,touching,far from,The tennis ball is BLANK the bowling ball. Ali rolls the bowling ball. The bowling ball is further from the tennis ball.,4da6b0a2-fbd8-5d77-8b6a-05110a23606c,base
A3F51C49T9A34D,1,6,context,1,relative_pos,relative_pos_context,touching,far from,The tennis ball is BLANK the bowling ball. Ali rolls the bowling ball. The bowling ball is further from the tennis ball.,4da6b0a2-fbd8-5d77-8b6a-05110a23606c,base
A3V8OF4CZJJDJ1,1,6,context,0,relative_pos,relative_pos_context,touching,far from,The tennis ball is BLANK the bowling ball. Ali rolls the bowling ball. The bowling ball is further from the tennis ball.,4da6b0a2-fbd8-5d77-8b6a-05110a23606c,base
A3VL1CBZ3BGQK7,1,6,context,1,relative_pos,relative_pos_context,touching,far from,The tennis ball is BLANK the bowling ball. Ali rolls the bowling ball. The bowling ball is further from the tennis ball.,4da6b0a2-fbd8-5d77-8b6a-05110a23606c,base
A9LYIVFG3ZU4Z,1,6,context,1,relative_pos,relative_pos_context,touching,far from,The tennis ball is BLANK the bowling ball. Ali rolls the bowling ball. The bowling ball is further from the tennis ball.,4da6b0a2-fbd8-5d77-8b6a-05110a23606c,base
AK35CJJEYFVYK,1,6,context,0,relative_pos,relative_pos_context,touching,far from,The tennis ball is BLANK the bowling ball. Ali rolls the bowling ball. The bowling ball is further from the tennis ball.,4da6b0a2-fbd8-5d77-8b6a-05110a23606c,base
A18WSAKX5YN2FB,1,6,context,1,state_follows,state_follows_context,5 minutes,1 month,The wall was painted BLANK ago. Ali touches the wall. Ali's hand is painted.,58907312-5ecd-56cf-9d0c-b08e912cefd9,base
A19L8SNH73AX1Z,1,6,context,1,state_follows,state_follows_context,5 minutes,1 month,The wall was painted BLANK ago. Ali touches the wall. Ali's hand is painted.,58907312-5ecd-56cf-9d0c-b08e912cefd9,base
A1BWS5AD2T4NIR,1,6,context,1,state_follows,state_follows_context,5 minutes,1 month,The wall was painted BLANK ago. Ali touches the wall. Ali's hand is painted.,58907312-5ecd-56cf-9d0c-b08e912cefd9,base
A1DUPOUC9RNU4L,1,6,context,1,state_follows,state_follows_context,5 minutes,1 month,The wall was painted BLANK ago. Ali touches the wall. Ali's hand is painted.,58907312-5ecd-56cf-9d0c-b08e912cefd9,base
A1JM5XNB4NCZR6,1,6,context,1,state_follows,state_follows_context,5 minutes,1 month,The wall was painted BLANK ago. Ali touches the wall. Ali's hand is painted.,58907312-5ecd-56cf-9d0c-b08e912cefd9,base
A1RW5HAF955GTZ,1,6,context,1,state_follows,state_follows_context,5 minutes,1 month,The wall was painted BLANK ago. Ali touches the wall. Ali's hand is painted.,58907312-5ecd-56cf-9d0c-b08e912cefd9,base
A255RBA8P0K0XV,1,6,context,0,state_follows,state_follows_context,5 minutes,1 month,The wall was painted BLANK ago. Ali touches the wall. Ali's hand is painted.,58907312-5ecd-56cf-9d0c-b08e912cefd9,base
A28IHC0VW61IPB,1,6,context,1,state_follows,state_follows_context,5 minutes,1 month,The wall was painted BLANK ago. Ali touches the wall. Ali's hand is painted.,58907312-5ecd-56cf-9d0c-b08e912cefd9,base
A2JO89Y1R0FBQZ,1,6,context,0,state_follows,state_follows_context,5 minutes,1 month,The wall was painted BLANK ago. Ali touches the wall. Ali's hand is painted.,58907312-5ecd-56cf-9d0c-b08e912cefd9,base
A2LEBJWW395FST,1,6,context,1,state_follows,state_follows_context,5 minutes,1 month,The wall was painted BLANK ago. Ali touches the wall. Ali's hand is painted.,58907312-5ecd-56cf-9d0c-b08e912cefd9,base
A34MAKOTLQSWZS,1,6,context,1,state_follows,state_follows_context,5 minutes,1 month,The wall was painted BLANK ago. Ali touches the wall. Ali's hand is painted.,58907312-5ecd-56cf-9d0c-b08e912cefd9,base
A3F51C49T9A34D,1,6,context,1,state_follows,state_follows_context,5 minutes,1 month,The wall was painted BLANK ago. Ali touches the wall. Ali's hand is painted.,58907312-5ecd-56cf-9d0c-b08e912cefd9,base
A3V8OF4CZJJDJ1,1,6,context,0,state_follows,state_follows_context,5 minutes,1 month,The wall was painted BLANK ago. Ali touches the wall. Ali's hand is painted.,58907312-5ecd-56cf-9d0c-b08e912cefd9,base
A3VL1CBZ3BGQK7,1,6,context,1,state_follows,state_follows_context,5 minutes,1 month,The wall was painted BLANK ago. Ali touches the wall. Ali's hand is painted.,58907312-5ecd-56cf-9d0c-b08e912cefd9,base
A9LYIVFG3ZU4Z,1,6,context,0,state_follows,state_follows_context,5 minutes,1 month,The wall was painted BLANK ago. Ali touches the wall. Ali's hand is painted.,58907312-5ecd-56cf-9d0c-b08e912cefd9,base
AK35CJJEYFVYK,1,6,context,1,state_follows,state_follows_context,5 minutes,1 month,The wall was painted BLANK ago. Ali touches the wall. Ali's hand is painted.,58907312-5ecd-56cf-9d0c-b08e912cefd9,base
A18WSAKX5YN2FB,1,6,context,1,state_nonfollows,state_nonfollows_context,behind,in front of,The window is BLANK Ali. Ali throws the baseball forward. The window doesn't break.,68b5a14f-4ab8-5004-be44-4f48b83e0e31,base
A19L8SNH73AX1Z,1,6,context,1,state_nonfollows,state_nonfollows_context,behind,in front of,The window is BLANK Ali. Ali throws the baseball forward. The window doesn't break.,68b5a14f-4ab8-5004-be44-4f48b83e0e31,base
A1BWS5AD2T4NIR,1,6,context,1,state_nonfollows,state_nonfollows_context,behind,in front of,The window is BLANK Ali. Ali throws the baseball forward. The window doesn't break.,68b5a14f-4ab8-5004-be44-4f48b83e0e31,base
A1DUPOUC9RNU4L,1,6,context,1,state_nonfollows,state_nonfollows_context,behind,in front of,The window is BLANK Ali. Ali throws the baseball forward. The window doesn't break.,68b5a14f-4ab8-5004-be44-4f48b83e0e31,base
A1JM5XNB4NCZR6,1,6,context,0,state_nonfollows,state_nonfollows_context,behind,in front of,The window is BLANK Ali. Ali throws the baseball forward. The window doesn't break.,68b5a14f-4ab8-5004-be44-4f48b83e0e31,base
A1RW5HAF955GTZ,1,6,context,1,state_nonfollows,state_nonfollows_context,behind,in front of,The window is BLANK Ali. Ali throws the baseball forward. The window doesn't break.,68b5a14f-4ab8-5004-be44-4f48b83e0e31,base
A255RBA8P0K0XV,1,6,context,0,state_nonfollows,state_nonfollows_context,behind,in front of,The window is BLANK Ali. Ali throws the baseball forward. The window doesn't break.,68b5a14f-4ab8-5004-be44-4f48b83e0e31,base
A28IHC0VW61IPB,1,6,context,1,state_nonfollows,state_nonfollows_context,behind,in front of,The window is BLANK Ali. Ali throws the baseball forward. The window doesn't break.,68b5a14f-4ab8-5004-be44-4f48b83e0e31,base
A2JO89Y1R0FBQZ,1,6,context,1,state_nonfollows,state_nonfollows_context,behind,in front of,The window is BLANK Ali. Ali throws the baseball forward. The window doesn't break.,68b5a14f-4ab8-5004-be44-4f48b83e0e31,base
A2LEBJWW395FST,1,6,context,1,state_nonfollows,state_nonfollows_context,behind,in front of,The window is BLANK Ali. Ali throws the baseball forward. The window doesn't break.,68b5a14f-4ab8-5004-be44-4f48b83e0e31,base
A34MAKOTLQSWZS,1,6,context,1,state_nonfollows,state_nonfollows_context,behind,in front of,The window is BLANK Ali. Ali throws the baseball forward. The window doesn't break.,68b5a14f-4ab8-5004-be44-4f48b83e0e31,base
A3F51C49T9A34D,1,6,context,1,state_nonfollows,state_nonfollows_context,behind,in front of,The window is BLANK Ali. Ali throws the baseball forward. The window doesn't break.,68b5a14f-4ab8-5004-be44-4f48b83e0e31,base
A3V8OF4CZJJDJ1,1,6,context,0,state_nonfollows,state_nonfollows_context,behind,in front of,The window is BLANK Ali. Ali throws the baseball forward. The window doesn't break.,68b5a14f-4ab8-5004-be44-4f48b83e0e31,base
A3VL1CBZ3BGQK7,1,6,context,1,state_nonfollows,state_nonfollows_context,behind,in front of,The window is BLANK Ali. Ali throws the baseball forward. The window doesn't break.,68b5a14f-4ab8-5004-be44-4f48b83e0e31,base
A9LYIVFG3ZU4Z,1,6,context,0,state_nonfollows,state_nonfollows_context,behind,in front of,The window is BLANK Ali. Ali throws the baseball forward. The window doesn't break.,68b5a14f-4ab8-5004-be44-4f48b83e0e31,base
AK35CJJEYFVYK,1,6,context,1,state_nonfollows,state_nonfollows_context,behind,in front of,The window is BLANK Ali. Ali throws the baseball forward. The window doesn't break.,68b5a14f-4ab8-5004-be44-4f48b83e0e31,base
A18WSAKX5YN2FB,1,6,context,1,action_nonfollows,action_nonfollows_context,tennis ball,bowling ball,There is a bowling ball on the right side of the seesaw. Ali puts a BLANK on the left side of the seesaw. The left side stays up.,df26a7e8-9f73-52f9-ac03-d7e56be223ff,base
A19L8SNH73AX1Z,1,6,context,1,action_nonfollows,action_nonfollows_context,tennis ball,bowling ball,There is a bowling ball on the right side of the seesaw. Ali puts a BLANK on the left side of the seesaw. The left side stays up.,df26a7e8-9f73-52f9-ac03-d7e56be223ff,base
A1BWS5AD2T4NIR,1,6,context,1,action_nonfollows,action_nonfollows_context,tennis ball,bowling ball,There is a bowling ball on the right side of the seesaw. Ali puts a BLANK on the left side of the seesaw. The left side stays up.,df26a7e8-9f73-52f9-ac03-d7e56be223ff,base
A1DUPOUC9RNU4L,1,6,context,1,action_nonfollows,action_nonfollows_context,tennis ball,bowling ball,There is a bowling ball on the right side of the seesaw. Ali puts a BLANK on the left side of the seesaw. The left side stays up.,df26a7e8-9f73-52f9-ac03-d7e56be223ff,base
A1JM5XNB4NCZR6,1,6,context,1,action_nonfollows,action_nonfollows_context,tennis ball,bowling ball,There is a bowling ball on the right side of the seesaw. Ali puts a BLANK on the left side of the seesaw. The left side stays up.,df26a7e8-9f73-52f9-ac03-d7e56be223ff,base
A1RW5HAF955GTZ,1,6,context,0,action_nonfollows,action_nonfollows_context,tennis ball,bowling ball,There is a bowling ball on the right side of the seesaw. Ali puts a BLANK on the left side of the seesaw. The left side stays up.,df26a7e8-9f73-52f9-ac03-d7e56be223ff,base
A255RBA8P0K0XV,1,6,context,1,action_nonfollows,action_nonfollows_context,tennis ball,bowling ball,There is a bowling ball on the right side of the seesaw. Ali puts a BLANK on the left side of the seesaw. The left side stays up.,df26a7e8-9f73-52f9-ac03-d7e56be223ff,base
A28IHC0VW61IPB,1,6,context,1,action_nonfollows,action_nonfollows_context,tennis ball,bowling ball,There is a bowling ball on the right side of the seesaw. Ali puts a BLANK on the left side of the seesaw. The left side stays up.,df26a7e8-9f73-52f9-ac03-d7e56be223ff,base
A2JO89Y1R0FBQZ,1,6,context,0,action_nonfollows,action_nonfollows_context,tennis ball,bowling ball,There is a bowling ball on the right side of the seesaw. Ali puts a BLANK on the left side of the seesaw. The left side stays up.,df26a7e8-9f73-52f9-ac03-d7e56be223ff,base
A2LEBJWW395FST,1,6,context,1,action_nonfollows,action_nonfollows_context,tennis ball,bowling ball,There is a bowling ball on the right side of the seesaw. Ali puts a BLANK on the left side of the seesaw. The left side stays up.,df26a7e8-9f73-52f9-ac03-d7e56be223ff,base
A34MAKOTLQSWZS,1,6,context,1,action_nonfollows,action_nonfollows_context,tennis ball,bowling ball,There is a bowling ball on the right side of the seesaw. Ali puts a BLANK on the left side of the seesaw. The left side stays up.,df26a7e8-9f73-52f9-ac03-d7e56be223ff,base
A3F51C49T9A34D,1,6,context,1,action_nonfollows,action_nonfollows_context,tennis ball,bowling ball,There is a bowling ball on the right side of the seesaw. Ali puts a BLANK on the left side of the seesaw. The left side stays up.,df26a7e8-9f73-52f9-ac03-d7e56be223ff,base
A3V8OF4CZJJDJ1,1,6,context,1,action_nonfollows,action_nonfollows_context,tennis ball,bowling ball,There is a bowling ball on the right side of the seesaw. Ali puts a BLANK on the left side of the seesaw. The left side stays up.,df26a7e8-9f73-52f9-ac03-d7e56be223ff,base
A3VL1CBZ3BGQK7,1,6,context,1,action_nonfollows,action_nonfollows_context,tennis ball,bowling ball,There is a bowling ball on the right side of the seesaw. Ali puts a BLANK on the left side of the seesaw. The left side stays up.,df26a7e8-9f73-52f9-ac03-d7e56be223ff,base
A9LYIVFG3ZU4Z,1,6,context,1,action_nonfollows,action_nonfollows_context,tennis ball,bowling ball,There is a bowling ball on the right side of the seesaw. Ali puts a BLANK on the left side of the seesaw. The left side stays up.,df26a7e8-9f73-52f9-ac03-d7e56be223ff,base
AK35CJJEYFVYK,1,6,context,1,action_nonfollows,action_nonfollows_context,tennis ball,bowling ball,There is a bowling ball on the right side of the seesaw. Ali puts a BLANK on the left side of the seesaw. The left side stays up.,df26a7e8-9f73-52f9-ac03-d7e56be223ff,base
A12IAM6IU41KSU,1,2,target,0,geocentric_distant,geocentric_distant_target,further from,closer to,Ali is East of Milwaukee. Ali walks East. Ali is getting BLANK Milwaukee.,322374e3-84ec-5bc6-9a25-6ed40685fec2,base
A19NGUFGC7KIGW,1,2,target,1,geocentric_distant,geocentric_distant_target,further from,closer to,Ali is East of Milwaukee. Ali walks East. Ali is getting BLANK Milwaukee.,322374e3-84ec-5bc6-9a25-6ed40685fec2,base
A1CT8CGDUL8U5,1,2,target,1,geocentric_distant,geocentric_distant_target,further from,closer to,Ali is East of Milwaukee. Ali walks East. Ali is getting BLANK Milwaukee.,322374e3-84ec-5bc6-9a25-6ed40685fec2,base
A1T0ND039EWAVV,1,2,target,0,geocentric_distant,geocentric_distant_target,further from,closer to,Ali is East of Milwaukee. Ali walks East. Ali is getting BLANK Milwaukee.,322374e3-84ec-5bc6-9a25-6ed40685fec2,base
A2583YP0HGTKAG,1,2,target,1,geocentric_distant,geocentric_distant_target,further from,closer to,Ali is East of Milwaukee. Ali walks East. Ali is getting BLANK Milwaukee.,322374e3-84ec-5bc6-9a25-6ed40685fec2,base
A25PFSORDO3SWQ,1,2,target,1,geocentric_distant,geocentric_distant_target,further from,closer to,Ali is East of Milwaukee. Ali walks East. Ali is getting BLANK Milwaukee.,322374e3-84ec-5bc6-9a25-6ed40685fec2,base
A28G4QO0DRY8OZ,1,2,target,0,geocentric_distant,geocentric_distant_target,further from,closer to,Ali is East of Milwaukee. Ali walks East. Ali is getting BLANK Milwaukee.,322374e3-84ec-5bc6-9a25-6ed40685fec2,base
A2EE1ES8TUMNCM,1,2,target,0,geocentric_distant,geocentric_distant_target,further from,closer to,Ali is East of Milwaukee. Ali walks East. Ali is getting BLANK Milwaukee.,322374e3-84ec-5bc6-9a25-6ed40685fec2,base
A2FHM2F9QKP0O0,1,2,target,0,geocentric_distant,geocentric_distant_target,further from,closer to,Ali is East of Milwaukee. Ali walks East. Ali is getting BLANK Milwaukee.,322374e3-84ec-5bc6-9a25-6ed40685fec2,base
A2OVX9UW5WANQE,1,2,target,0,geocentric_distant,geocentric_distant_target,further from,closer to,Ali is East of Milwaukee. Ali walks East. Ali is getting BLANK Milwaukee.,322374e3-84ec-5bc6-9a25-6ed40685fec2,base
A2TDK0LD62WZ8Y,1,2,target,1,geocentric_distant,geocentric_distant_target,further from,closer to,Ali is East of Milwaukee. Ali walks East. Ali is getting BLANK Milwaukee.,322374e3-84ec-5bc6-9a25-6ed40685fec2,base
A30J4IZCMCR31F,1,2,target,1,geocentric_distant,geocentric_distant_target,further from,closer to,Ali is East of Milwaukee. Ali walks East. Ali is getting BLANK Milwaukee.,322374e3-84ec-5bc6-9a25-6ed40685fec2,base
A3CT8UTPVYUL04,1,2,target,0,geocentric_distant,geocentric_distant_target,further from,closer to,Ali is East of Milwaukee. Ali walks East. Ali is getting BLANK Milwaukee.,322374e3-84ec-5bc6-9a25-6ed40685fec2,base
A3N1W4VYI7VXEV,1,2,target,1,geocentric_distant,geocentric_distant_target,further from,closer to,Ali is East of Milwaukee. Ali walks East. Ali is getting BLANK Milwaukee.,322374e3-84ec-5bc6-9a25-6ed40685fec2,base
A3R97T5D3RR9JX,1,2,target,1,geocentric_distant,geocentric_distant_target,further from,closer to,Ali is East of Milwaukee. Ali walks East. Ali is getting BLANK Milwaukee.,322374e3-84ec-5bc6-9a25-6ed40685fec2,base
AKVQQVJKH11HQ,1,2,target,0,geocentric_distant,geocentric_distant_target,further from,closer to,Ali is East of Milwaukee. Ali walks East. Ali is getting BLANK Milwaukee.,322374e3-84ec-5bc6-9a25-6ed40685fec2,base
AMVBT3XDCQBHI,1,2,target,1,geocentric_distant,geocentric_distant_target,further from,closer to,Ali is East of Milwaukee. Ali walks East. Ali is getting BLANK Milwaukee.,322374e3-84ec-5bc6-9a25-6ed40685fec2,base
ANX6Q4NMZL8EI,1,2,target,1,geocentric_distant,geocentric_distant_target,further from,closer to,Ali is East of Milwaukee. Ali walks East. Ali is getting BLANK Milwaukee.,322374e3-84ec-5bc6-9a25-6ed40685fec2,base
APRZ7BR8C0ZMQ,1,2,target,0,geocentric_distant,geocentric_distant_target,further from,closer to,Ali is East of Milwaukee. Ali walks East. Ali is getting BLANK Milwaukee.,322374e3-84ec-5bc6-9a25-6ed40685fec2,base
ARR3UJTM2ZGK4,1,2,target,1,geocentric_distant,geocentric_distant_target,further from,closer to,Ali is East of Milwaukee. Ali walks East. Ali is getting BLANK Milwaukee.,322374e3-84ec-5bc6-9a25-6ed40685fec2,base
A12IAM6IU41KSU,1,2,target,0,geocentric_distant,geocentric_distant_target,Northeast,Southwest,Ali is directly North of Milwaukee. Ali walks East. Ali is BLANK Milwaukee.,6de916f2-8e10-52d0-8e30-7ae3dcd5aa73,base
A19NGUFGC7KIGW,1,2,target,1,geocentric_distant,geocentric_distant_target,Northeast,Southwest,Ali is directly North of Milwaukee. Ali walks East. Ali is BLANK Milwaukee.,6de916f2-8e10-52d0-8e30-7ae3dcd5aa73,base
A1CT8CGDUL8U5,1,2,target,1,geocentric_distant,geocentric_distant_target,Northeast,Southwest,Ali is directly North of Milwaukee. Ali walks East. Ali is BLANK Milwaukee.,6de916f2-8e10-52d0-8e30-7ae3dcd5aa73,base
A1T0ND039EWAVV,1,2,target,0,geocentric_distant,geocentric_distant_target,Northeast,Southwest,Ali is directly North of Milwaukee. Ali walks East. Ali is BLANK Milwaukee.,6de916f2-8e10-52d0-8e30-7ae3dcd5aa73,base
A2583YP0HGTKAG,1,2,target,1,geocentric_distant,geocentric_distant_target,Northeast,Southwest,Ali is directly North of Milwaukee. Ali walks East. Ali is BLANK Milwaukee.,6de916f2-8e10-52d0-8e30-7ae3dcd5aa73,base
A25PFSORDO3SWQ,1,2,target,1,geocentric_distant,geocentric_distant_target,Northeast,Southwest,Ali is directly North of Milwaukee. Ali walks East. Ali is BLANK Milwaukee.,6de916f2-8e10-52d0-8e30-7ae3dcd5aa73,base
A28G4QO0DRY8OZ,1,2,target,0,geocentric_distant,geocentric_distant_target,Northeast,Southwest,Ali is directly North of Milwaukee. Ali walks East. Ali is BLANK Milwaukee.,6de916f2-8e10-52d0-8e30-7ae3dcd5aa73,base
A2EE1ES8TUMNCM,1,2,target,1,geocentric_distant,geocentric_distant_target,Northeast,Southwest,Ali is directly North of Milwaukee. Ali walks East. Ali is BLANK Milwaukee.,6de916f2-8e10-52d0-8e30-7ae3dcd5aa73,base
A2FHM2F9QKP0O0,1,2,target,0,geocentric_distant,geocentric_distant_target,Northeast,Southwest,Ali is directly North of Milwaukee. Ali walks East. Ali is BLANK Milwaukee.,6de916f2-8e10-52d0-8e30-7ae3dcd5aa73,base
A2OVX9UW5WANQE,1,2,target,1,geocentric_distant,geocentric_distant_target,Northeast,Southwest,Ali is directly North of Milwaukee. Ali walks East. Ali is BLANK Milwaukee.,6de916f2-8e10-52d0-8e30-7ae3dcd5aa73,base
A2TDK0LD62WZ8Y,1,2,target,1,geocentric_distant,geocentric_distant_target,Northeast,Southwest,Ali is directly North of Milwaukee. Ali walks East. Ali is BLANK Milwaukee.,6de916f2-8e10-52d0-8e30-7ae3dcd5aa73,base
A30J4IZCMCR31F,1,2,target,1,geocentric_distant,geocentric_distant_target,Northeast,Southwest,Ali is directly North of Milwaukee. Ali walks East. Ali is BLANK Milwaukee.,6de916f2-8e10-52d0-8e30-7ae3dcd5aa73,base
A3CT8UTPVYUL04,1,2,target,1,geocentric_distant,geocentric_distant_target,Northeast,Southwest,Ali is directly North of Milwaukee. Ali walks East. Ali is BLANK Milwaukee.,6de916f2-8e10-52d0-8e30-7ae3dcd5aa73,base
A3N1W4VYI7VXEV,1,2,target,1,geocentric_distant,geocentric_distant_target,Northeast,Southwest,Ali is directly North of Milwaukee. Ali walks East. Ali is BLANK Milwaukee.,6de916f2-8e10-52d0-8e30-7ae3dcd5aa73,base
A3R97T5D3RR9JX,1,2,target,1,geocentric_distant,geocentric_distant_target,Northeast,Southwest,Ali is directly North of Milwaukee. Ali walks East. Ali is BLANK Milwaukee.,6de916f2-8e10-52d0-8e30-7ae3dcd5aa73,base
AKVQQVJKH11HQ,1,2,target,0,geocentric_distant,geocentric_distant_target,Northeast,Southwest,Ali is directly North of Milwaukee. Ali walks East. Ali is BLANK Milwaukee.,6de916f2-8e10-52d0-8e30-7ae3dcd5aa73,base
AMVBT3XDCQBHI,1,2,target,1,geocentric_distant,geocentric_distant_target,Northeast,Southwest,Ali is directly North of Milwaukee. Ali walks East. Ali is BLANK Milwaukee.,6de916f2-8e10-52d0-8e30-7ae3dcd5aa73,base
ANX6Q4NMZL8EI,1,2,target,1,geocentric_distant,geocentric_distant_target,Northeast,Southwest,Ali is directly North of Milwaukee. Ali walks East. Ali is BLANK Milwaukee.,6de916f2-8e10-52d0-8e30-7ae3dcd5aa73,base
APRZ7BR8C0ZMQ,1,2,target,0,geocentric_distant,geocentric_distant_target,Northeast,Southwest,Ali is directly North of Milwaukee. Ali walks East. Ali is BLANK Milwaukee.,6de916f2-8e10-52d0-8e30-7ae3dcd5aa73,base
ARR3UJTM2ZGK4,1,2,target,1,geocentric_distant,geocentric_distant_target,Northeast,Southwest,Ali is directly North of Milwaukee. Ali walks East. Ali is BLANK Milwaukee.,6de916f2-8e10-52d0-8e30-7ae3dcd5aa73,base
A12IAM6IU41KSU,1,2,target,1,egocentric_distant,egocentric_distant_target,in front of,behind,Ali is facing away from Chicago. Ali turns 180 degrees. Chicago is BLANK Ali.,71860fad-866e-5a6c-a86c-049ec2b5c509,base
A19NGUFGC7KIGW,1,2,target,1,egocentric_distant,egocentric_distant_target,in front of,behind,Ali is facing away from Chicago. Ali turns 180 degrees. Chicago is BLANK Ali.,71860fad-866e-5a6c-a86c-049ec2b5c509,base
A1CT8CGDUL8U5,1,2,target,1,egocentric_distant,egocentric_distant_target,in front of,behind,Ali is facing away from Chicago. Ali turns 180 degrees. Chicago is BLANK Ali.,71860fad-866e-5a6c-a86c-049ec2b5c509,base
A1T0ND039EWAVV,1,2,target,1,egocentric_distant,egocentric_distant_target,in front of,behind,Ali is facing away from Chicago. Ali turns 180 degrees. Chicago is BLANK Ali.,71860fad-866e-5a6c-a86c-049ec2b5c509,base
A2583YP0HGTKAG,1,2,target,1,egocentric_distant,egocentric_distant_target,in front of,behind,Ali is facing away from Chicago. Ali turns 180 degrees. Chicago is BLANK Ali.,71860fad-866e-5a6c-a86c-049ec2b5c509,base
A25PFSORDO3SWQ,1,2,target,1,egocentric_distant,egocentric_distant_target,in front of,behind,Ali is facing away from Chicago. Ali turns 180 degrees. Chicago is BLANK Ali.,71860fad-866e-5a6c-a86c-049ec2b5c509,base
A28G4QO0DRY8OZ,1,2,target,1,egocentric_distant,egocentric_distant_target,in front of,behind,Ali is facing away from Chicago. Ali turns 180 degrees. Chicago is BLANK Ali.,71860fad-866e-5a6c-a86c-049ec2b5c509,base
A2EE1ES8TUMNCM,1,2,target,1,egocentric_distant,egocentric_distant_target,in front of,behind,Ali is facing away from Chicago. Ali turns 180 degrees. Chicago is BLANK Ali.,71860fad-866e-5a6c-a86c-049ec2b5c509,base
A2FHM2F9QKP0O0,1,2,target,0,egocentric_distant,egocentric_distant_target,in front of,behind,Ali is facing away from Chicago. Ali turns 180 degrees. Chicago is BLANK Ali.,71860fad-866e-5a6c-a86c-049ec2b5c509,base
A2OVX9UW5WANQE,1,2,target,1,egocentric_distant,egocentric_distant_target,in front of,behind,Ali is facing away from Chicago. Ali turns 180 degrees. Chicago is BLANK Ali.,71860fad-866e-5a6c-a86c-049ec2b5c509,base
A2TDK0LD62WZ8Y,1,2,target,1,egocentric_distant,egocentric_distant_target,in front of,behind,Ali is facing away from Chicago. Ali turns 180 degrees. Chicago is BLANK Ali.,71860fad-866e-5a6c-a86c-049ec2b5c509,base
A30J4IZCMCR31F,1,2,target,1,egocentric_distant,egocentric_distant_target,in front of,behind,Ali is facing away from Chicago. Ali turns 180 degrees. Chicago is BLANK Ali.,71860fad-866e-5a6c-a86c-049ec2b5c509,base
A3CT8UTPVYUL04,1,2,target,1,egocentric_distant,egocentric_distant_target,in front of,behind,Ali is facing away from Chicago. Ali turns 180 degrees. Chicago is BLANK Ali.,71860fad-866e-5a6c-a86c-049ec2b5c509,base
A3N1W4VYI7VXEV,1,2,target,1,egocentric_distant,egocentric_distant_target,in front of,behind,Ali is facing away from Chicago. Ali turns 180 degrees. Chicago is BLANK Ali.,71860fad-866e-5a6c-a86c-049ec2b5c509,base
A3R97T5D3RR9JX,1,2,target,0,egocentric_distant,egocentric_distant_target,in front of,behind,Ali is facing away from Chicago. Ali turns 180 degrees. Chicago is BLANK Ali.,71860fad-866e-5a6c-a86c-049ec2b5c509,base
AKVQQVJKH11HQ,1,2,target,1,egocentric_distant,egocentric_distant_target,in front of,behind,Ali is facing away from Chicago. Ali turns 180 degrees. Chicago is BLANK Ali.,71860fad-866e-5a6c-a86c-049ec2b5c509,base
AMVBT3XDCQBHI,1,2,target,1,egocentric_distant,egocentric_distant_target,in front of,behind,Ali is facing away from Chicago. Ali turns 180 degrees. Chicago is BLANK Ali.,71860fad-866e-5a6c-a86c-049ec2b5c509,base
ANX6Q4NMZL8EI,1,2,target,0,egocentric_distant,egocentric_distant_target,in front of,behind,Ali is facing away from Chicago. Ali turns 180 degrees. Chicago is BLANK Ali.,71860fad-866e-5a6c-a86c-049ec2b5c509,base
APRZ7BR8C0ZMQ,1,2,target,0,egocentric_distant,egocentric_distant_target,in front of,behind,Ali is facing away from Chicago. Ali turns 180 degrees. Chicago is BLANK Ali.,71860fad-866e-5a6c-a86c-049ec2b5c509,base
ARR3UJTM2ZGK4,1,2,target,1,egocentric_distant,egocentric_distant_target,in front of,behind,Ali is facing away from Chicago. Ali turns 180 degrees. Chicago is BLANK Ali.,71860fad-866e-5a6c-a86c-049ec2b5c509,base
A12IAM6IU41KSU,1,2,target,0,egocentric_distant,egocentric_distant_target,left of,right of,Ali is facing away from Chicago. Ali turns left. Chicago is BLANK Ali.,9f9092b3-4ed3-5b54-92bb-a68e83301300,base
A19NGUFGC7KIGW,1,2,target,1,egocentric_distant,egocentric_distant_target,left of,right of,Ali is facing away from Chicago. Ali turns left. Chicago is BLANK Ali.,9f9092b3-4ed3-5b54-92bb-a68e83301300,base
A1CT8CGDUL8U5,1,2,target,1,egocentric_distant,egocentric_distant_target,left of,right of,Ali is facing away from Chicago. Ali turns left. Chicago is BLANK Ali.,9f9092b3-4ed3-5b54-92bb-a68e83301300,base
A1T0ND039EWAVV,1,2,target,1,egocentric_distant,egocentric_distant_target,left of,right of,Ali is facing away from Chicago. Ali turns left. Chicago is BLANK Ali.,9f9092b3-4ed3-5b54-92bb-a68e83301300,base
A2583YP0HGTKAG,1,2,target,1,egocentric_distant,egocentric_distant_target,left of,right of,Ali is facing away from Chicago. Ali turns left. Chicago is BLANK Ali.,9f9092b3-4ed3-5b54-92bb-a68e83301300,base
A25PFSORDO3SWQ,1,2,target,1,egocentric_distant,egocentric_distant_target,left of,right of,Ali is facing away from Chicago. Ali turns left. Chicago is BLANK Ali.,9f9092b3-4ed3-5b54-92bb-a68e83301300,base
A28G4QO0DRY8OZ,1,2,target,1,egocentric_distant,egocentric_distant_target,left of,right of,Ali is facing away from Chicago. Ali turns left. Chicago is BLANK Ali.,9f9092b3-4ed3-5b54-92bb-a68e83301300,base
A2EE1ES8TUMNCM,1,2,target,0,egocentric_distant,egocentric_distant_target,left of,right of,Ali is facing away from Chicago. Ali turns left. Chicago is BLANK Ali.,9f9092b3-4ed3-5b54-92bb-a68e83301300,base
A2FHM2F9QKP0O0,1,2,target,1,egocentric_distant,egocentric_distant_target,left of,right of,Ali is facing away from Chicago. Ali turns left. Chicago is BLANK Ali.,9f9092b3-4ed3-5b54-92bb-a68e83301300,base
A2OVX9UW5WANQE,1,2,target,0,egocentric_distant,egocentric_distant_target,left of,right of,Ali is facing away from Chicago. Ali turns left. Chicago is BLANK Ali.,9f9092b3-4ed3-5b54-92bb-a68e83301300,base
A2TDK0LD62WZ8Y,1,2,target,1,egocentric_distant,egocentric_distant_target,left of,right of,Ali is facing away from Chicago. Ali turns left. Chicago is BLANK Ali.,9f9092b3-4ed3-5b54-92bb-a68e83301300,base
A30J4IZCMCR31F,1,2,target,0,egocentric_distant,egocentric_distant_target,left of,right of,Ali is facing away from Chicago. Ali turns left. Chicago is BLANK Ali.,9f9092b3-4ed3-5b54-92bb-a68e83301300,base
A3CT8UTPVYUL04,1,2,target,1,egocentric_distant,egocentric_distant_target,left of,right of,Ali is facing away from Chicago. Ali turns left. Chicago is BLANK Ali.,9f9092b3-4ed3-5b54-92bb-a68e83301300,base
A3N1W4VYI7VXEV,1,2,target,1,egocentric_distant,egocentric_distant_target,left of,right of,Ali is facing away from Chicago. Ali turns left. Chicago is BLANK Ali.,9f9092b3-4ed3-5b54-92bb-a68e83301300,base
A3R97T5D3RR9JX,1,2,target,0,egocentric_distant,egocentric_distant_target,left of,right of,Ali is facing away from Chicago. Ali turns left. Chicago is BLANK Ali.,9f9092b3-4ed3-5b54-92bb-a68e83301300,base
AKVQQVJKH11HQ,1,2,target,1,egocentric_distant,egocentric_distant_target,left of,right of,Ali is facing away from Chicago. Ali turns left. Chicago is BLANK Ali.,9f9092b3-4ed3-5b54-92bb-a68e83301300,base
AMVBT3XDCQBHI,1,2,target,1,egocentric_distant,egocentric_distant_target,left of,right of,Ali is facing away from Chicago. Ali turns left. Chicago is BLANK Ali.,9f9092b3-4ed3-5b54-92bb-a68e83301300,base
ANX6Q4NMZL8EI,1,2,target,0,egocentric_distant,egocentric_distant_target,left of,right of,Ali is facing away from Chicago. Ali turns left. Chicago is BLANK Ali.,9f9092b3-4ed3-5b54-92bb-a68e83301300,base
APRZ7BR8C0ZMQ,1,2,target,0,egocentric_distant,egocentric_distant_target,left of,right of,Ali is facing away from Chicago. Ali turns left. Chicago is BLANK Ali.,9f9092b3-4ed3-5b54-92bb-a68e83301300,base
ARR3UJTM2ZGK4,1,2,target,0,egocentric_distant,egocentric_distant_target,left of,right of,Ali is facing away from Chicago. Ali turns left. Chicago is BLANK Ali.,9f9092b3-4ed3-5b54-92bb-a68e83301300,base
A12IAM6IU41KSU,1,2,target,0,two_refs_egocentric,two_refs_egocentric_target,away,towards,Ali is facing towards Mark. Ali turns around. Ali is facing BLANK Mark.,03aa1fc7-369b-5dbc-a94e-7d6f36d60ff7,base
A19NGUFGC7KIGW,1,2,target,1,two_refs_egocentric,two_refs_egocentric_target,away,towards,Ali is facing towards Mark. Ali turns around. Ali is facing BLANK Mark.,03aa1fc7-369b-5dbc-a94e-7d6f36d60ff7,base
A1CT8CGDUL8U5,1,2,target,1,two_refs_egocentric,two_refs_egocentric_target,away,towards,Ali is facing towards Mark. Ali turns around. Ali is facing BLANK Mark.,03aa1fc7-369b-5dbc-a94e-7d6f36d60ff7,base
A1T0ND039EWAVV,1,2,target,0,two_refs_egocentric,two_refs_egocentric_target,away,towards,Ali is facing towards Mark. Ali turns around. Ali is facing BLANK Mark.,03aa1fc7-369b-5dbc-a94e-7d6f36d60ff7,base
A2583YP0HGTKAG,1,2,target,1,two_refs_egocentric,two_refs_egocentric_target,away,towards,Ali is facing towards Mark. Ali turns around. Ali is facing BLANK Mark.,03aa1fc7-369b-5dbc-a94e-7d6f36d60ff7,base
A25PFSORDO3SWQ,1,2,target,1,two_refs_egocentric,two_refs_egocentric_target,away,towards,Ali is facing towards Mark. Ali turns around. Ali is facing BLANK Mark.,03aa1fc7-369b-5dbc-a94e-7d6f36d60ff7,base
A28G4QO0DRY8OZ,1,2,target,1,two_refs_egocentric,two_refs_egocentric_target,away,towards,Ali is facing towards Mark. Ali turns around. Ali is facing BLANK Mark.,03aa1fc7-369b-5dbc-a94e-7d6f36d60ff7,base
A2EE1ES8TUMNCM,1,2,target,1,two_refs_egocentric,two_refs_egocentric_target,away,towards,Ali is facing towards Mark. Ali turns around. Ali is facing BLANK Mark.,03aa1fc7-369b-5dbc-a94e-7d6f36d60ff7,base
A2FHM2F9QKP0O0,1,2,target,0,two_refs_egocentric,two_refs_egocentric_target,away,towards,Ali is facing towards Mark. Ali turns around. Ali is facing BLANK Mark.,03aa1fc7-369b-5dbc-a94e-7d6f36d60ff7,base
A2OVX9UW5WANQE,1,2,target,1,two_refs_egocentric,two_refs_egocentric_target,away,towards,Ali is facing towards Mark. Ali turns around. Ali is facing BLANK Mark.,03aa1fc7-369b-5dbc-a94e-7d6f36d60ff7,base
A2TDK0LD62WZ8Y,1,2,target,1,two_refs_egocentric,two_refs_egocentric_target,away,towards,Ali is facing towards Mark. Ali turns around. Ali is facing BLANK Mark.,03aa1fc7-369b-5dbc-a94e-7d6f36d60ff7,base
A30J4IZCMCR31F,1,2,target,1,two_refs_egocentric,two_refs_egocentric_target,away,towards,Ali is facing towards Mark. Ali turns around. Ali is facing BLANK Mark.,03aa1fc7-369b-5dbc-a94e-7d6f36d60ff7,base
A3CT8UTPVYUL04,1,2,target,0,two_refs_egocentric,two_refs_egocentric_target,away,towards,Ali is facing towards Mark. Ali turns around. Ali is facing BLANK Mark.,03aa1fc7-369b-5dbc-a94e-7d6f36d60ff7,base
A3N1W4VYI7VXEV,1,2,target,1,two_refs_egocentric,two_refs_egocentric_target,away,towards,Ali is facing towards Mark. Ali turns around. Ali is facing BLANK Mark.,03aa1fc7-369b-5dbc-a94e-7d6f36d60ff7,base
A3R97T5D3RR9JX,1,2,target,0,two_refs_egocentric,two_refs_egocentric_target,away,towards,Ali is facing towards Mark. Ali turns around. Ali is facing BLANK Mark.,03aa1fc7-369b-5dbc-a94e-7d6f36d60ff7,base
AKVQQVJKH11HQ,1,2,target,0,two_refs_egocentric,two_refs_egocentric_target,away,towards,Ali is facing towards Mark. Ali turns around. Ali is facing BLANK Mark.,03aa1fc7-369b-5dbc-a94e-7d6f36d60ff7,base
AMVBT3XDCQBHI,1,2,target,1,two_refs_egocentric,two_refs_egocentric_target,away,towards,Ali is facing towards Mark. Ali turns around. Ali is facing BLANK Mark.,03aa1fc7-369b-5dbc-a94e-7d6f36d60ff7,base
ANX6Q4NMZL8EI,1,2,target,1,two_refs_egocentric,two_refs_egocentric_target,away,towards,Ali is facing towards Mark. Ali turns around. Ali is facing BLANK Mark.,03aa1fc7-369b-5dbc-a94e-7d6f36d60ff7,base
APRZ7BR8C0ZMQ,1,2,target,1,two_refs_egocentric,two_refs_egocentric_target,away,towards,Ali is facing towards Mark. Ali turns around. Ali is facing BLANK Mark.,03aa1fc7-369b-5dbc-a94e-7d6f36d60ff7,base
ARR3UJTM2ZGK4,1,2,target,1,two_refs_egocentric,two_refs_egocentric_target,away,towards,Ali is facing towards Mark. Ali turns around. Ali is facing BLANK Mark.,03aa1fc7-369b-5dbc-a94e-7d6f36d60ff7,base
A12IAM6IU41KSU,1,2,target,0,relative_pos,relative_pos_target,further from,closer to,Ali is holding the tennis ball and the ping pong ball. Ali drops the ping pong ball. The ping pong ball is BLANK the tennis ball.,0c87b093-1da4-59ac-a807-0c9499c24fed,base
A19NGUFGC7KIGW,1,2,target,1,relative_pos,relative_pos_target,further from,closer to,Ali is holding the tennis ball and the ping pong ball. Ali drops the ping pong ball. The ping pong ball is BLANK the tennis ball.,0c87b093-1da4-59ac-a807-0c9499c24fed,base
A1CT8CGDUL8U5,1,2,target,1,relative_pos,relative_pos_target,further from,closer to,Ali is holding the tennis ball and the ping pong ball. Ali drops the ping pong ball. The ping pong ball is BLANK the tennis ball.,0c87b093-1da4-59ac-a807-0c9499c24fed,base
A1T0ND039EWAVV,1,2,target,0,relative_pos,relative_pos_target,further from,closer to,Ali is holding the tennis ball and the ping pong ball. Ali drops the ping pong ball. The ping pong ball is BLANK the tennis ball.,0c87b093-1da4-59ac-a807-0c9499c24fed,base
A2583YP0HGTKAG,1,2,target,1,relative_pos,relative_pos_target,further from,closer to,Ali is holding the tennis ball and the ping pong ball. Ali drops the ping pong ball. The ping pong ball is BLANK the tennis ball.,0c87b093-1da4-59ac-a807-0c9499c24fed,base
A25PFSORDO3SWQ,1,2,target,1,relative_pos,relative_pos_target,further from,closer to,Ali is holding the tennis ball and the ping pong ball. Ali drops the ping pong ball. The ping pong ball is BLANK the tennis ball.,0c87b093-1da4-59ac-a807-0c9499c24fed,base
A28G4QO0DRY8OZ,1,2,target,1,relative_pos,relative_pos_target,further from,closer to,Ali is holding the tennis ball and the ping pong ball. Ali drops the ping pong ball. The ping pong ball is BLANK the tennis ball.,0c87b093-1da4-59ac-a807-0c9499c24fed,base
A2EE1ES8TUMNCM,1,2,target,1,relative_pos,relative_pos_target,further from,closer to,Ali is holding the tennis ball and the ping pong ball. Ali drops the ping pong ball. The ping pong ball is BLANK the tennis ball.,0c87b093-1da4-59ac-a807-0c9499c24fed,base
A2FHM2F9QKP0O0,1,2,target,1,relative_pos,relative_pos_target,further from,closer to,Ali is holding the tennis ball and the ping pong ball. Ali drops the ping pong ball. The ping pong ball is BLANK the tennis ball.,0c87b093-1da4-59ac-a807-0c9499c24fed,base
A2OVX9UW5WANQE,1,2,target,1,relative_pos,relative_pos_target,further from,closer to,Ali is holding the tennis ball and the ping pong ball. Ali drops the ping pong ball. The ping pong ball is BLANK the tennis ball.,0c87b093-1da4-59ac-a807-0c9499c24fed,base
A2TDK0LD62WZ8Y,1,2,target,1,relative_pos,relative_pos_target,further from,closer to,Ali is holding the tennis ball and the ping pong ball. Ali drops the ping pong ball. The ping pong ball is BLANK the tennis ball.,0c87b093-1da4-59ac-a807-0c9499c24fed,base
A30J4IZCMCR31F,1,2,target,1,relative_pos,relative_pos_target,further from,closer to,Ali is holding the tennis ball and the ping pong ball. Ali drops the ping pong ball. The ping pong ball is BLANK the tennis ball.,0c87b093-1da4-59ac-a807-0c9499c24fed,base
A3CT8UTPVYUL04,1,2,target,1,relative_pos,relative_pos_target,further from,closer to,Ali is holding the tennis ball and the ping pong ball. Ali drops the ping pong ball. The ping pong ball is BLANK the tennis ball.,0c87b093-1da4-59ac-a807-0c9499c24fed,base
A3N1W4VYI7VXEV,1,2,target,1,relative_pos,relative_pos_target,further from,closer to,Ali is holding the tennis ball and the ping pong ball. Ali drops the ping pong ball. The ping pong ball is BLANK the tennis ball.,0c87b093-1da4-59ac-a807-0c9499c24fed,base
A3R97T5D3RR9JX,1,2,target,0,relative_pos,relative_pos_target,further from,closer to,Ali is holding the tennis ball and the ping pong ball. Ali drops the ping pong ball. The ping pong ball is BLANK the tennis ball.,0c87b093-1da4-59ac-a807-0c9499c24fed,base
AKVQQVJKH11HQ,1,2,target,1,relative_pos,relative_pos_target,further from,closer to,Ali is holding the tennis ball and the ping pong ball. Ali drops the ping pong ball. The ping pong ball is BLANK the tennis ball.,0c87b093-1da4-59ac-a807-0c9499c24fed,base
AMVBT3XDCQBHI,1,2,target,1,relative_pos,relative_pos_target,further from,closer to,Ali is holding the tennis ball and the ping pong ball. Ali drops the ping pong ball. The ping pong ball is BLANK the tennis ball.,0c87b093-1da4-59ac-a807-0c9499c24fed,base
ANX6Q4NMZL8EI,1,2,target,1,relative_pos,relative_pos_target,further from,closer to,Ali is holding the tennis ball and the ping pong ball. Ali drops the ping pong ball. The ping pong ball is BLANK the tennis ball.,0c87b093-1da4-59ac-a807-0c9499c24fed,base
APRZ7BR8C0ZMQ,1,2,target,1,relative_pos,relative_pos_target,further from,closer to,Ali is holding the tennis ball and the ping pong ball. Ali drops the ping pong ball. The ping pong ball is BLANK the tennis ball.,0c87b093-1da4-59ac-a807-0c9499c24fed,base
ARR3UJTM2ZGK4,1,2,target,1,relative_pos,relative_pos_target,further from,closer to,Ali is holding the tennis ball and the ping pong ball. Ali drops the ping pong ball. The ping pong ball is BLANK the tennis ball.,0c87b093-1da4-59ac-a807-0c9499c24fed,base
A12IAM6IU41KSU,1,2,target,0,egocentric_near,egocentric_near_target,behind,in front of,Ali is in front of the painting. Ali turns around. The painting is BLANK Ali.,0a88b924-541a-5335-9751-52a949f5b4af,base
A19NGUFGC7KIGW,1,2,target,1,egocentric_near,egocentric_near_target,behind,in front of,Ali is in front of the painting. Ali turns around. The painting is BLANK Ali.,0a88b924-541a-5335-9751-52a949f5b4af,base
A1CT8CGDUL8U5,1,2,target,1,egocentric_near,egocentric_near_target,behind,in front of,Ali is in front of the painting. Ali turns around. The painting is BLANK Ali.,0a88b924-541a-5335-9751-52a949f5b4af,base
A1T0ND039EWAVV,1,2,target,1,egocentric_near,egocentric_near_target,behind,in front of,Ali is in front of the painting. Ali turns around. The painting is BLANK Ali.,0a88b924-541a-5335-9751-52a949f5b4af,base
A2583YP0HGTKAG,1,2,target,1,egocentric_near,egocentric_near_target,behind,in front of,Ali is in front of the painting. Ali turns around. The painting is BLANK Ali.,0a88b924-541a-5335-9751-52a949f5b4af,base
A25PFSORDO3SWQ,1,2,target,1,egocentric_near,egocentric_near_target,behind,in front of,Ali is in front of the painting. Ali turns around. The painting is BLANK Ali.,0a88b924-541a-5335-9751-52a949f5b4af,base
A28G4QO0DRY8OZ,1,2,target,1,egocentric_near,egocentric_near_target,behind,in front of,Ali is in front of the painting. Ali turns around. The painting is BLANK Ali.,0a88b924-541a-5335-9751-52a949f5b4af,base
A2EE1ES8TUMNCM,1,2,target,1,egocentric_near,egocentric_near_target,behind,in front of,Ali is in front of the painting. Ali turns around. The painting is BLANK Ali.,0a88b924-541a-5335-9751-52a949f5b4af,base
A2FHM2F9QKP0O0,1,2,target,0,egocentric_near,egocentric_near_target,behind,in front of,Ali is in front of the painting. Ali turns around. The painting is BLANK Ali.,0a88b924-541a-5335-9751-52a949f5b4af,base
A2OVX9UW5WANQE,1,2,target,1,egocentric_near,egocentric_near_target,behind,in front of,Ali is in front of the painting. Ali turns around. The painting is BLANK Ali.,0a88b924-541a-5335-9751-52a949f5b4af,base
A2TDK0LD62WZ8Y,1,2,target,1,egocentric_near,egocentric_near_target,behind,in front of,Ali is in front of the painting. Ali turns around. The painting is BLANK Ali.,0a88b924-541a-5335-9751-52a949f5b4af,base
A30J4IZCMCR31F,1,2,target,1,egocentric_near,egocentric_near_target,behind,in front of,Ali is in front of the painting. Ali turns around. The painting is BLANK Ali.,0a88b924-541a-5335-9751-52a949f5b4af,base
A3CT8UTPVYUL04,1,2,target,1,egocentric_near,egocentric_near_target,behind,in front of,Ali is in front of the painting. Ali turns around. The painting is BLANK Ali.,0a88b924-541a-5335-9751-52a949f5b4af,base
A3N1W4VYI7VXEV,1,2,target,1,egocentric_near,egocentric_near_target,behind,in front of,Ali is in front of the painting. Ali turns around. The painting is BLANK Ali.,0a88b924-541a-5335-9751-52a949f5b4af,base
A3R97T5D3RR9JX,1,2,target,0,egocentric_near,egocentric_near_target,behind,in front of,Ali is in front of the painting. Ali turns around. The painting is BLANK Ali.,0a88b924-541a-5335-9751-52a949f5b4af,base
AKVQQVJKH11HQ,1,2,target,1,egocentric_near,egocentric_near_target,behind,in front of,Ali is in front of the painting. Ali turns around. The painting is BLANK Ali.,0a88b924-541a-5335-9751-52a949f5b4af,base
AMVBT3XDCQBHI,1,2,target,0,egocentric_near,egocentric_near_target,behind,in front of,Ali is in front of the painting. Ali turns around. The painting is BLANK Ali.,0a88b924-541a-5335-9751-52a949f5b4af,base
ANX6Q4NMZL8EI,1,2,target,1,egocentric_near,egocentric_near_target,behind,in front of,Ali is in front of the painting. Ali turns around. The painting is BLANK Ali.,0a88b924-541a-5335-9751-52a949f5b4af,base
APRZ7BR8C0ZMQ,1,2,target,1,egocentric_near,egocentric_near_target,behind,in front of,Ali is in front of the painting. Ali turns around. The painting is BLANK Ali.,0a88b924-541a-5335-9751-52a949f5b4af,base
ARR3UJTM2ZGK4,1,2,target,1,egocentric_near,egocentric_near_target,behind,in front of,Ali is in front of the painting. Ali turns around. The painting is BLANK Ali.,0a88b924-541a-5335-9751-52a949f5b4af,base
A12IAM6IU41KSU,1,2,target,0,action_follows,action_follows_target,moves,doesn't move,Ali is in front of the wagon. Ali pulls on the wagon. The wagon BLANK.,666c803c-74c4-513d-b139-6c9591d087a0,base
A19NGUFGC7KIGW,1,2,target,1,action_follows,action_follows_target,moves,doesn't move,Ali is in front of the wagon. Ali pulls on the wagon. The wagon BLANK.,666c803c-74c4-513d-b139-6c9591d087a0,base
A1CT8CGDUL8U5,1,2,target,1,action_follows,action_follows_target,moves,doesn't move,Ali is in front of the wagon. Ali pulls on the wagon. The wagon BLANK.,666c803c-74c4-513d-b139-6c9591d087a0,base
A1T0ND039EWAVV,1,2,target,1,action_follows,action_follows_target,moves,doesn't move,Ali is in front of the wagon. Ali pulls on the wagon. The wagon BLANK.,666c803c-74c4-513d-b139-6c9591d087a0,base
A2583YP0HGTKAG,1,2,target,1,action_follows,action_follows_target,moves,doesn't move,Ali is in front of the wagon. Ali pulls on the wagon. The wagon BLANK.,666c803c-74c4-513d-b139-6c9591d087a0,base
A25PFSORDO3SWQ,1,2,target,1,action_follows,action_follows_target,moves,doesn't move,Ali is in front of the wagon. Ali pulls on the wagon. The wagon BLANK.,666c803c-74c4-513d-b139-6c9591d087a0,base
A28G4QO0DRY8OZ,1,2,target,1,action_follows,action_follows_target,moves,doesn't move,Ali is in front of the wagon. Ali pulls on the wagon. The wagon BLANK.,666c803c-74c4-513d-b139-6c9591d087a0,base
A2EE1ES8TUMNCM,1,2,target,1,action_follows,action_follows_target,moves,doesn't move,Ali is in front of the wagon. Ali pulls on the wagon. The wagon BLANK.,666c803c-74c4-513d-b139-6c9591d087a0,base
A2FHM2F9QKP0O0,1,2,target,1,action_follows,action_follows_target,moves,doesn't move,Ali is in front of the wagon. Ali pulls on the wagon. The wagon BLANK.,666c803c-74c4-513d-b139-6c9591d087a0,base
A2OVX9UW5WANQE,1,2,target,1,action_follows,action_follows_target,moves,doesn't move,Ali is in front of the wagon. Ali pulls on the wagon. The wagon BLANK.,666c803c-74c4-513d-b139-6c9591d087a0,base
A2TDK0LD62WZ8Y,1,2,target,1,action_follows,action_follows_target,moves,doesn't move,Ali is in front of the wagon. Ali pulls on the wagon. The wagon BLANK.,666c803c-74c4-513d-b139-6c9591d087a0,base
A30J4IZCMCR31F,1,2,target,1,action_follows,action_follows_target,moves,doesn't move,Ali is in front of the wagon. Ali pulls on the wagon. The wagon BLANK.,666c803c-74c4-513d-b139-6c9591d087a0,base
A3CT8UTPVYUL04,1,2,target,1,action_follows,action_follows_target,moves,doesn't move,Ali is in front of the wagon. Ali pulls on the wagon. The wagon BLANK.,666c803c-74c4-513d-b139-6c9591d087a0,base
A3N1W4VYI7VXEV,1,2,target,1,action_follows,action_follows_target,moves,doesn't move,Ali is in front of the wagon. Ali pulls on the wagon. The wagon BLANK.,666c803c-74c4-513d-b139-6c9591d087a0,base
A3R97T5D3RR9JX,1,2,target,1,action_follows,action_follows_target,moves,doesn't move,Ali is in front of the wagon. Ali pulls on the wagon. The wagon BLANK.,666c803c-74c4-513d-b139-6c9591d087a0,base
AKVQQVJKH11HQ,1,2,target,1,action_follows,action_follows_target,moves,doesn't move,Ali is in front of the wagon. Ali pulls on the wagon. The wagon BLANK.,666c803c-74c4-513d-b139-6c9591d087a0,base
AMVBT3XDCQBHI,1,2,target,1,action_follows,action_follows_target,moves,doesn't move,Ali is in front of the wagon. Ali pulls on the wagon. The wagon BLANK.,666c803c-74c4-513d-b139-6c9591d087a0,base
ANX6Q4NMZL8EI,1,2,target,1,action_follows,action_follows_target,moves,doesn't move,Ali is in front of the wagon. Ali pulls on the wagon. The wagon BLANK.,666c803c-74c4-513d-b139-6c9591d087a0,base
APRZ7BR8C0ZMQ,1,2,target,1,action_follows,action_follows_target,moves,doesn't move,Ali is in front of the wagon. Ali pulls on the wagon. The wagon BLANK.,666c803c-74c4-513d-b139-6c9591d087a0,base
ARR3UJTM2ZGK4,1,2,target,1,action_follows,action_follows_target,moves,doesn't move,Ali is in front of the wagon. Ali pulls on the wagon. The wagon BLANK.,666c803c-74c4-513d-b139-6c9591d087a0,base
A12IAM6IU41KSU,1,2,target,0,action_nonfollows,action_nonfollows_target,doesn't move,moves,Ali is in the wagon. Ali pulls on the wagon. The wagon BLANK.,9794199e-e300-558b-b9ec-95fcbc93544f,base
A19NGUFGC7KIGW,1,2,target,1,action_nonfollows,action_nonfollows_target,doesn't move,moves,Ali is in the wagon. Ali pulls on the wagon. The wagon BLANK.,9794199e-e300-558b-b9ec-95fcbc93544f,base
A1CT8CGDUL8U5,1,2,target,1,action_nonfollows,action_nonfollows_target,doesn't move,moves,Ali is in the wagon. Ali pulls on the wagon. The wagon BLANK.,9794199e-e300-558b-b9ec-95fcbc93544f,base
A1T0ND039EWAVV,1,2,target,0,action_nonfollows,action_nonfollows_target,doesn't move,moves,Ali is in the wagon. Ali pulls on the wagon. The wagon BLANK.,9794199e-e300-558b-b9ec-95fcbc93544f,base
A2583YP0HGTKAG,1,2,target,1,action_nonfollows,action_nonfollows_target,doesn't move,moves,Ali is in the wagon. Ali pulls on the wagon. The wagon BLANK.,9794199e-e300-558b-b9ec-95fcbc93544f,base
A25PFSORDO3SWQ,1,2,target,1,action_nonfollows,action_nonfollows_target,doesn't move,moves,Ali is in the wagon. Ali pulls on the wagon. The wagon BLANK.,9794199e-e300-558b-b9ec-95fcbc93544f,base
A28G4QO0DRY8OZ,1,2,target,1,action_nonfollows,action_nonfollows_target,doesn't move,moves,Ali is in the wagon. Ali pulls on the wagon. The wagon BLANK.,9794199e-e300-558b-b9ec-95fcbc93544f,base
A2EE1ES8TUMNCM,1,2,target,0,action_nonfollows,action_nonfollows_target,doesn't move,moves,Ali is in the wagon. Ali pulls on the wagon. The wagon BLANK.,9794199e-e300-558b-b9ec-95fcbc93544f,base
A2FHM2F9QKP0O0,1,2,target,0,action_nonfollows,action_nonfollows_target,doesn't move,moves,Ali is in the wagon. Ali pulls on the wagon. The wagon BLANK.,9794199e-e300-558b-b9ec-95fcbc93544f,base
A2OVX9UW5WANQE,1,2,target,0,action_nonfollows,action_nonfollows_target,doesn't move,moves,Ali is in the wagon. Ali pulls on the wagon. The wagon BLANK.,9794199e-e300-558b-b9ec-95fcbc93544f,base
A2TDK0LD62WZ8Y,1,2,target,1,action_nonfollows,action_nonfollows_target,doesn't move,moves,Ali is in the wagon. Ali pulls on the wagon. The wagon BLANK.,9794199e-e300-558b-b9ec-95fcbc93544f,base
A30J4IZCMCR31F,1,2,target,0,action_nonfollows,action_nonfollows_target,doesn't move,moves,Ali is in the wagon. Ali pulls on the wagon. The wagon BLANK.,9794199e-e300-558b-b9ec-95fcbc93544f,base
A3CT8UTPVYUL04,1,2,target,1,action_nonfollows,action_nonfollows_target,doesn't move,moves,Ali is in the wagon. Ali pulls on the wagon. The wagon BLANK.,9794199e-e300-558b-b9ec-95fcbc93544f,base
A3N1W4VYI7VXEV,1,2,target,0,action_nonfollows,action_nonfollows_target,doesn't move,moves,Ali is in the wagon. Ali pulls on the wagon. The wagon BLANK.,9794199e-e300-558b-b9ec-95fcbc93544f,base
A3R97T5D3RR9JX,1,2,target,1,action_nonfollows,action_nonfollows_target,doesn't move,moves,Ali is in the wagon. Ali pulls on the wagon. The wagon BLANK.,9794199e-e300-558b-b9ec-95fcbc93544f,base
AKVQQVJKH11HQ,1,2,target,1,action_nonfollows,action_nonfollows_target,doesn't move,moves,Ali is in the wagon. Ali pulls on the wagon. The wagon BLANK.,9794199e-e300-558b-b9ec-95fcbc93544f,base
AMVBT3XDCQBHI,1,2,target,1,action_nonfollows,action_nonfollows_target,doesn't move,moves,Ali is in the wagon. Ali pulls on the wagon. The wagon BLANK.,9794199e-e300-558b-b9ec-95fcbc93544f,base
ANX6Q4NMZL8EI,1,2,target,1,action_nonfollows,action_nonfollows_target,doesn't move,moves,Ali is in the wagon. Ali pulls on the wagon. The wagon BLANK.,9794199e-e300-558b-b9ec-95fcbc93544f,base
APRZ7BR8C0ZMQ,1,2,target,0,action_nonfollows,action_nonfollows_target,doesn't move,moves,Ali is in the wagon. Ali pulls on the wagon. The wagon BLANK.,9794199e-e300-558b-b9ec-95fcbc93544f,base
ARR3UJTM2ZGK4,1,2,target,1,action_nonfollows,action_nonfollows_target,doesn't move,moves,Ali is in the wagon. Ali pulls on the wagon. The wagon BLANK.,9794199e-e300-558b-b9ec-95fcbc93544f,base
A12IAM6IU41KSU,1,2,target,1,two_refs_egocentric,two_refs_egocentric_target,can't see,sees,Ali is to the right of Mark. Mark looks to his left. Mark BLANK Ali.,fbf592f6-8ba1-5c3c-9621-b9b115f14b45,base
A19NGUFGC7KIGW,1,2,target,1,two_refs_egocentric,two_refs_egocentric_target,can't see,sees,Ali is to the right of Mark. Mark looks to his left. Mark BLANK Ali.,fbf592f6-8ba1-5c3c-9621-b9b115f14b45,base
A1CT8CGDUL8U5,1,2,target,1,two_refs_egocentric,two_refs_egocentric_target,can't see,sees,Ali is to the right of Mark. Mark looks to his left. Mark BLANK Ali.,fbf592f6-8ba1-5c3c-9621-b9b115f14b45,base
A1T0ND039EWAVV,1,2,target,0,two_refs_egocentric,two_refs_egocentric_target,can't see,sees,Ali is to the right of Mark. Mark looks to his left. Mark BLANK Ali.,fbf592f6-8ba1-5c3c-9621-b9b115f14b45,base
A2583YP0HGTKAG,1,2,target,1,two_refs_egocentric,two_refs_egocentric_target,can't see,sees,Ali is to the right of Mark. Mark looks to his left. Mark BLANK Ali.,fbf592f6-8ba1-5c3c-9621-b9b115f14b45,base
A25PFSORDO3SWQ,1,2,target,0,two_refs_egocentric,two_refs_egocentric_target,can't see,sees,Ali is to the right of Mark. Mark looks to his left. Mark BLANK Ali.,fbf592f6-8ba1-5c3c-9621-b9b115f14b45,base
A28G4QO0DRY8OZ,1,2,target,1,two_refs_egocentric,two_refs_egocentric_target,can't see,sees,Ali is to the right of Mark. Mark looks to his left. Mark BLANK Ali.,fbf592f6-8ba1-5c3c-9621-b9b115f14b45,base
A2EE1ES8TUMNCM,1,2,target,1,two_refs_egocentric,two_refs_egocentric_target,can't see,sees,Ali is to the right of Mark. Mark looks to his left. Mark BLANK Ali.,fbf592f6-8ba1-5c3c-9621-b9b115f14b45,base
A2FHM2F9QKP0O0,1,2,target,0,two_refs_egocentric,two_refs_egocentric_target,can't see,sees,Ali is to the right of Mark. Mark looks to his left. Mark BLANK Ali.,fbf592f6-8ba1-5c3c-9621-b9b115f14b45,base
A2OVX9UW5WANQE,1,2,target,1,two_refs_egocentric,two_refs_egocentric_target,can't see,sees,Ali is to the right of Mark. Mark looks to his left. Mark BLANK Ali.,fbf592f6-8ba1-5c3c-9621-b9b115f14b45,base
A2TDK0LD62WZ8Y,1,2,target,0,two_refs_egocentric,two_refs_egocentric_target,can't see,sees,Ali is to the right of Mark. Mark looks to his left. Mark BLANK Ali.,fbf592f6-8ba1-5c3c-9621-b9b115f14b45,base
A30J4IZCMCR31F,1,2,target,1,two_refs_egocentric,two_refs_egocentric_target,can't see,sees,Ali is to the right of Mark. Mark looks to his left. Mark BLANK Ali.,fbf592f6-8ba1-5c3c-9621-b9b115f14b45,base
A3CT8UTPVYUL04,1,2,target,0,two_refs_egocentric,two_refs_egocentric_target,can't see,sees,Ali is to the right of Mark. Mark looks to his left. Mark BLANK Ali.,fbf592f6-8ba1-5c3c-9621-b9b115f14b45,base
A3N1W4VYI7VXEV,1,2,target,1,two_refs_egocentric,two_refs_egocentric_target,can't see,sees,Ali is to the right of Mark. Mark looks to his left. Mark BLANK Ali.,fbf592f6-8ba1-5c3c-9621-b9b115f14b45,base
A3R97T5D3RR9JX,1,2,target,1,two_refs_egocentric,two_refs_egocentric_target,can't see,sees,Ali is to the right of Mark. Mark looks to his left. Mark BLANK Ali.,fbf592f6-8ba1-5c3c-9621-b9b115f14b45,base
AKVQQVJKH11HQ,1,2,target,1,two_refs_egocentric,two_refs_egocentric_target,can't see,sees,Ali is to the right of Mark. Mark looks to his left. Mark BLANK Ali.,fbf592f6-8ba1-5c3c-9621-b9b115f14b45,base
AMVBT3XDCQBHI,1,2,target,1,two_refs_egocentric,two_refs_egocentric_target,can't see,sees,Ali is to the right of Mark. Mark looks to his left. Mark BLANK Ali.,fbf592f6-8ba1-5c3c-9621-b9b115f14b45,base
ANX6Q4NMZL8EI,1,2,target,1,two_refs_egocentric,two_refs_egocentric_target,can't see,sees,Ali is to the right of Mark. Mark looks to his left. Mark BLANK Ali.,fbf592f6-8ba1-5c3c-9621-b9b115f14b45,base
APRZ7BR8C0ZMQ,1,2,target,1,two_refs_egocentric,two_refs_egocentric_target,can't see,sees,Ali is to the right of Mark. Mark looks to his left. Mark BLANK Ali.,fbf592f6-8ba1-5c3c-9621-b9b115f14b45,base
ARR3UJTM2ZGK4,1,2,target,1,two_refs_egocentric,two_refs_egocentric_target,can't see,sees,Ali is to the right of Mark. Mark looks to his left. Mark BLANK Ali.,fbf592f6-8ba1-5c3c-9621-b9b115f14b45,base
A12IAM6IU41KSU,1,2,target,1,egocentric_distant,egocentric_distant_target,right of,left of,Chicago is in front of Ali. Ali turns left. Chicago is BLANK Ali.,6fac0e61-fb66-5d91-8514-5c26d4d02679,base
A19NGUFGC7KIGW,1,2,target,1,egocentric_distant,egocentric_distant_target,right of,left of,Chicago is in front of Ali. Ali turns left. Chicago is BLANK Ali.,6fac0e61-fb66-5d91-8514-5c26d4d02679,base
A1CT8CGDUL8U5,1,2,target,1,egocentric_distant,egocentric_distant_target,right of,left of,Chicago is in front of Ali. Ali turns left. Chicago is BLANK Ali.,6fac0e61-fb66-5d91-8514-5c26d4d02679,base
A1T0ND039EWAVV,1,2,target,1,egocentric_distant,egocentric_distant_target,right of,left of,Chicago is in front of Ali. Ali turns left. Chicago is BLANK Ali.,6fac0e61-fb66-5d91-8514-5c26d4d02679,base
A2583YP0HGTKAG,1,2,target,1,egocentric_distant,egocentric_distant_target,right of,left of,Chicago is in front of Ali. Ali turns left. Chicago is BLANK Ali.,6fac0e61-fb66-5d91-8514-5c26d4d02679,base
A25PFSORDO3SWQ,1,2,target,1,egocentric_distant,egocentric_distant_target,right of,left of,Chicago is in front of Ali. Ali turns left. Chicago is BLANK Ali.,6fac0e61-fb66-5d91-8514-5c26d4d02679,base
A28G4QO0DRY8OZ,1,2,target,1,egocentric_distant,egocentric_distant_target,right of,left of,Chicago is in front of Ali. Ali turns left. Chicago is BLANK Ali.,6fac0e61-fb66-5d91-8514-5c26d4d02679,base
A2EE1ES8TUMNCM,1,2,target,1,egocentric_distant,egocentric_distant_target,right of,left of,Chicago is in front of Ali. Ali turns left. Chicago is BLANK Ali.,6fac0e61-fb66-5d91-8514-5c26d4d02679,base
A2FHM2F9QKP0O0,1,2,target,1,egocentric_distant,egocentric_distant_target,right of,left of,Chicago is in front of Ali. Ali turns left. Chicago is BLANK Ali.,6fac0e61-fb66-5d91-8514-5c26d4d02679,base
A2OVX9UW5WANQE,1,2,target,1,egocentric_distant,egocentric_distant_target,right of,left of,Chicago is in front of Ali. Ali turns left. Chicago is BLANK Ali.,6fac0e61-fb66-5d91-8514-5c26d4d02679,base
A2TDK0LD62WZ8Y,1,2,target,1,egocentric_distant,egocentric_distant_target,right of,left of,Chicago is in front of Ali. Ali turns left. Chicago is BLANK Ali.,6fac0e61-fb66-5d91-8514-5c26d4d02679,base
A30J4IZCMCR31F,1,2,target,0,egocentric_distant,egocentric_distant_target,right of,left of,Chicago is in front of Ali. Ali turns left. Chicago is BLANK Ali.,6fac0e61-fb66-5d91-8514-5c26d4d02679,base
A3CT8UTPVYUL04,1,2,target,0,egocentric_distant,egocentric_distant_target,right of,left of,Chicago is in front of Ali. Ali turns left. Chicago is BLANK Ali.,6fac0e61-fb66-5d91-8514-5c26d4d02679,base
A3N1W4VYI7VXEV,1,2,target,1,egocentric_distant,egocentric_distant_target,right of,left of,Chicago is in front of Ali. Ali turns left. Chicago is BLANK Ali.,6fac0e61-fb66-5d91-8514-5c26d4d02679,base
A3R97T5D3RR9JX,1,2,target,1,egocentric_distant,egocentric_distant_target,right of,left of,Chicago is in front of Ali. Ali turns left. Chicago is BLANK Ali.,6fac0e61-fb66-5d91-8514-5c26d4d02679,base
AKVQQVJKH11HQ,1,2,target,1,egocentric_distant,egocentric_distant_target,right of,left of,Chicago is in front of Ali. Ali turns left. Chicago is BLANK Ali.,6fac0e61-fb66-5d91-8514-5c26d4d02679,base
AMVBT3XDCQBHI,1,2,target,1,egocentric_distant,egocentric_distant_target,right of,left of,Chicago is in front of Ali. Ali turns left. Chicago is BLANK Ali.,6fac0e61-fb66-5d91-8514-5c26d4d02679,base
ANX6Q4NMZL8EI,1,2,target,1,egocentric_distant,egocentric_distant_target,right of,left of,Chicago is in front of Ali. Ali turns left. Chicago is BLANK Ali.,6fac0e61-fb66-5d91-8514-5c26d4d02679,base
APRZ7BR8C0ZMQ,1,2,target,0,egocentric_distant,egocentric_distant_target,right of,left of,Chicago is in front of Ali. Ali turns left. Chicago is BLANK Ali.,6fac0e61-fb66-5d91-8514-5c26d4d02679,base
ARR3UJTM2ZGK4,1,2,target,1,egocentric_distant,egocentric_distant_target,right of,left of,Chicago is in front of Ali. Ali turns left. Chicago is BLANK Ali.,6fac0e61-fb66-5d91-8514-5c26d4d02679,base
A12IAM6IU41KSU,1,2,target,1,egocentric_distant,egocentric_distant_target,right of,left of,Chicago is left of Ali. Ali turns around. Chicago is BLANK Ali.,d0c74fc1-5415-5c34-82c4-0883d87ab239,base
A19NGUFGC7KIGW,1,2,target,0,egocentric_distant,egocentric_distant_target,right of,left of,Chicago is left of Ali. Ali turns around. Chicago is BLANK Ali.,d0c74fc1-5415-5c34-82c4-0883d87ab239,base
A1CT8CGDUL8U5,1,2,target,0,egocentric_distant,egocentric_distant_target,right of,left of,Chicago is left of Ali. Ali turns around. Chicago is BLANK Ali.,d0c74fc1-5415-5c34-82c4-0883d87ab239,base
A1T0ND039EWAVV,1,2,target,0,egocentric_distant,egocentric_distant_target,right of,left of,Chicago is left of Ali. Ali turns around. Chicago is BLANK Ali.,d0c74fc1-5415-5c34-82c4-0883d87ab239,base
A2583YP0HGTKAG,1,2,target,1,egocentric_distant,egocentric_distant_target,right of,left of,Chicago is left of Ali. Ali turns around. Chicago is BLANK Ali.,d0c74fc1-5415-5c34-82c4-0883d87ab239,base
A25PFSORDO3SWQ,1,2,target,1,egocentric_distant,egocentric_distant_target,right of,left of,Chicago is left of Ali. Ali turns around. Chicago is BLANK Ali.,d0c74fc1-5415-5c34-82c4-0883d87ab239,base
A28G4QO0DRY8OZ,1,2,target,1,egocentric_distant,egocentric_distant_target,right of,left of,Chicago is left of Ali. Ali turns around. Chicago is BLANK Ali.,d0c74fc1-5415-5c34-82c4-0883d87ab239,base
A2EE1ES8TUMNCM,1,2,target,1,egocentric_distant,egocentric_distant_target,right of,left of,Chicago is left of Ali. Ali turns around. Chicago is BLANK Ali.,d0c74fc1-5415-5c34-82c4-0883d87ab239,base
A2FHM2F9QKP0O0,1,2,target,0,egocentric_distant,egocentric_distant_target,right of,left of,Chicago is left of Ali. Ali turns around. Chicago is BLANK Ali.,d0c74fc1-5415-5c34-82c4-0883d87ab239,base
A2OVX9UW5WANQE,1,2,target,1,egocentric_distant,egocentric_distant_target,right of,left of,Chicago is left of Ali. Ali turns around. Chicago is BLANK Ali.,d0c74fc1-5415-5c34-82c4-0883d87ab239,base
A2TDK0LD62WZ8Y,1,2,target,1,egocentric_distant,egocentric_distant_target,right of,left of,Chicago is left of Ali. Ali turns around. Chicago is BLANK Ali.,d0c74fc1-5415-5c34-82c4-0883d87ab239,base
A30J4IZCMCR31F,1,2,target,1,egocentric_distant,egocentric_distant_target,right of,left of,Chicago is left of Ali. Ali turns around. Chicago is BLANK Ali.,d0c74fc1-5415-5c34-82c4-0883d87ab239,base
A3CT8UTPVYUL04,1,2,target,1,egocentric_distant,egocentric_distant_target,right of,left of,Chicago is left of Ali. Ali turns around. Chicago is BLANK Ali.,d0c74fc1-5415-5c34-82c4-0883d87ab239,base
A3N1W4VYI7VXEV,1,2,target,1,egocentric_distant,egocentric_distant_target,right of,left of,Chicago is left of Ali. Ali turns around. Chicago is BLANK Ali.,d0c74fc1-5415-5c34-82c4-0883d87ab239,base
A3R97T5D3RR9JX,1,2,target,0,egocentric_distant,egocentric_distant_target,right of,left of,Chicago is left of Ali. Ali turns around. Chicago is BLANK Ali.,d0c74fc1-5415-5c34-82c4-0883d87ab239,base
AKVQQVJKH11HQ,1,2,target,0,egocentric_distant,egocentric_distant_target,right of,left of,Chicago is left of Ali. Ali turns around. Chicago is BLANK Ali.,d0c74fc1-5415-5c34-82c4-0883d87ab239,base
AMVBT3XDCQBHI,1,2,target,1,egocentric_distant,egocentric_distant_target,right of,left of,Chicago is left of Ali. Ali turns around. Chicago is BLANK Ali.,d0c74fc1-5415-5c34-82c4-0883d87ab239,base
ANX6Q4NMZL8EI,1,2,target,1,egocentric_distant,egocentric_distant_target,right of,left of,Chicago is left of Ali. Ali turns around. Chicago is BLANK Ali.,d0c74fc1-5415-5c34-82c4-0883d87ab239,base
APRZ7BR8C0ZMQ,1,2,target,1,egocentric_distant,egocentric_distant_target,right of,left of,Chicago is left of Ali. Ali turns around. Chicago is BLANK Ali.,d0c74fc1-5415-5c34-82c4-0883d87ab239,base
ARR3UJTM2ZGK4,1,2,target,1,egocentric_distant,egocentric_distant_target,right of,left of,Chicago is left of Ali. Ali turns around. Chicago is BLANK Ali.,d0c74fc1-5415-5c34-82c4-0883d87ab239,base
A12IAM6IU41KSU,1,2,target,0,egocentric_distant,egocentric_distant_target,towards,away from,Chicago is to Ali's left. Ali turns left. Ali is facing BLANK Chicago.,99ffa6de-3bcf-5610-ae58-708b9865748a,base
A19NGUFGC7KIGW,1,2,target,1,egocentric_distant,egocentric_distant_target,towards,away from,Chicago is to Ali's left. Ali turns left. Ali is facing BLANK Chicago.,99ffa6de-3bcf-5610-ae58-708b9865748a,base
A1CT8CGDUL8U5,1,2,target,1,egocentric_distant,egocentric_distant_target,towards,away from,Chicago is to Ali's left. Ali turns left. Ali is facing BLANK Chicago.,99ffa6de-3bcf-5610-ae58-708b9865748a,base
A1T0ND039EWAVV,1,2,target,1,egocentric_distant,egocentric_distant_target,towards,away from,Chicago is to Ali's left. Ali turns left. Ali is facing BLANK Chicago.,99ffa6de-3bcf-5610-ae58-708b9865748a,base
A2583YP0HGTKAG,1,2,target,1,egocentric_distant,egocentric_distant_target,towards,away from,Chicago is to Ali's left. Ali turns left. Ali is facing BLANK Chicago.,99ffa6de-3bcf-5610-ae58-708b9865748a,base
A25PFSORDO3SWQ,1,2,target,1,egocentric_distant,egocentric_distant_target,towards,away from,Chicago is to Ali's left. Ali turns left. Ali is facing BLANK Chicago.,99ffa6de-3bcf-5610-ae58-708b9865748a,base
A28G4QO0DRY8OZ,1,2,target,1,egocentric_distant,egocentric_distant_target,towards,away from,Chicago is to Ali's left. Ali turns left. Ali is facing BLANK Chicago.,99ffa6de-3bcf-5610-ae58-708b9865748a,base
A2EE1ES8TUMNCM,1,2,target,1,egocentric_distant,egocentric_distant_target,towards,away from,Chicago is to Ali's left. Ali turns left. Ali is facing BLANK Chicago.,99ffa6de-3bcf-5610-ae58-708b9865748a,base
A2FHM2F9QKP0O0,1,2,target,0,egocentric_distant,egocentric_distant_target,towards,away from,Chicago is to Ali's left. Ali turns left. Ali is facing BLANK Chicago.,99ffa6de-3bcf-5610-ae58-708b9865748a,base
A2OVX9UW5WANQE,1,2,target,1,egocentric_distant,egocentric_distant_target,towards,away from,Chicago is to Ali's left. Ali turns left. Ali is facing BLANK Chicago.,99ffa6de-3bcf-5610-ae58-708b9865748a,base
A2TDK0LD62WZ8Y,1,2,target,1,egocentric_distant,egocentric_distant_target,towards,away from,Chicago is to Ali's left. Ali turns left. Ali is facing BLANK Chicago.,99ffa6de-3bcf-5610-ae58-708b9865748a,base
A30J4IZCMCR31F,1,2,target,1,egocentric_distant,egocentric_distant_target,towards,away from,Chicago is to Ali's left. Ali turns left. Ali is facing BLANK Chicago.,99ffa6de-3bcf-5610-ae58-708b9865748a,base
A3CT8UTPVYUL04,1,2,target,0,egocentric_distant,egocentric_distant_target,towards,away from,Chicago is to Ali's left. Ali turns left. Ali is facing BLANK Chicago.,99ffa6de-3bcf-5610-ae58-708b9865748a,base
A3N1W4VYI7VXEV,1,2,target,1,egocentric_distant,egocentric_distant_target,towards,away from,Chicago is to Ali's left. Ali turns left. Ali is facing BLANK Chicago.,99ffa6de-3bcf-5610-ae58-708b9865748a,base
A3R97T5D3RR9JX,1,2,target,1,egocentric_distant,egocentric_distant_target,towards,away from,Chicago is to Ali's left. Ali turns left. Ali is facing BLANK Chicago.,99ffa6de-3bcf-5610-ae58-708b9865748a,base
AKVQQVJKH11HQ,1,2,target,1,egocentric_distant,egocentric_distant_target,towards,away from,Chicago is to Ali's left. Ali turns left. Ali is facing BLANK Chicago.,99ffa6de-3bcf-5610-ae58-708b9865748a,base
AMVBT3XDCQBHI,1,2,target,1,egocentric_distant,egocentric_distant_target,towards,away from,Chicago is to Ali's left. Ali turns left. Ali is facing BLANK Chicago.,99ffa6de-3bcf-5610-ae58-708b9865748a,base
ANX6Q4NMZL8EI,1,2,target,0,egocentric_distant,egocentric_distant_target,towards,away from,Chicago is to Ali's left. Ali turns left. Ali is facing BLANK Chicago.,99ffa6de-3bcf-5610-ae58-708b9865748a,base
APRZ7BR8C0ZMQ,1,2,target,1,egocentric_distant,egocentric_distant_target,towards,away from,Chicago is to Ali's left. Ali turns left. Ali is facing BLANK Chicago.,99ffa6de-3bcf-5610-ae58-708b9865748a,base
ARR3UJTM2ZGK4,1,2,target,1,egocentric_distant,egocentric_distant_target,towards,away from,Chicago is to Ali's left. Ali turns left. Ali is facing BLANK Chicago.,99ffa6de-3bcf-5610-ae58-708b9865748a,base
A12IAM6IU41KSU,1,2,target,0,two_refs_egocentric,two_refs_egocentric_target,away from,towards,Mark and Ali are both facing left. Ali turns to his right. Ali is facing BLANK Mark.,b95f9817-6f0f-52e4-917e-5e53b7e08502,base
A19NGUFGC7KIGW,1,2,target,0,two_refs_egocentric,two_refs_egocentric_target,away from,towards,Mark and Ali are both facing left. Ali turns to his right. Ali is facing BLANK Mark.,b95f9817-6f0f-52e4-917e-5e53b7e08502,base
A1CT8CGDUL8U5,1,2,target,1,two_refs_egocentric,two_refs_egocentric_target,away from,towards,Mark and Ali are both facing left. Ali turns to his right. Ali is facing BLANK Mark.,b95f9817-6f0f-52e4-917e-5e53b7e08502,base
A1T0ND039EWAVV,1,2,target,0,two_refs_egocentric,two_refs_egocentric_target,away from,towards,Mark and Ali are both facing left. Ali turns to his right. Ali is facing BLANK Mark.,b95f9817-6f0f-52e4-917e-5e53b7e08502,base
A2583YP0HGTKAG,1,2,target,0,two_refs_egocentric,two_refs_egocentric_target,away from,towards,Mark and Ali are both facing left. Ali turns to his right. Ali is facing BLANK Mark.,b95f9817-6f0f-52e4-917e-5e53b7e08502,base
A25PFSORDO3SWQ,1,2,target,0,two_refs_egocentric,two_refs_egocentric_target,away from,towards,Mark and Ali are both facing left. Ali turns to his right. Ali is facing BLANK Mark.,b95f9817-6f0f-52e4-917e-5e53b7e08502,base
A28G4QO0DRY8OZ,1,2,target,1,two_refs_egocentric,two_refs_egocentric_target,away from,towards,Mark and Ali are both facing left. Ali turns to his right. Ali is facing BLANK Mark.,b95f9817-6f0f-52e4-917e-5e53b7e08502,base
A2EE1ES8TUMNCM,1,2,target,0,two_refs_egocentric,two_refs_egocentric_target,away from,towards,Mark and Ali are both facing left. Ali turns to his right. Ali is facing BLANK Mark.,b95f9817-6f0f-52e4-917e-5e53b7e08502,base
A2FHM2F9QKP0O0,1,2,target,1,two_refs_egocentric,two_refs_egocentric_target,away from,towards,Mark and Ali are both facing left. Ali turns to his right. Ali is facing BLANK Mark.,b95f9817-6f0f-52e4-917e-5e53b7e08502,base
A2OVX9UW5WANQE,1,2,target,1,two_refs_egocentric,two_refs_egocentric_target,away from,towards,Mark and Ali are both facing left. Ali turns to his right. Ali is facing BLANK Mark.,b95f9817-6f0f-52e4-917e-5e53b7e08502,base
A2TDK0LD62WZ8Y,1,2,target,0,two_refs_egocentric,two_refs_egocentric_target,away from,towards,Mark and Ali are both facing left. Ali turns to his right. Ali is facing BLANK Mark.,b95f9817-6f0f-52e4-917e-5e53b7e08502,base
A30J4IZCMCR31F,1,2,target,1,two_refs_egocentric,two_refs_egocentric_target,away from,towards,Mark and Ali are both facing left. Ali turns to his right. Ali is facing BLANK Mark.,b95f9817-6f0f-52e4-917e-5e53b7e08502,base
A3CT8UTPVYUL04,1,2,target,1,two_refs_egocentric,two_refs_egocentric_target,away from,towards,Mark and Ali are both facing left. Ali turns to his right. Ali is facing BLANK Mark.,b95f9817-6f0f-52e4-917e-5e53b7e08502,base
A3N1W4VYI7VXEV,1,2,target,1,two_refs_egocentric,two_refs_egocentric_target,away from,towards,Mark and Ali are both facing left. Ali turns to his right. Ali is facing BLANK Mark.,b95f9817-6f0f-52e4-917e-5e53b7e08502,base
A3R97T5D3RR9JX,1,2,target,1,two_refs_egocentric,two_refs_egocentric_target,away from,towards,Mark and Ali are both facing left. Ali turns to his right. Ali is facing BLANK Mark.,b95f9817-6f0f-52e4-917e-5e53b7e08502,base
AKVQQVJKH11HQ,1,2,target,1,two_refs_egocentric,two_refs_egocentric_target,away from,towards,Mark and Ali are both facing left. Ali turns to his right. Ali is facing BLANK Mark.,b95f9817-6f0f-52e4-917e-5e53b7e08502,base
AMVBT3XDCQBHI,1,2,target,0,two_refs_egocentric,two_refs_egocentric_target,away from,towards,Mark and Ali are both facing left. Ali turns to his right. Ali is facing BLANK Mark.,b95f9817-6f0f-52e4-917e-5e53b7e08502,base
ANX6Q4NMZL8EI,1,2,target,0,two_refs_egocentric,two_refs_egocentric_target,away from,towards,Mark and Ali are both facing left. Ali turns to his right. Ali is facing BLANK Mark.,b95f9817-6f0f-52e4-917e-5e53b7e08502,base
APRZ7BR8C0ZMQ,1,2,target,1,two_refs_egocentric,two_refs_egocentric_target,away from,towards,Mark and Ali are both facing left. Ali turns to his right. Ali is facing BLANK Mark.,b95f9817-6f0f-52e4-917e-5e53b7e08502,base
ARR3UJTM2ZGK4,1,2,target,0,two_refs_egocentric,two_refs_egocentric_target,away from,towards,Mark and Ali are both facing left. Ali turns to his right. Ali is facing BLANK Mark.,b95f9817-6f0f-52e4-917e-5e53b7e08502,base
A12IAM6IU41KSU,1,2,target,1,two_refs_egocentric,two_refs_egocentric_target,away from,towards,Mark and Ali are facing away from eachother. Mark turns around. Ali is facing BLANK Mark.,be5f74e8-5413-5aa2-97f3-17a48d7c1398,base
A19NGUFGC7KIGW,1,2,target,1,two_refs_egocentric,two_refs_egocentric_target,away from,towards,Mark and Ali are facing away from eachother. Mark turns around. Ali is facing BLANK Mark.,be5f74e8-5413-5aa2-97f3-17a48d7c1398,base
A1CT8CGDUL8U5,1,2,target,0,two_refs_egocentric,two_refs_egocentric_target,away from,towards,Mark and Ali are facing away from eachother. Mark turns around. Ali is facing BLANK Mark.,be5f74e8-5413-5aa2-97f3-17a48d7c1398,base
A1T0ND039EWAVV,1,2,target,1,two_refs_egocentric,two_refs_egocentric_target,away from,towards,Mark and Ali are facing away from eachother. Mark turns around. Ali is facing BLANK Mark.,be5f74e8-5413-5aa2-97f3-17a48d7c1398,base
A2583YP0HGTKAG,1,2,target,1,two_refs_egocentric,two_refs_egocentric_target,away from,towards,Mark and Ali are facing away from eachother. Mark turns around. Ali is facing BLANK Mark.,be5f74e8-5413-5aa2-97f3-17a48d7c1398,base
A25PFSORDO3SWQ,1,2,target,0,two_refs_egocentric,two_refs_egocentric_target,away from,towards,Mark and Ali are facing away from eachother. Mark turns around. Ali is facing BLANK Mark.,be5f74e8-5413-5aa2-97f3-17a48d7c1398,base
A28G4QO0DRY8OZ,1,2,target,1,two_refs_egocentric,two_refs_egocentric_target,away from,towards,Mark and Ali are facing away from eachother. Mark turns around. Ali is facing BLANK Mark.,be5f74e8-5413-5aa2-97f3-17a48d7c1398,base
A2EE1ES8TUMNCM,1,2,target,1,two_refs_egocentric,two_refs_egocentric_target,away from,towards,Mark and Ali are facing away from eachother. Mark turns around. Ali is facing BLANK Mark.,be5f74e8-5413-5aa2-97f3-17a48d7c1398,base
A2FHM2F9QKP0O0,1,2,target,0,two_refs_egocentric,two_refs_egocentric_target,away from,towards,Mark and Ali are facing away from eachother. Mark turns around. Ali is facing BLANK Mark.,be5f74e8-5413-5aa2-97f3-17a48d7c1398,base
A2OVX9UW5WANQE,1,2,target,1,two_refs_egocentric,two_refs_egocentric_target,away from,towards,Mark and Ali are facing away from eachother. Mark turns around. Ali is facing BLANK Mark.,be5f74e8-5413-5aa2-97f3-17a48d7c1398,base
A2TDK0LD62WZ8Y,1,2,target,0,two_refs_egocentric,two_refs_egocentric_target,away from,towards,Mark and Ali are facing away from eachother. Mark turns around. Ali is facing BLANK Mark.,be5f74e8-5413-5aa2-97f3-17a48d7c1398,base
A30J4IZCMCR31F,1,2,target,0,two_refs_egocentric,two_refs_egocentric_target,away from,towards,Mark and Ali are facing away from eachother. Mark turns around. Ali is facing BLANK Mark.,be5f74e8-5413-5aa2-97f3-17a48d7c1398,base
A3CT8UTPVYUL04,1,2,target,0,two_refs_egocentric,two_refs_egocentric_target,away from,towards,Mark and Ali are facing away from eachother. Mark turns around. Ali is facing BLANK Mark.,be5f74e8-5413-5aa2-97f3-17a48d7c1398,base
A3N1W4VYI7VXEV,1,2,target,1,two_refs_egocentric,two_refs_egocentric_target,away from,towards,Mark and Ali are facing away from eachother. Mark turns around. Ali is facing BLANK Mark.,be5f74e8-5413-5aa2-97f3-17a48d7c1398,base
A3R97T5D3RR9JX,1,2,target,0,two_refs_egocentric,two_refs_egocentric_target,away from,towards,Mark and Ali are facing away from eachother. Mark turns around. Ali is facing BLANK Mark.,be5f74e8-5413-5aa2-97f3-17a48d7c1398,base
AKVQQVJKH11HQ,1,2,target,1,two_refs_egocentric,two_refs_egocentric_target,away from,towards,Mark and Ali are facing away from eachother. Mark turns around. Ali is facing BLANK Mark.,be5f74e8-5413-5aa2-97f3-17a48d7c1398,base
AMVBT3XDCQBHI,1,2,target,0,two_refs_egocentric,two_refs_egocentric_target,away from,towards,Mark and Ali are facing away from eachother. Mark turns around. Ali is facing BLANK Mark.,be5f74e8-5413-5aa2-97f3-17a48d7c1398,base
ANX6Q4NMZL8EI,1,2,target,0,two_refs_egocentric,two_refs_egocentric_target,away from,towards,Mark and Ali are facing away from eachother. Mark turns around. Ali is facing BLANK Mark.,be5f74e8-5413-5aa2-97f3-17a48d7c1398,base
APRZ7BR8C0ZMQ,1,2,target,1,two_refs_egocentric,two_refs_egocentric_target,away from,towards,Mark and Ali are facing away from eachother. Mark turns around. Ali is facing BLANK Mark.,be5f74e8-5413-5aa2-97f3-17a48d7c1398,base
ARR3UJTM2ZGK4,1,2,target,1,two_refs_egocentric,two_refs_egocentric_target,away from,towards,Mark and Ali are facing away from eachother. Mark turns around. Ali is facing BLANK Mark.,be5f74e8-5413-5aa2-97f3-17a48d7c1398,base
A12IAM6IU41KSU,1,2,target,0,two_refs_geocentric,two_refs_geocentric_target,away from,towards,Mark is East of Ali facing East. Ali is West of Mark facing West. Mark is facing BLANK Ali.,d7c6e00b-4c44-5369-ac36-15cf71d8f6b8,base
A19NGUFGC7KIGW,1,2,target,1,two_refs_geocentric,two_refs_geocentric_target,away from,towards,Mark is East of Ali facing East. Ali is West of Mark facing West. Mark is facing BLANK Ali.,d7c6e00b-4c44-5369-ac36-15cf71d8f6b8,base
A1CT8CGDUL8U5,1,2,target,1,two_refs_geocentric,two_refs_geocentric_target,away from,towards,Mark is East of Ali facing East. Ali is West of Mark facing West. Mark is facing BLANK Ali.,d7c6e00b-4c44-5369-ac36-15cf71d8f6b8,base
A1T0ND039EWAVV,1,2,target,0,two_refs_geocentric,two_refs_geocentric_target,away from,towards,Mark is East of Ali facing East. Ali is West of Mark facing West. Mark is facing BLANK Ali.,d7c6e00b-4c44-5369-ac36-15cf71d8f6b8,base
A2583YP0HGTKAG,1,2,target,1,two_refs_geocentric,two_refs_geocentric_target,away from,towards,Mark is East of Ali facing East. Ali is West of Mark facing West. Mark is facing BLANK Ali.,d7c6e00b-4c44-5369-ac36-15cf71d8f6b8,base
A25PFSORDO3SWQ,1,2,target,1,two_refs_geocentric,two_refs_geocentric_target,away from,towards,Mark is East of Ali facing East. Ali is West of Mark facing West. Mark is facing BLANK Ali.,d7c6e00b-4c44-5369-ac36-15cf71d8f6b8,base
A28G4QO0DRY8OZ,1,2,target,0,two_refs_geocentric,two_refs_geocentric_target,away from,towards,Mark is East of Ali facing East. Ali is West of Mark facing West. Mark is facing BLANK Ali.,d7c6e00b-4c44-5369-ac36-15cf71d8f6b8,base
A2EE1ES8TUMNCM,1,2,target,1,two_refs_geocentric,two_refs_geocentric_target,away from,towards,Mark is East of Ali facing East. Ali is West of Mark facing West. Mark is facing BLANK Ali.,d7c6e00b-4c44-5369-ac36-15cf71d8f6b8,base
A2FHM2F9QKP0O0,1,2,target,0,two_refs_geocentric,two_refs_geocentric_target,away from,towards,Mark is East of Ali facing East. Ali is West of Mark facing West. Mark is facing BLANK Ali.,d7c6e00b-4c44-5369-ac36-15cf71d8f6b8,base
A2OVX9UW5WANQE,1,2,target,1,two_refs_geocentric,two_refs_geocentric_target,away from,towards,Mark is East of Ali facing East. Ali is West of Mark facing West. Mark is facing BLANK Ali.,d7c6e00b-4c44-5369-ac36-15cf71d8f6b8,base
A2TDK0LD62WZ8Y,1,2,target,1,two_refs_geocentric,two_refs_geocentric_target,away from,towards,Mark is East of Ali facing East. Ali is West of Mark facing West. Mark is facing BLANK Ali.,d7c6e00b-4c44-5369-ac36-15cf71d8f6b8,base
A30J4IZCMCR31F,1,2,target,1,two_refs_geocentric,two_refs_geocentric_target,away from,towards,Mark is East of Ali facing East. Ali is West of Mark facing West. Mark is facing BLANK Ali.,d7c6e00b-4c44-5369-ac36-15cf71d8f6b8,base
A3CT8UTPVYUL04,1,2,target,1,two_refs_geocentric,two_refs_geocentric_target,away from,towards,Mark is East of Ali facing East. Ali is West of Mark facing West. Mark is facing BLANK Ali.,d7c6e00b-4c44-5369-ac36-15cf71d8f6b8,base
A3N1W4VYI7VXEV,1,2,target,0,two_refs_geocentric,two_refs_geocentric_target,away from,towards,Mark is East of Ali facing East. Ali is West of Mark facing West. Mark is facing BLANK Ali.,d7c6e00b-4c44-5369-ac36-15cf71d8f6b8,base
A3R97T5D3RR9JX,1,2,target,1,two_refs_geocentric,two_refs_geocentric_target,away from,towards,Mark is East of Ali facing East. Ali is West of Mark facing West. Mark is facing BLANK Ali.,d7c6e00b-4c44-5369-ac36-15cf71d8f6b8,base
AKVQQVJKH11HQ,1,2,target,1,two_refs_geocentric,two_refs_geocentric_target,away from,towards,Mark is East of Ali facing East. Ali is West of Mark facing West. Mark is facing BLANK Ali.,d7c6e00b-4c44-5369-ac36-15cf71d8f6b8,base
AMVBT3XDCQBHI,1,2,target,1,two_refs_geocentric,two_refs_geocentric_target,away from,towards,Mark is East of Ali facing East. Ali is West of Mark facing West. Mark is facing BLANK Ali.,d7c6e00b-4c44-5369-ac36-15cf71d8f6b8,base
ANX6Q4NMZL8EI,1,2,target,1,two_refs_geocentric,two_refs_geocentric_target,away from,towards,Mark is East of Ali facing East. Ali is West of Mark facing West. Mark is facing BLANK Ali.,d7c6e00b-4c44-5369-ac36-15cf71d8f6b8,base
APRZ7BR8C0ZMQ,1,2,target,1,two_refs_geocentric,two_refs_geocentric_target,away from,towards,Mark is East of Ali facing East. Ali is West of Mark facing West. Mark is facing BLANK Ali.,d7c6e00b-4c44-5369-ac36-15cf71d8f6b8,base
ARR3UJTM2ZGK4,1,2,target,1,two_refs_geocentric,two_refs_geocentric_target,away from,towards,Mark is East of Ali facing East. Ali is West of Mark facing West. Mark is facing BLANK Ali.,d7c6e00b-4c44-5369-ac36-15cf71d8f6b8,base
A12IAM6IU41KSU,1,2,target,1,two_refs_geocentric,two_refs_geocentric_target,East,West,Mark is East of Budapest and Ali is West of Budapest. Ali walks directly towards Mark. Ali is heading BLANK.,50388291-cfb1-51f5-b757-16c6ee10b4c6,base
A19NGUFGC7KIGW,1,2,target,1,two_refs_geocentric,two_refs_geocentric_target,East,West,Mark is East of Budapest and Ali is West of Budapest. Ali walks directly towards Mark. Ali is heading BLANK.,50388291-cfb1-51f5-b757-16c6ee10b4c6,base
A1CT8CGDUL8U5,1,2,target,1,two_refs_geocentric,two_refs_geocentric_target,East,West,Mark is East of Budapest and Ali is West of Budapest. Ali walks directly towards Mark. Ali is heading BLANK.,50388291-cfb1-51f5-b757-16c6ee10b4c6,base
A1T0ND039EWAVV,1,2,target,0,two_refs_geocentric,two_refs_geocentric_target,East,West,Mark is East of Budapest and Ali is West of Budapest. Ali walks directly towards Mark. Ali is heading BLANK.,50388291-cfb1-51f5-b757-16c6ee10b4c6,base
A2583YP0HGTKAG,1,2,target,1,two_refs_geocentric,two_refs_geocentric_target,East,West,Mark is East of Budapest and Ali is West of Budapest. Ali walks directly towards Mark. Ali is heading BLANK.,50388291-cfb1-51f5-b757-16c6ee10b4c6,base
A25PFSORDO3SWQ,1,2,target,1,two_refs_geocentric,two_refs_geocentric_target,East,West,Mark is East of Budapest and Ali is West of Budapest. Ali walks directly towards Mark. Ali is heading BLANK.,50388291-cfb1-51f5-b757-16c6ee10b4c6,base
A28G4QO0DRY8OZ,1,2,target,0,two_refs_geocentric,two_refs_geocentric_target,East,West,Mark is East of Budapest and Ali is West of Budapest. Ali walks directly towards Mark. Ali is heading BLANK.,50388291-cfb1-51f5-b757-16c6ee10b4c6,base
A2EE1ES8TUMNCM,1,2,target,1,two_refs_geocentric,two_refs_geocentric_target,East,West,Mark is East of Budapest and Ali is West of Budapest. Ali walks directly towards Mark. Ali is heading BLANK.,50388291-cfb1-51f5-b757-16c6ee10b4c6,base
A2FHM2F9QKP0O0,1,2,target,0,two_refs_geocentric,two_refs_geocentric_target,East,West,Mark is East of Budapest and Ali is West of Budapest. Ali walks directly towards Mark. Ali is heading BLANK.,50388291-cfb1-51f5-b757-16c6ee10b4c6,base
A2OVX9UW5WANQE,1,2,target,0,two_refs_geocentric,two_refs_geocentric_target,East,West,Mark is East of Budapest and Ali is West of Budapest. Ali walks directly towards Mark. Ali is heading BLANK.,50388291-cfb1-51f5-b757-16c6ee10b4c6,base
A2TDK0LD62WZ8Y,1,2,target,1,two_refs_geocentric,two_refs_geocentric_target,East,West,Mark is East of Budapest and Ali is West of Budapest. Ali walks directly towards Mark. Ali is heading BLANK.,50388291-cfb1-51f5-b757-16c6ee10b4c6,base
A30J4IZCMCR31F,1,2,target,1,two_refs_geocentric,two_refs_geocentric_target,East,West,Mark is East of Budapest and Ali is West of Budapest. Ali walks directly towards Mark. Ali is heading BLANK.,50388291-cfb1-51f5-b757-16c6ee10b4c6,base
A3CT8UTPVYUL04,1,2,target,1,two_refs_geocentric,two_refs_geocentric_target,East,West,Mark is East of Budapest and Ali is West of Budapest. Ali walks directly towards Mark. Ali is heading BLANK.,50388291-cfb1-51f5-b757-16c6ee10b4c6,base
A3N1W4VYI7VXEV,1,2,target,1,two_refs_geocentric,two_refs_geocentric_target,East,West,Mark is East of Budapest and Ali is West of Budapest. Ali walks directly towards Mark. Ali is heading BLANK.,50388291-cfb1-51f5-b757-16c6ee10b4c6,base
A3R97T5D3RR9JX,1,2,target,1,two_refs_geocentric,two_refs_geocentric_target,East,West,Mark is East of Budapest and Ali is West of Budapest. Ali walks directly towards Mark. Ali is heading BLANK.,50388291-cfb1-51f5-b757-16c6ee10b4c6,base
AKVQQVJKH11HQ,1,2,target,0,two_refs_geocentric,two_refs_geocentric_target,East,West,Mark is East of Budapest and Ali is West of Budapest. Ali walks directly towards Mark. Ali is heading BLANK.,50388291-cfb1-51f5-b757-16c6ee10b4c6,base
AMVBT3XDCQBHI,1,2,target,0,two_refs_geocentric,two_refs_geocentric_target,East,West,Mark is East of Budapest and Ali is West of Budapest. Ali walks directly towards Mark. Ali is heading BLANK.,50388291-cfb1-51f5-b757-16c6ee10b4c6,base
ANX6Q4NMZL8EI,1,2,target,0,two_refs_geocentric,two_refs_geocentric_target,East,West,Mark is East of Budapest and Ali is West of Budapest. Ali walks directly towards Mark. Ali is heading BLANK.,50388291-cfb1-51f5-b757-16c6ee10b4c6,base
APRZ7BR8C0ZMQ,1,2,target,1,two_refs_geocentric,two_refs_geocentric_target,East,West,Mark is East of Budapest and Ali is West of Budapest. Ali walks directly towards Mark. Ali is heading BLANK.,50388291-cfb1-51f5-b757-16c6ee10b4c6,base
ARR3UJTM2ZGK4,1,2,target,1,two_refs_geocentric,two_refs_geocentric_target,East,West,Mark is East of Budapest and Ali is West of Budapest. Ali walks directly towards Mark. Ali is heading BLANK.,50388291-cfb1-51f5-b757-16c6ee10b4c6,base
A12IAM6IU41KSU,1,2,target,1,two_refs_egocentric,two_refs_egocentric_target,closer to,further from,Mark is behind Ali. Mark walks fowards. Mark is getting BLANK Ali.,95034e79-b705-587b-9cd2-41aa02e2609b,base
A19NGUFGC7KIGW,1,2,target,1,two_refs_egocentric,two_refs_egocentric_target,closer to,further from,Mark is behind Ali. Mark walks fowards. Mark is getting BLANK Ali.,95034e79-b705-587b-9cd2-41aa02e2609b,base
A1CT8CGDUL8U5,1,2,target,1,two_refs_egocentric,two_refs_egocentric_target,closer to,further from,Mark is behind Ali. Mark walks fowards. Mark is getting BLANK Ali.,95034e79-b705-587b-9cd2-41aa02e2609b,base
A1T0ND039EWAVV,1,2,target,1,two_refs_egocentric,two_refs_egocentric_target,closer to,further from,Mark is behind Ali. Mark walks fowards. Mark is getting BLANK Ali.,95034e79-b705-587b-9cd2-41aa02e2609b,base
A2583YP0HGTKAG,1,2,target,1,two_refs_egocentric,two_refs_egocentric_target,closer to,further from,Mark is behind Ali. Mark walks fowards. Mark is getting BLANK Ali.,95034e79-b705-587b-9cd2-41aa02e2609b,base
A25PFSORDO3SWQ,1,2,target,0,two_refs_egocentric,two_refs_egocentric_target,closer to,further from,Mark is behind Ali. Mark walks fowards. Mark is getting BLANK Ali.,95034e79-b705-587b-9cd2-41aa02e2609b,base
A28G4QO0DRY8OZ,1,2,target,0,two_refs_egocentric,two_refs_egocentric_target,closer to,further from,Mark is behind Ali. Mark walks fowards. Mark is getting BLANK Ali.,95034e79-b705-587b-9cd2-41aa02e2609b,base
A2EE1ES8TUMNCM,1,2,target,1,two_refs_egocentric,two_refs_egocentric_target,closer to,further from,Mark is behind Ali. Mark walks fowards. Mark is getting BLANK Ali.,95034e79-b705-587b-9cd2-41aa02e2609b,base
A2FHM2F9QKP0O0,1,2,target,1,two_refs_egocentric,two_refs_egocentric_target,closer to,further from,Mark is behind Ali. Mark walks fowards. Mark is getting BLANK Ali.,95034e79-b705-587b-9cd2-41aa02e2609b,base
A2OVX9UW5WANQE,1,2,target,1,two_refs_egocentric,two_refs_egocentric_target,closer to,further from,Mark is behind Ali. Mark walks fowards. Mark is getting BLANK Ali.,95034e79-b705-587b-9cd2-41aa02e2609b,base
A2TDK0LD62WZ8Y,1,2,target,1,two_refs_egocentric,two_refs_egocentric_target,closer to,further from,Mark is behind Ali. Mark walks fowards. Mark is getting BLANK Ali.,95034e79-b705-587b-9cd2-41aa02e2609b,base
A30J4IZCMCR31F,1,2,target,1,two_refs_egocentric,two_refs_egocentric_target,closer to,further from,Mark is behind Ali. Mark walks fowards. Mark is getting BLANK Ali.,95034e79-b705-587b-9cd2-41aa02e2609b,base
A3CT8UTPVYUL04,1,2,target,0,two_refs_egocentric,two_refs_egocentric_target,closer to,further from,Mark is behind Ali. Mark walks fowards. Mark is getting BLANK Ali.,95034e79-b705-587b-9cd2-41aa02e2609b,base
A3N1W4VYI7VXEV,1,2,target,1,two_refs_egocentric,two_refs_egocentric_target,closer to,further from,Mark is behind Ali. Mark walks fowards. Mark is getting BLANK Ali.,95034e79-b705-587b-9cd2-41aa02e2609b,base
A3R97T5D3RR9JX,1,2,target,0,two_refs_egocentric,two_refs_egocentric_target,closer to,further from,Mark is behind Ali. Mark walks fowards. Mark is getting BLANK Ali.,95034e79-b705-587b-9cd2-41aa02e2609b,base
AKVQQVJKH11HQ,1,2,target,0,two_refs_egocentric,two_refs_egocentric_target,closer to,further from,Mark is behind Ali. Mark walks fowards. Mark is getting BLANK Ali.,95034e79-b705-587b-9cd2-41aa02e2609b,base
AMVBT3XDCQBHI,1,2,target,1,two_refs_egocentric,two_refs_egocentric_target,closer to,further from,Mark is behind Ali. Mark walks fowards. Mark is getting BLANK Ali.,95034e79-b705-587b-9cd2-41aa02e2609b,base
ANX6Q4NMZL8EI,1,2,target,1,two_refs_egocentric,two_refs_egocentric_target,closer to,further from,Mark is behind Ali. Mark walks fowards. Mark is getting BLANK Ali.,95034e79-b705-587b-9cd2-41aa02e2609b,base
APRZ7BR8C0ZMQ,1,2,target,1,two_refs_egocentric,two_refs_egocentric_target,closer to,further from,Mark is behind Ali. Mark walks fowards. Mark is getting BLANK Ali.,95034e79-b705-587b-9cd2-41aa02e2609b,base
ARR3UJTM2ZGK4,1,2,target,1,two_refs_egocentric,two_refs_egocentric_target,closer to,further from,Mark is behind Ali. Mark walks fowards. Mark is getting BLANK Ali.,95034e79-b705-587b-9cd2-41aa02e2609b,base
A12IAM6IU41KSU,1,2,target,1,two_refs_geocentric,two_refs_geocentric_target,the same direction,different directions,Mark is facing East and Ali is facing West. Mark turns 180 degrees. Mark and Ali are facing BLANK.,6600f687-3b69-5a02-ad35-c26e44ff0415,base
A19NGUFGC7KIGW,1,2,target,1,two_refs_geocentric,two_refs_geocentric_target,the same direction,different directions,Mark is facing East and Ali is facing West. Mark turns 180 degrees. Mark and Ali are facing BLANK.,6600f687-3b69-5a02-ad35-c26e44ff0415,base
A1CT8CGDUL8U5,1,2,target,1,two_refs_geocentric,two_refs_geocentric_target,the same direction,different directions,Mark is facing East and Ali is facing West. Mark turns 180 degrees. Mark and Ali are facing BLANK.,6600f687-3b69-5a02-ad35-c26e44ff0415,base
A1T0ND039EWAVV,1,2,target,1,two_refs_geocentric,two_refs_geocentric_target,the same direction,different directions,Mark is facing East and Ali is facing West. Mark turns 180 degrees. Mark and Ali are facing BLANK.,6600f687-3b69-5a02-ad35-c26e44ff0415,base
A2583YP0HGTKAG,1,2,target,1,two_refs_geocentric,two_refs_geocentric_target,the same direction,different directions,Mark is facing East and Ali is facing West. Mark turns 180 degrees. Mark and Ali are facing BLANK.,6600f687-3b69-5a02-ad35-c26e44ff0415,base
A25PFSORDO3SWQ,1,2,target,1,two_refs_geocentric,two_refs_geocentric_target,the same direction,different directions,Mark is facing East and Ali is facing West. Mark turns 180 degrees. Mark and Ali are facing BLANK.,6600f687-3b69-5a02-ad35-c26e44ff0415,base
A28G4QO0DRY8OZ,1,2,target,0,two_refs_geocentric,two_refs_geocentric_target,the same direction,different directions,Mark is facing East and Ali is facing West. Mark turns 180 degrees. Mark and Ali are facing BLANK.,6600f687-3b69-5a02-ad35-c26e44ff0415,base
A2EE1ES8TUMNCM,1,2,target,1,two_refs_geocentric,two_refs_geocentric_target,the same direction,different directions,Mark is facing East and Ali is facing West. Mark turns 180 degrees. Mark and Ali are facing BLANK.,6600f687-3b69-5a02-ad35-c26e44ff0415,base
A2FHM2F9QKP0O0,1,2,target,0,two_refs_geocentric,two_refs_geocentric_target,the same direction,different directions,Mark is facing East and Ali is facing West. Mark turns 180 degrees. Mark and Ali are facing BLANK.,6600f687-3b69-5a02-ad35-c26e44ff0415,base
A2OVX9UW5WANQE,1,2,target,1,two_refs_geocentric,two_refs_geocentric_target,the same direction,different directions,Mark is facing East and Ali is facing West. Mark turns 180 degrees. Mark and Ali are facing BLANK.,6600f687-3b69-5a02-ad35-c26e44ff0415,base
A2TDK0LD62WZ8Y,1,2,target,1,two_refs_geocentric,two_refs_geocentric_target,the same direction,different directions,Mark is facing East and Ali is facing West. Mark turns 180 degrees. Mark and Ali are facing BLANK.,6600f687-3b69-5a02-ad35-c26e44ff0415,base
A30J4IZCMCR31F,1,2,target,1,two_refs_geocentric,two_refs_geocentric_target,the same direction,different directions,Mark is facing East and Ali is facing West. Mark turns 180 degrees. Mark and Ali are facing BLANK.,6600f687-3b69-5a02-ad35-c26e44ff0415,base
A3CT8UTPVYUL04,1,2,target,0,two_refs_geocentric,two_refs_geocentric_target,the same direction,different directions,Mark is facing East and Ali is facing West. Mark turns 180 degrees. Mark and Ali are facing BLANK.,6600f687-3b69-5a02-ad35-c26e44ff0415,base
A3N1W4VYI7VXEV,1,2,target,1,two_refs_geocentric,two_refs_geocentric_target,the same direction,different directions,Mark is facing East and Ali is facing West. Mark turns 180 degrees. Mark and Ali are facing BLANK.,6600f687-3b69-5a02-ad35-c26e44ff0415,base
A3R97T5D3RR9JX,1,2,target,0,two_refs_geocentric,two_refs_geocentric_target,the same direction,different directions,Mark is facing East and Ali is facing West. Mark turns 180 degrees. Mark and Ali are facing BLANK.,6600f687-3b69-5a02-ad35-c26e44ff0415,base
AKVQQVJKH11HQ,1,2,target,1,two_refs_geocentric,two_refs_geocentric_target,the same direction,different directions,Mark is facing East and Ali is facing West. Mark turns 180 degrees. Mark and Ali are facing BLANK.,6600f687-3b69-5a02-ad35-c26e44ff0415,base
AMVBT3XDCQBHI,1,2,target,1,two_refs_geocentric,two_refs_geocentric_target,the same direction,different directions,Mark is facing East and Ali is facing West. Mark turns 180 degrees. Mark and Ali are facing BLANK.,6600f687-3b69-5a02-ad35-c26e44ff0415,base
ANX6Q4NMZL8EI,1,2,target,1,two_refs_geocentric,two_refs_geocentric_target,the same direction,different directions,Mark is facing East and Ali is facing West. Mark turns 180 degrees. Mark and Ali are facing BLANK.,6600f687-3b69-5a02-ad35-c26e44ff0415,base
APRZ7BR8C0ZMQ,1,2,target,1,two_refs_geocentric,two_refs_geocentric_target,the same direction,different directions,Mark is facing East and Ali is facing West. Mark turns 180 degrees. Mark and Ali are facing BLANK.,6600f687-3b69-5a02-ad35-c26e44ff0415,base
ARR3UJTM2ZGK4,1,2,target,1,two_refs_geocentric,two_refs_geocentric_target,the same direction,different directions,Mark is facing East and Ali is facing West. Mark turns 180 degrees. Mark and Ali are facing BLANK.,6600f687-3b69-5a02-ad35-c26e44ff0415,base
A12IAM6IU41KSU,1,2,target,1,geocentric_near,geocentric_near_target,North,South,Mark is facing West. Mark turns 90 degrees to his right. Mark is facing BLANK.,3a38bdd4-0f3f-542e-aff8-e29f66c4918e,base
A19NGUFGC7KIGW,1,2,target,1,geocentric_near,geocentric_near_target,North,South,Mark is facing West. Mark turns 90 degrees to his right. Mark is facing BLANK.,3a38bdd4-0f3f-542e-aff8-e29f66c4918e,base
A1CT8CGDUL8U5,1,2,target,1,geocentric_near,geocentric_near_target,North,South,Mark is facing West. Mark turns 90 degrees to his right. Mark is facing BLANK.,3a38bdd4-0f3f-542e-aff8-e29f66c4918e,base
A1T0ND039EWAVV,1,2,target,1,geocentric_near,geocentric_near_target,North,South,Mark is facing West. Mark turns 90 degrees to his right. Mark is facing BLANK.,3a38bdd4-0f3f-542e-aff8-e29f66c4918e,base
A2583YP0HGTKAG,1,2,target,1,geocentric_near,geocentric_near_target,North,South,Mark is facing West. Mark turns 90 degrees to his right. Mark is facing BLANK.,3a38bdd4-0f3f-542e-aff8-e29f66c4918e,base
A25PFSORDO3SWQ,1,2,target,1,geocentric_near,geocentric_near_target,North,South,Mark is facing West. Mark turns 90 degrees to his right. Mark is facing BLANK.,3a38bdd4-0f3f-542e-aff8-e29f66c4918e,base
A28G4QO0DRY8OZ,1,2,target,0,geocentric_near,geocentric_near_target,North,South,Mark is facing West. Mark turns 90 degrees to his right. Mark is facing BLANK.,3a38bdd4-0f3f-542e-aff8-e29f66c4918e,base
A2EE1ES8TUMNCM,1,2,target,1,geocentric_near,geocentric_near_target,North,South,Mark is facing West. Mark turns 90 degrees to his right. Mark is facing BLANK.,3a38bdd4-0f3f-542e-aff8-e29f66c4918e,base
A2FHM2F9QKP0O0,1,2,target,0,geocentric_near,geocentric_near_target,North,South,Mark is facing West. Mark turns 90 degrees to his right. Mark is facing BLANK.,3a38bdd4-0f3f-542e-aff8-e29f66c4918e,base
A2OVX9UW5WANQE,1,2,target,1,geocentric_near,geocentric_near_target,North,South,Mark is facing West. Mark turns 90 degrees to his right. Mark is facing BLANK.,3a38bdd4-0f3f-542e-aff8-e29f66c4918e,base
A2TDK0LD62WZ8Y,1,2,target,1,geocentric_near,geocentric_near_target,North,South,Mark is facing West. Mark turns 90 degrees to his right. Mark is facing BLANK.,3a38bdd4-0f3f-542e-aff8-e29f66c4918e,base
A30J4IZCMCR31F,1,2,target,0,geocentric_near,geocentric_near_target,North,South,Mark is facing West. Mark turns 90 degrees to his right. Mark is facing BLANK.,3a38bdd4-0f3f-542e-aff8-e29f66c4918e,base
A3CT8UTPVYUL04,1,2,target,0,geocentric_near,geocentric_near_target,North,South,Mark is facing West. Mark turns 90 degrees to his right. Mark is facing BLANK.,3a38bdd4-0f3f-542e-aff8-e29f66c4918e,base
A3N1W4VYI7VXEV,1,2,target,1,geocentric_near,geocentric_near_target,North,South,Mark is facing West. Mark turns 90 degrees to his right. Mark is facing BLANK.,3a38bdd4-0f3f-542e-aff8-e29f66c4918e,base
A3R97T5D3RR9JX,1,2,target,1,geocentric_near,geocentric_near_target,North,South,Mark is facing West. Mark turns 90 degrees to his right. Mark is facing BLANK.,3a38bdd4-0f3f-542e-aff8-e29f66c4918e,base
AKVQQVJKH11HQ,1,2,target,1,geocentric_near,geocentric_near_target,North,South,Mark is facing West. Mark turns 90 degrees to his right. Mark is facing BLANK.,3a38bdd4-0f3f-542e-aff8-e29f66c4918e,base
AMVBT3XDCQBHI,1,2,target,1,geocentric_near,geocentric_near_target,North,South,Mark is facing West. Mark turns 90 degrees to his right. Mark is facing BLANK.,3a38bdd4-0f3f-542e-aff8-e29f66c4918e,base
ANX6Q4NMZL8EI,1,2,target,1,geocentric_near,geocentric_near_target,North,South,Mark is facing West. Mark turns 90 degrees to his right. Mark is facing BLANK.,3a38bdd4-0f3f-542e-aff8-e29f66c4918e,base
APRZ7BR8C0ZMQ,1,2,target,1,geocentric_near,geocentric_near_target,North,South,Mark is facing West. Mark turns 90 degrees to his right. Mark is facing BLANK.,3a38bdd4-0f3f-542e-aff8-e29f66c4918e,base
ARR3UJTM2ZGK4,1,2,target,1,geocentric_near,geocentric_near_target,North,South,Mark is facing West. Mark turns 90 degrees to his right. Mark is facing BLANK.,3a38bdd4-0f3f-542e-aff8-e29f66c4918e,base
A12IAM6IU41KSU,1,2,target,1,geocentric_distant,geocentric_distant_target,East of,North of,Milwaukee is East of Ali. Ali turns left. Milwaukee is BLANK Ali.,f1fe5a97-8376-5a6c-932e-316f03bab9c7,base
A19NGUFGC7KIGW,1,2,target,1,geocentric_distant,geocentric_distant_target,East of,North of,Milwaukee is East of Ali. Ali turns left. Milwaukee is BLANK Ali.,f1fe5a97-8376-5a6c-932e-316f03bab9c7,base
A1CT8CGDUL8U5,1,2,target,1,geocentric_distant,geocentric_distant_target,East of,North of,Milwaukee is East of Ali. Ali turns left. Milwaukee is BLANK Ali.,f1fe5a97-8376-5a6c-932e-316f03bab9c7,base
A1T0ND039EWAVV,1,2,target,1,geocentric_distant,geocentric_distant_target,East of,North of,Milwaukee is East of Ali. Ali turns left. Milwaukee is BLANK Ali.,f1fe5a97-8376-5a6c-932e-316f03bab9c7,base
A2583YP0HGTKAG,1,2,target,1,geocentric_distant,geocentric_distant_target,East of,North of,Milwaukee is East of Ali. Ali turns left. Milwaukee is BLANK Ali.,f1fe5a97-8376-5a6c-932e-316f03bab9c7,base
A25PFSORDO3SWQ,1,2,target,1,geocentric_distant,geocentric_distant_target,East of,North of,Milwaukee is East of Ali. Ali turns left. Milwaukee is BLANK Ali.,f1fe5a97-8376-5a6c-932e-316f03bab9c7,base
A28G4QO0DRY8OZ,1,2,target,1,geocentric_distant,geocentric_distant_target,East of,North of,Milwaukee is East of Ali. Ali turns left. Milwaukee is BLANK Ali.,f1fe5a97-8376-5a6c-932e-316f03bab9c7,base
A2EE1ES8TUMNCM,1,2,target,1,geocentric_distant,geocentric_distant_target,East of,North of,Milwaukee is East of Ali. Ali turns left. Milwaukee is BLANK Ali.,f1fe5a97-8376-5a6c-932e-316f03bab9c7,base
A2FHM2F9QKP0O0,1,2,target,1,geocentric_distant,geocentric_distant_target,East of,North of,Milwaukee is East of Ali. Ali turns left. Milwaukee is BLANK Ali.,f1fe5a97-8376-5a6c-932e-316f03bab9c7,base
A2OVX9UW5WANQE,1,2,target,0,geocentric_distant,geocentric_distant_target,East of,North of,Milwaukee is East of Ali. Ali turns left. Milwaukee is BLANK Ali.,f1fe5a97-8376-5a6c-932e-316f03bab9c7,base
A2TDK0LD62WZ8Y,1,2,target,1,geocentric_distant,geocentric_distant_target,East of,North of,Milwaukee is East of Ali. Ali turns left. Milwaukee is BLANK Ali.,f1fe5a97-8376-5a6c-932e-316f03bab9c7,base
A30J4IZCMCR31F,1,2,target,0,geocentric_distant,geocentric_distant_target,East of,North of,Milwaukee is East of Ali. Ali turns left. Milwaukee is BLANK Ali.,f1fe5a97-8376-5a6c-932e-316f03bab9c7,base
A3CT8UTPVYUL04,1,2,target,1,geocentric_distant,geocentric_distant_target,East of,North of,Milwaukee is East of Ali. Ali turns left. Milwaukee is BLANK Ali.,f1fe5a97-8376-5a6c-932e-316f03bab9c7,base
A3N1W4VYI7VXEV,1,2,target,1,geocentric_distant,geocentric_distant_target,East of,North of,Milwaukee is East of Ali. Ali turns left. Milwaukee is BLANK Ali.,f1fe5a97-8376-5a6c-932e-316f03bab9c7,base
A3R97T5D3RR9JX,1,2,target,0,geocentric_distant,geocentric_distant_target,East of,North of,Milwaukee is East of Ali. Ali turns left. Milwaukee is BLANK Ali.,f1fe5a97-8376-5a6c-932e-316f03bab9c7,base
AKVQQVJKH11HQ,1,2,target,1,geocentric_distant,geocentric_distant_target,East of,North of,Milwaukee is East of Ali. Ali turns left. Milwaukee is BLANK Ali.,f1fe5a97-8376-5a6c-932e-316f03bab9c7,base
AMVBT3XDCQBHI,1,2,target,1,geocentric_distant,geocentric_distant_target,East of,North of,Milwaukee is East of Ali. Ali turns left. Milwaukee is BLANK Ali.,f1fe5a97-8376-5a6c-932e-316f03bab9c7,base
ANX6Q4NMZL8EI,1,2,target,0,geocentric_distant,geocentric_distant_target,East of,North of,Milwaukee is East of Ali. Ali turns left. Milwaukee is BLANK Ali.,f1fe5a97-8376-5a6c-932e-316f03bab9c7,base
APRZ7BR8C0ZMQ,1,2,target,1,geocentric_distant,geocentric_distant_target,East of,North of,Milwaukee is East of Ali. Ali turns left. Milwaukee is BLANK Ali.,f1fe5a97-8376-5a6c-932e-316f03bab9c7,base
ARR3UJTM2ZGK4,1,2,target,1,geocentric_distant,geocentric_distant_target,East of,North of,Milwaukee is East of Ali. Ali turns left. Milwaukee is BLANK Ali.,f1fe5a97-8376-5a6c-932e-316f03bab9c7,base
A12IAM6IU41KSU,1,2,target,1,two_refs_geocentric,two_refs_geocentric_target,Southeast,Northwest,Milwaukee is South of Mark. Mark goes West. Milwaukee is BLANK of Mark.,08470a5a-00fb-5465-ac85-64e4fc114f74,base
A19NGUFGC7KIGW,1,2,target,1,two_refs_geocentric,two_refs_geocentric_target,Southeast,Northwest,Milwaukee is South of Mark. Mark goes West. Milwaukee is BLANK of Mark.,08470a5a-00fb-5465-ac85-64e4fc114f74,base
A1CT8CGDUL8U5,1,2,target,1,two_refs_geocentric,two_refs_geocentric_target,Southeast,Northwest,Milwaukee is South of Mark. Mark goes West. Milwaukee is BLANK of Mark.,08470a5a-00fb-5465-ac85-64e4fc114f74,base
A1T0ND039EWAVV,1,2,target,1,two_refs_geocentric,two_refs_geocentric_target,Southeast,Northwest,Milwaukee is South of Mark. Mark goes West. Milwaukee is BLANK of Mark.,08470a5a-00fb-5465-ac85-64e4fc114f74,base
A2583YP0HGTKAG,1,2,target,1,two_refs_geocentric,two_refs_geocentric_target,Southeast,Northwest,Milwaukee is South of Mark. Mark goes West. Milwaukee is BLANK of Mark.,08470a5a-00fb-5465-ac85-64e4fc114f74,base
A25PFSORDO3SWQ,1,2,target,1,two_refs_geocentric,two_refs_geocentric_target,Southeast,Northwest,Milwaukee is South of Mark. Mark goes West. Milwaukee is BLANK of Mark.,08470a5a-00fb-5465-ac85-64e4fc114f74,base
A28G4QO0DRY8OZ,1,2,target,0,two_refs_geocentric,two_refs_geocentric_target,Southeast,Northwest,Milwaukee is South of Mark. Mark goes West. Milwaukee is BLANK of Mark.,08470a5a-00fb-5465-ac85-64e4fc114f74,base
A2EE1ES8TUMNCM,1,2,target,1,two_refs_geocentric,two_refs_geocentric_target,Southeast,Northwest,Milwaukee is South of Mark. Mark goes West. Milwaukee is BLANK of Mark.,08470a5a-00fb-5465-ac85-64e4fc114f74,base
A2FHM2F9QKP0O0,1,2,target,1,two_refs_geocentric,two_refs_geocentric_target,Southeast,Northwest,Milwaukee is South of Mark. Mark goes West. Milwaukee is BLANK of Mark.,08470a5a-00fb-5465-ac85-64e4fc114f74,base
A2OVX9UW5WANQE,1,2,target,0,two_refs_geocentric,two_refs_geocentric_target,Southeast,Northwest,Milwaukee is South of Mark. Mark goes West. Milwaukee is BLANK of Mark.,08470a5a-00fb-5465-ac85-64e4fc114f74,base
A2TDK0LD62WZ8Y,1,2,target,1,two_refs_geocentric,two_refs_geocentric_target,Southeast,Northwest,Milwaukee is South of Mark. Mark goes West. Milwaukee is BLANK of Mark.,08470a5a-00fb-5465-ac85-64e4fc114f74,base
A30J4IZCMCR31F,1,2,target,1,two_refs_geocentric,two_refs_geocentric_target,Southeast,Northwest,Milwaukee is South of Mark. Mark goes West. Milwaukee is BLANK of Mark.,08470a5a-00fb-5465-ac85-64e4fc114f74,base
A3CT8UTPVYUL04,1,2,target,1,two_refs_geocentric,two_refs_geocentric_target,Southeast,Northwest,Milwaukee is South of Mark. Mark goes West. Milwaukee is BLANK of Mark.,08470a5a-00fb-5465-ac85-64e4fc114f74,base
A3N1W4VYI7VXEV,1,2,target,0,two_refs_geocentric,two_refs_geocentric_target,Southeast,Northwest,Milwaukee is South of Mark. Mark goes West. Milwaukee is BLANK of Mark.,08470a5a-00fb-5465-ac85-64e4fc114f74,base
A3R97T5D3RR9JX,1,2,target,1,two_refs_geocentric,two_refs_geocentric_target,Southeast,Northwest,Milwaukee is South of Mark. Mark goes West. Milwaukee is BLANK of Mark.,08470a5a-00fb-5465-ac85-64e4fc114f74,base
AKVQQVJKH11HQ,1,2,target,1,two_refs_geocentric,two_refs_geocentric_target,Southeast,Northwest,Milwaukee is South of Mark. Mark goes West. Milwaukee is BLANK of Mark.,08470a5a-00fb-5465-ac85-64e4fc114f74,base
AMVBT3XDCQBHI,1,2,target,0,two_refs_geocentric,two_refs_geocentric_target,Southeast,Northwest,Milwaukee is South of Mark. Mark goes West. Milwaukee is BLANK of Mark.,08470a5a-00fb-5465-ac85-64e4fc114f74,base
ANX6Q4NMZL8EI,1,2,target,1,two_refs_geocentric,two_refs_geocentric_target,Southeast,Northwest,Milwaukee is South of Mark. Mark goes West. Milwaukee is BLANK of Mark.,08470a5a-00fb-5465-ac85-64e4fc114f74,base
APRZ7BR8C0ZMQ,1,2,target,1,two_refs_geocentric,two_refs_geocentric_target,Southeast,Northwest,Milwaukee is South of Mark. Mark goes West. Milwaukee is BLANK of Mark.,08470a5a-00fb-5465-ac85-64e4fc114f74,base
ARR3UJTM2ZGK4,1,2,target,1,two_refs_geocentric,two_refs_geocentric_target,Southeast,Northwest,Milwaukee is South of Mark. Mark goes West. Milwaukee is BLANK of Mark.,08470a5a-00fb-5465-ac85-64e4fc114f74,base
A12IAM6IU41KSU,1,2,target,0,geocentric_distant,geocentric_distant_target,West of,East of,Milwaukee is West of Ali. Ali turns around. Milwaukee is BLANK Ali.,e6dd6cf2-8418-56eb-be84-4808492be4b9,base
A19NGUFGC7KIGW,1,2,target,0,geocentric_distant,geocentric_distant_target,West of,East of,Milwaukee is West of Ali. Ali turns around. Milwaukee is BLANK Ali.,e6dd6cf2-8418-56eb-be84-4808492be4b9,base
A1CT8CGDUL8U5,1,2,target,1,geocentric_distant,geocentric_distant_target,West of,East of,Milwaukee is West of Ali. Ali turns around. Milwaukee is BLANK Ali.,e6dd6cf2-8418-56eb-be84-4808492be4b9,base
A1T0ND039EWAVV,1,2,target,1,geocentric_distant,geocentric_distant_target,West of,East of,Milwaukee is West of Ali. Ali turns around. Milwaukee is BLANK Ali.,e6dd6cf2-8418-56eb-be84-4808492be4b9,base
A2583YP0HGTKAG,1,2,target,1,geocentric_distant,geocentric_distant_target,West of,East of,Milwaukee is West of Ali. Ali turns around. Milwaukee is BLANK Ali.,e6dd6cf2-8418-56eb-be84-4808492be4b9,base
A25PFSORDO3SWQ,1,2,target,1,geocentric_distant,geocentric_distant_target,West of,East of,Milwaukee is West of Ali. Ali turns around. Milwaukee is BLANK Ali.,e6dd6cf2-8418-56eb-be84-4808492be4b9,base
A28G4QO0DRY8OZ,1,2,target,0,geocentric_distant,geocentric_distant_target,West of,East of,Milwaukee is West of Ali. Ali turns around. Milwaukee is BLANK Ali.,e6dd6cf2-8418-56eb-be84-4808492be4b9,base
A2EE1ES8TUMNCM,1,2,target,1,geocentric_distant,geocentric_distant_target,West of,East of,Milwaukee is West of Ali. Ali turns around. Milwaukee is BLANK Ali.,e6dd6cf2-8418-56eb-be84-4808492be4b9,base
A2FHM2F9QKP0O0,1,2,target,1,geocentric_distant,geocentric_distant_target,West of,East of,Milwaukee is West of Ali. Ali turns around. Milwaukee is BLANK Ali.,e6dd6cf2-8418-56eb-be84-4808492be4b9,base
A2OVX9UW5WANQE,1,2,target,0,geocentric_distant,geocentric_distant_target,West of,East of,Milwaukee is West of Ali. Ali turns around. Milwaukee is BLANK Ali.,e6dd6cf2-8418-56eb-be84-4808492be4b9,base
A2TDK0LD62WZ8Y,1,2,target,0,geocentric_distant,geocentric_distant_target,West of,East of,Milwaukee is West of Ali. Ali turns around. Milwaukee is BLANK Ali.,e6dd6cf2-8418-56eb-be84-4808492be4b9,base
A30J4IZCMCR31F,1,2,target,0,geocentric_distant,geocentric_distant_target,West of,East of,Milwaukee is West of Ali. Ali turns around. Milwaukee is BLANK Ali.,e6dd6cf2-8418-56eb-be84-4808492be4b9,base
A3CT8UTPVYUL04,1,2,target,0,geocentric_distant,geocentric_distant_target,West of,East of,Milwaukee is West of Ali. Ali turns around. Milwaukee is BLANK Ali.,e6dd6cf2-8418-56eb-be84-4808492be4b9,base
A3N1W4VYI7VXEV,1,2,target,1,geocentric_distant,geocentric_distant_target,West of,East of,Milwaukee is West of Ali. Ali turns around. Milwaukee is BLANK Ali.,e6dd6cf2-8418-56eb-be84-4808492be4b9,base
A3R97T5D3RR9JX,1,2,target,1,geocentric_distant,geocentric_distant_target,West of,East of,Milwaukee is West of Ali. Ali turns around. Milwaukee is BLANK Ali.,e6dd6cf2-8418-56eb-be84-4808492be4b9,base
AKVQQVJKH11HQ,1,2,target,1,geocentric_distant,geocentric_distant_target,West of,East of,Milwaukee is West of Ali. Ali turns around. Milwaukee is BLANK Ali.,e6dd6cf2-8418-56eb-be84-4808492be4b9,base
AMVBT3XDCQBHI,1,2,target,1,geocentric_distant,geocentric_distant_target,West of,East of,Milwaukee is West of Ali. Ali turns around. Milwaukee is BLANK Ali.,e6dd6cf2-8418-56eb-be84-4808492be4b9,base
ANX6Q4NMZL8EI,1,2,target,0,geocentric_distant,geocentric_distant_target,West of,East of,Milwaukee is West of Ali. Ali turns around. Milwaukee is BLANK Ali.,e6dd6cf2-8418-56eb-be84-4808492be4b9,base
APRZ7BR8C0ZMQ,1,2,target,1,geocentric_distant,geocentric_distant_target,West of,East of,Milwaukee is West of Ali. Ali turns around. Milwaukee is BLANK Ali.,e6dd6cf2-8418-56eb-be84-4808492be4b9,base
ARR3UJTM2ZGK4,1,2,target,1,geocentric_distant,geocentric_distant_target,West of,East of,Milwaukee is West of Ali. Ali turns around. Milwaukee is BLANK Ali.,e6dd6cf2-8418-56eb-be84-4808492be4b9,base
A12IAM6IU41KSU,1,2,target,1,geocentric_distant,geocentric_distant_target,West of,North of,Milwaukee is West of Ali. Ali turns right. Milwaukee is BLANK Ali.,ab393531-7a45-54be-8745-da5f51d0a854,base
A19NGUFGC7KIGW,1,2,target,1,geocentric_distant,geocentric_distant_target,West of,North of,Milwaukee is West of Ali. Ali turns right. Milwaukee is BLANK Ali.,ab393531-7a45-54be-8745-da5f51d0a854,base
A1CT8CGDUL8U5,1,2,target,1,geocentric_distant,geocentric_distant_target,West of,North of,Milwaukee is West of Ali. Ali turns right. Milwaukee is BLANK Ali.,ab393531-7a45-54be-8745-da5f51d0a854,base
A1T0ND039EWAVV,1,2,target,1,geocentric_distant,geocentric_distant_target,West of,North of,Milwaukee is West of Ali. Ali turns right. Milwaukee is BLANK Ali.,ab393531-7a45-54be-8745-da5f51d0a854,base
A2583YP0HGTKAG,1,2,target,1,geocentric_distant,geocentric_distant_target,West of,North of,Milwaukee is West of Ali. Ali turns right. Milwaukee is BLANK Ali.,ab393531-7a45-54be-8745-da5f51d0a854,base
A25PFSORDO3SWQ,1,2,target,1,geocentric_distant,geocentric_distant_target,West of,North of,Milwaukee is West of Ali. Ali turns right. Milwaukee is BLANK Ali.,ab393531-7a45-54be-8745-da5f51d0a854,base
A28G4QO0DRY8OZ,1,2,target,1,geocentric_distant,geocentric_distant_target,West of,North of,Milwaukee is West of Ali. Ali turns right. Milwaukee is BLANK Ali.,ab393531-7a45-54be-8745-da5f51d0a854,base
A2EE1ES8TUMNCM,1,2,target,1,geocentric_distant,geocentric_distant_target,West of,North of,Milwaukee is West of Ali. Ali turns right. Milwaukee is BLANK Ali.,ab393531-7a45-54be-8745-da5f51d0a854,base
A2FHM2F9QKP0O0,1,2,target,1,geocentric_distant,geocentric_distant_target,West of,North of,Milwaukee is West of Ali. Ali turns right. Milwaukee is BLANK Ali.,ab393531-7a45-54be-8745-da5f51d0a854,base
A2OVX9UW5WANQE,1,2,target,0,geocentric_distant,geocentric_distant_target,West of,North of,Milwaukee is West of Ali. Ali turns right. Milwaukee is BLANK Ali.,ab393531-7a45-54be-8745-da5f51d0a854,base
A2TDK0LD62WZ8Y,1,2,target,1,geocentric_distant,geocentric_distant_target,West of,North of,Milwaukee is West of Ali. Ali turns right. Milwaukee is BLANK Ali.,ab393531-7a45-54be-8745-da5f51d0a854,base
A30J4IZCMCR31F,1,2,target,0,geocentric_distant,geocentric_distant_target,West of,North of,Milwaukee is West of Ali. Ali turns right. Milwaukee is BLANK Ali.,ab393531-7a45-54be-8745-da5f51d0a854,base
A3CT8UTPVYUL04,1,2,target,1,geocentric_distant,geocentric_distant_target,West of,North of,Milwaukee is West of Ali. Ali turns right. Milwaukee is BLANK Ali.,ab393531-7a45-54be-8745-da5f51d0a854,base
A3N1W4VYI7VXEV,1,2,target,1,geocentric_distant,geocentric_distant_target,West of,North of,Milwaukee is West of Ali. Ali turns right. Milwaukee is BLANK Ali.,ab393531-7a45-54be-8745-da5f51d0a854,base
A3R97T5D3RR9JX,1,2,target,0,geocentric_distant,geocentric_distant_target,West of,North of,Milwaukee is West of Ali. Ali turns right. Milwaukee is BLANK Ali.,ab393531-7a45-54be-8745-da5f51d0a854,base
AKVQQVJKH11HQ,1,2,target,0,geocentric_distant,geocentric_distant_target,West of,North of,Milwaukee is West of Ali. Ali turns right. Milwaukee is BLANK Ali.,ab393531-7a45-54be-8745-da5f51d0a854,base
AMVBT3XDCQBHI,1,2,target,1,geocentric_distant,geocentric_distant_target,West of,North of,Milwaukee is West of Ali. Ali turns right. Milwaukee is BLANK Ali.,ab393531-7a45-54be-8745-da5f51d0a854,base
ANX6Q4NMZL8EI,1,2,target,0,geocentric_distant,geocentric_distant_target,West of,North of,Milwaukee is West of Ali. Ali turns right. Milwaukee is BLANK Ali.,ab393531-7a45-54be-8745-da5f51d0a854,base
APRZ7BR8C0ZMQ,1,2,target,1,geocentric_distant,geocentric_distant_target,West of,North of,Milwaukee is West of Ali. Ali turns right. Milwaukee is BLANK Ali.,ab393531-7a45-54be-8745-da5f51d0a854,base
ARR3UJTM2ZGK4,1,2,target,1,geocentric_distant,geocentric_distant_target,West of,North of,Milwaukee is West of Ali. Ali turns right. Milwaukee is BLANK Ali.,ab393531-7a45-54be-8745-da5f51d0a854,base
A12IAM6IU41KSU,1,2,target,0,relative_pos,relative_pos_target,lower than,higher than,The ball and the box are on top of the ramp. The ball rolls down the ramp. The ball is BLANK the box.,43ee992d-ffc4-5dbd-9aa3-d6017f8b92d1,base
A19NGUFGC7KIGW,1,2,target,1,relative_pos,relative_pos_target,lower than,higher than,The ball and the box are on top of the ramp. The ball rolls down the ramp. The ball is BLANK the box.,43ee992d-ffc4-5dbd-9aa3-d6017f8b92d1,base
A1CT8CGDUL8U5,1,2,target,1,relative_pos,relative_pos_target,lower than,higher than,The ball and the box are on top of the ramp. The ball rolls down the ramp. The ball is BLANK the box.,43ee992d-ffc4-5dbd-9aa3-d6017f8b92d1,base
A1T0ND039EWAVV,1,2,target,0,relative_pos,relative_pos_target,lower than,higher than,The ball and the box are on top of the ramp. The ball rolls down the ramp. The ball is BLANK the box.,43ee992d-ffc4-5dbd-9aa3-d6017f8b92d1,base
A2583YP0HGTKAG,1,2,target,1,relative_pos,relative_pos_target,lower than,higher than,The ball and the box are on top of the ramp. The ball rolls down the ramp. The ball is BLANK the box.,43ee992d-ffc4-5dbd-9aa3-d6017f8b92d1,base
A25PFSORDO3SWQ,1,2,target,1,relative_pos,relative_pos_target,lower than,higher than,The ball and the box are on top of the ramp. The ball rolls down the ramp. The ball is BLANK the box.,43ee992d-ffc4-5dbd-9aa3-d6017f8b92d1,base
A28G4QO0DRY8OZ,1,2,target,1,relative_pos,relative_pos_target,lower than,higher than,The ball and the box are on top of the ramp. The ball rolls down the ramp. The ball is BLANK the box.,43ee992d-ffc4-5dbd-9aa3-d6017f8b92d1,base
A2EE1ES8TUMNCM,1,2,target,1,relative_pos,relative_pos_target,lower than,higher than,The ball and the box are on top of the ramp. The ball rolls down the ramp. The ball is BLANK the box.,43ee992d-ffc4-5dbd-9aa3-d6017f8b92d1,base
A2FHM2F9QKP0O0,1,2,target,1,relative_pos,relative_pos_target,lower than,higher than,The ball and the box are on top of the ramp. The ball rolls down the ramp. The ball is BLANK the box.,43ee992d-ffc4-5dbd-9aa3-d6017f8b92d1,base
A2OVX9UW5WANQE,1,2,target,1,relative_pos,relative_pos_target,lower than,higher than,The ball and the box are on top of the ramp. The ball rolls down the ramp. The ball is BLANK the box.,43ee992d-ffc4-5dbd-9aa3-d6017f8b92d1,base
A2TDK0LD62WZ8Y,1,2,target,1,relative_pos,relative_pos_target,lower than,higher than,The ball and the box are on top of the ramp. The ball rolls down the ramp. The ball is BLANK the box.,43ee992d-ffc4-5dbd-9aa3-d6017f8b92d1,base
A30J4IZCMCR31F,1,2,target,1,relative_pos,relative_pos_target,lower than,higher than,The ball and the box are on top of the ramp. The ball rolls down the ramp. The ball is BLANK the box.,43ee992d-ffc4-5dbd-9aa3-d6017f8b92d1,base
A3CT8UTPVYUL04,1,2,target,0,relative_pos,relative_pos_target,lower than,higher than,The ball and the box are on top of the ramp. The ball rolls down the ramp. The ball is BLANK the box.,43ee992d-ffc4-5dbd-9aa3-d6017f8b92d1,base
A3N1W4VYI7VXEV,1,2,target,1,relative_pos,relative_pos_target,lower than,higher than,The ball and the box are on top of the ramp. The ball rolls down the ramp. The ball is BLANK the box.,43ee992d-ffc4-5dbd-9aa3-d6017f8b92d1,base
A3R97T5D3RR9JX,1,2,target,0,relative_pos,relative_pos_target,lower than,higher than,The ball and the box are on top of the ramp. The ball rolls down the ramp. The ball is BLANK the box.,43ee992d-ffc4-5dbd-9aa3-d6017f8b92d1,base
AKVQQVJKH11HQ,1,2,target,1,relative_pos,relative_pos_target,lower than,higher than,The ball and the box are on top of the ramp. The ball rolls down the ramp. The ball is BLANK the box.,43ee992d-ffc4-5dbd-9aa3-d6017f8b92d1,base
AMVBT3XDCQBHI,1,2,target,0,relative_pos,relative_pos_target,lower than,higher than,The ball and the box are on top of the ramp. The ball rolls down the ramp. The ball is BLANK the box.,43ee992d-ffc4-5dbd-9aa3-d6017f8b92d1,base
ANX6Q4NMZL8EI,1,2,target,1,relative_pos,relative_pos_target,lower than,higher than,The ball and the box are on top of the ramp. The ball rolls down the ramp. The ball is BLANK the box.,43ee992d-ffc4-5dbd-9aa3-d6017f8b92d1,base
APRZ7BR8C0ZMQ,1,2,target,1,relative_pos,relative_pos_target,lower than,higher than,The ball and the box are on top of the ramp. The ball rolls down the ramp. The ball is BLANK the box.,43ee992d-ffc4-5dbd-9aa3-d6017f8b92d1,base
ARR3UJTM2ZGK4,1,2,target,1,relative_pos,relative_pos_target,lower than,higher than,The ball and the box are on top of the ramp. The ball rolls down the ramp. The ball is BLANK the box.,43ee992d-ffc4-5dbd-9aa3-d6017f8b92d1,base
A12IAM6IU41KSU,1,2,target,0,action_nonfollows,action_nonfollows_target,doesn't move,moves,The ball is five feet from the box. Ali moves the box. The ball BLANK.,eae220a6-b112-595b-8808-41aaec2e4f3d,base
A19NGUFGC7KIGW,1,2,target,1,action_nonfollows,action_nonfollows_target,doesn't move,moves,The ball is five feet from the box. Ali moves the box. The ball BLANK.,eae220a6-b112-595b-8808-41aaec2e4f3d,base
A1CT8CGDUL8U5,1,2,target,1,action_nonfollows,action_nonfollows_target,doesn't move,moves,The ball is five feet from the box. Ali moves the box. The ball BLANK.,eae220a6-b112-595b-8808-41aaec2e4f3d,base
A1T0ND039EWAVV,1,2,target,1,action_nonfollows,action_nonfollows_target,doesn't move,moves,The ball is five feet from the box. Ali moves the box. The ball BLANK.,eae220a6-b112-595b-8808-41aaec2e4f3d,base
A2583YP0HGTKAG,1,2,target,1,action_nonfollows,action_nonfollows_target,doesn't move,moves,The ball is five feet from the box. Ali moves the box. The ball BLANK.,eae220a6-b112-595b-8808-41aaec2e4f3d,base
A25PFSORDO3SWQ,1,2,target,1,action_nonfollows,action_nonfollows_target,doesn't move,moves,The ball is five feet from the box. Ali moves the box. The ball BLANK.,eae220a6-b112-595b-8808-41aaec2e4f3d,base
A28G4QO0DRY8OZ,1,2,target,0,action_nonfollows,action_nonfollows_target,doesn't move,moves,The ball is five feet from the box. Ali moves the box. The ball BLANK.,eae220a6-b112-595b-8808-41aaec2e4f3d,base
A2EE1ES8TUMNCM,1,2,target,0,action_nonfollows,action_nonfollows_target,doesn't move,moves,The ball is five feet from the box. Ali moves the box. The ball BLANK.,eae220a6-b112-595b-8808-41aaec2e4f3d,base
A2FHM2F9QKP0O0,1,2,target,0,action_nonfollows,action_nonfollows_target,doesn't move,moves,The ball is five feet from the box. Ali moves the box. The ball BLANK.,eae220a6-b112-595b-8808-41aaec2e4f3d,base
A2OVX9UW5WANQE,1,2,target,1,action_nonfollows,action_nonfollows_target,doesn't move,moves,The ball is five feet from the box. Ali moves the box. The ball BLANK.,eae220a6-b112-595b-8808-41aaec2e4f3d,base
A2TDK0LD62WZ8Y,1,2,target,1,action_nonfollows,action_nonfollows_target,doesn't move,moves,The ball is five feet from the box. Ali moves the box. The ball BLANK.,eae220a6-b112-595b-8808-41aaec2e4f3d,base
A30J4IZCMCR31F,1,2,target,1,action_nonfollows,action_nonfollows_target,doesn't move,moves,The ball is five feet from the box. Ali moves the box. The ball BLANK.,eae220a6-b112-595b-8808-41aaec2e4f3d,base
A3CT8UTPVYUL04,1,2,target,0,action_nonfollows,action_nonfollows_target,doesn't move,moves,The ball is five feet from the box. Ali moves the box. The ball BLANK.,eae220a6-b112-595b-8808-41aaec2e4f3d,base
A3N1W4VYI7VXEV,1,2,target,1,action_nonfollows,action_nonfollows_target,doesn't move,moves,The ball is five feet from the box. Ali moves the box. The ball BLANK.,eae220a6-b112-595b-8808-41aaec2e4f3d,base
A3R97T5D3RR9JX,1,2,target,1,action_nonfollows,action_nonfollows_target,doesn't move,moves,The ball is five feet from the box. Ali moves the box. The ball BLANK.,eae220a6-b112-595b-8808-41aaec2e4f3d,base
AKVQQVJKH11HQ,1,2,target,1,action_nonfollows,action_nonfollows_target,doesn't move,moves,The ball is five feet from the box. Ali moves the box. The ball BLANK.,eae220a6-b112-595b-8808-41aaec2e4f3d,base
AMVBT3XDCQBHI,1,2,target,1,action_nonfollows,action_nonfollows_target,doesn't move,moves,The ball is five feet from the box. Ali moves the box. The ball BLANK.,eae220a6-b112-595b-8808-41aaec2e4f3d,base
ANX6Q4NMZL8EI,1,2,target,1,action_nonfollows,action_nonfollows_target,doesn't move,moves,The ball is five feet from the box. Ali moves the box. The ball BLANK.,eae220a6-b112-595b-8808-41aaec2e4f3d,base
APRZ7BR8C0ZMQ,1,2,target,1,action_nonfollows,action_nonfollows_target,doesn't move,moves,The ball is five feet from the box. Ali moves the box. The ball BLANK.,eae220a6-b112-595b-8808-41aaec2e4f3d,base
ARR3UJTM2ZGK4,1,2,target,1,action_nonfollows,action_nonfollows_target,doesn't move,moves,The ball is five feet from the box. Ali moves the box. The ball BLANK.,eae220a6-b112-595b-8808-41aaec2e4f3d,base
A12IAM6IU41KSU,1,2,target,0,action_follows,action_follows_target,moves,doesn't move,The ball is inside the box. Ali pushes the box. The ball BLANK.,33552236-70f8-5d82-9942-5557c87e0cf1,base
A19NGUFGC7KIGW,1,2,target,1,action_follows,action_follows_target,moves,doesn't move,The ball is inside the box. Ali pushes the box. The ball BLANK.,33552236-70f8-5d82-9942-5557c87e0cf1,base
A1CT8CGDUL8U5,1,2,target,1,action_follows,action_follows_target,moves,doesn't move,The ball is inside the box. Ali pushes the box. The ball BLANK.,33552236-70f8-5d82-9942-5557c87e0cf1,base
A1T0ND039EWAVV,1,2,target,1,action_follows,action_follows_target,moves,doesn't move,The ball is inside the box. Ali pushes the box. The ball BLANK.,33552236-70f8-5d82-9942-5557c87e0cf1,base
A2583YP0HGTKAG,1,2,target,0,action_follows,action_follows_target,moves,doesn't move,The ball is inside the box. Ali pushes the box. The ball BLANK.,33552236-70f8-5d82-9942-5557c87e0cf1,base
A25PFSORDO3SWQ,1,2,target,1,action_follows,action_follows_target,moves,doesn't move,The ball is inside the box. Ali pushes the box. The ball BLANK.,33552236-70f8-5d82-9942-5557c87e0cf1,base
A28G4QO0DRY8OZ,1,2,target,1,action_follows,action_follows_target,moves,doesn't move,The ball is inside the box. Ali pushes the box. The ball BLANK.,33552236-70f8-5d82-9942-5557c87e0cf1,base
A2EE1ES8TUMNCM,1,2,target,1,action_follows,action_follows_target,moves,doesn't move,The ball is inside the box. Ali pushes the box. The ball BLANK.,33552236-70f8-5d82-9942-5557c87e0cf1,base
A2FHM2F9QKP0O0,1,2,target,1,action_follows,action_follows_target,moves,doesn't move,The ball is inside the box. Ali pushes the box. The ball BLANK.,33552236-70f8-5d82-9942-5557c87e0cf1,base
A2OVX9UW5WANQE,1,2,target,1,action_follows,action_follows_target,moves,doesn't move,The ball is inside the box. Ali pushes the box. The ball BLANK.,33552236-70f8-5d82-9942-5557c87e0cf1,base
A2TDK0LD62WZ8Y,1,2,target,1,action_follows,action_follows_target,moves,doesn't move,The ball is inside the box. Ali pushes the box. The ball BLANK.,33552236-70f8-5d82-9942-5557c87e0cf1,base
A30J4IZCMCR31F,1,2,target,1,action_follows,action_follows_target,moves,doesn't move,The ball is inside the box. Ali pushes the box. The ball BLANK.,33552236-70f8-5d82-9942-5557c87e0cf1,base
A3CT8UTPVYUL04,1,2,target,1,action_follows,action_follows_target,moves,doesn't move,The ball is inside the box. Ali pushes the box. The ball BLANK.,33552236-70f8-5d82-9942-5557c87e0cf1,base
A3N1W4VYI7VXEV,1,2,target,1,action_follows,action_follows_target,moves,doesn't move,The ball is inside the box. Ali pushes the box. The ball BLANK.,33552236-70f8-5d82-9942-5557c87e0cf1,base
A3R97T5D3RR9JX,1,2,target,1,action_follows,action_follows_target,moves,doesn't move,The ball is inside the box. Ali pushes the box. The ball BLANK.,33552236-70f8-5d82-9942-5557c87e0cf1,base
AKVQQVJKH11HQ,1,2,target,1,action_follows,action_follows_target,moves,doesn't move,The ball is inside the box. Ali pushes the box. The ball BLANK.,33552236-70f8-5d82-9942-5557c87e0cf1,base
AMVBT3XDCQBHI,1,2,target,1,action_follows,action_follows_target,moves,doesn't move,The ball is inside the box. Ali pushes the box. The ball BLANK.,33552236-70f8-5d82-9942-5557c87e0cf1,base
ANX6Q4NMZL8EI,1,2,target,1,action_follows,action_follows_target,moves,doesn't move,The ball is inside the box. Ali pushes the box. The ball BLANK.,33552236-70f8-5d82-9942-5557c87e0cf1,base
APRZ7BR8C0ZMQ,1,2,target,1,action_follows,action_follows_target,moves,doesn't move,The ball is inside the box. Ali pushes the box. The ball BLANK.,33552236-70f8-5d82-9942-5557c87e0cf1,base
ARR3UJTM2ZGK4,1,2,target,1,action_follows,action_follows_target,moves,doesn't move,The ball is inside the box. Ali pushes the box. The ball BLANK.,33552236-70f8-5d82-9942-5557c87e0cf1,base
A12IAM6IU41KSU,1,2,target,0,action_nonfollows,action_nonfollows_target,on top of,below,The ball is resting on top of the box. Ali pushes the box forward. The ball is BLANK the box.,e370550d-ab15-5ae2-b47f-7b94238ca644,base
A19NGUFGC7KIGW,1,2,target,0,action_nonfollows,action_nonfollows_target,on top of,below,The ball is resting on top of the box. Ali pushes the box forward. The ball is BLANK the box.,e370550d-ab15-5ae2-b47f-7b94238ca644,base
A1CT8CGDUL8U5,1,2,target,1,action_nonfollows,action_nonfollows_target,on top of,below,The ball is resting on top of the box. Ali pushes the box forward. The ball is BLANK the box.,e370550d-ab15-5ae2-b47f-7b94238ca644,base
A1T0ND039EWAVV,1,2,target,0,action_nonfollows,action_nonfollows_target,on top of,below,The ball is resting on top of the box. Ali pushes the box forward. The ball is BLANK the box.,e370550d-ab15-5ae2-b47f-7b94238ca644,base
A2583YP0HGTKAG,1,2,target,1,action_nonfollows,action_nonfollows_target,on top of,below,The ball is resting on top of the box. Ali pushes the box forward. The ball is BLANK the box.,e370550d-ab15-5ae2-b47f-7b94238ca644,base
A25PFSORDO3SWQ,1,2,target,0,action_nonfollows,action_nonfollows_target,on top of,below,The ball is resting on top of the box. Ali pushes the box forward. The ball is BLANK the box.,e370550d-ab15-5ae2-b47f-7b94238ca644,base
A28G4QO0DRY8OZ,1,2,target,1,action_nonfollows,action_nonfollows_target,on top of,below,The ball is resting on top of the box. Ali pushes the box forward. The ball is BLANK the box.,e370550d-ab15-5ae2-b47f-7b94238ca644,base
A2EE1ES8TUMNCM,1,2,target,1,action_nonfollows,action_nonfollows_target,on top of,below,The ball is resting on top of the box. Ali pushes the box forward. The ball is BLANK the box.,e370550d-ab15-5ae2-b47f-7b94238ca644,base
A2FHM2F9QKP0O0,1,2,target,1,action_nonfollows,action_nonfollows_target,on top of,below,The ball is resting on top of the box. Ali pushes the box forward. The ball is BLANK the box.,e370550d-ab15-5ae2-b47f-7b94238ca644,base
A2OVX9UW5WANQE,1,2,target,0,action_nonfollows,action_nonfollows_target,on top of,below,The ball is resting on top of the box. Ali pushes the box forward. The ball is BLANK the box.,e370550d-ab15-5ae2-b47f-7b94238ca644,base
A2TDK0LD62WZ8Y,1,2,target,0,action_nonfollows,action_nonfollows_target,on top of,below,The ball is resting on top of the box. Ali pushes the box forward. The ball is BLANK the box.,e370550d-ab15-5ae2-b47f-7b94238ca644,base
A30J4IZCMCR31F,1,2,target,1,action_nonfollows,action_nonfollows_target,on top of,below,The ball is resting on top of the box. Ali pushes the box forward. The ball is BLANK the box.,e370550d-ab15-5ae2-b47f-7b94238ca644,base
A3CT8UTPVYUL04,1,2,target,1,action_nonfollows,action_nonfollows_target,on top of,below,The ball is resting on top of the box. Ali pushes the box forward. The ball is BLANK the box.,e370550d-ab15-5ae2-b47f-7b94238ca644,base
A3N1W4VYI7VXEV,1,2,target,0,action_nonfollows,action_nonfollows_target,on top of,below,The ball is resting on top of the box. Ali pushes the box forward. The ball is BLANK the box.,e370550d-ab15-5ae2-b47f-7b94238ca644,base
A3R97T5D3RR9JX,1,2,target,1,action_nonfollows,action_nonfollows_target,on top of,below,The ball is resting on top of the box. Ali pushes the box forward. The ball is BLANK the box.,e370550d-ab15-5ae2-b47f-7b94238ca644,base
AKVQQVJKH11HQ,1,2,target,1,action_nonfollows,action_nonfollows_target,on top of,below,The ball is resting on top of the box. Ali pushes the box forward. The ball is BLANK the box.,e370550d-ab15-5ae2-b47f-7b94238ca644,base
AMVBT3XDCQBHI,1,2,target,1,action_nonfollows,action_nonfollows_target,on top of,below,The ball is resting on top of the box. Ali pushes the box forward. The ball is BLANK the box.,e370550d-ab15-5ae2-b47f-7b94238ca644,base
ANX6Q4NMZL8EI,1,2,target,1,action_nonfollows,action_nonfollows_target,on top of,below,The ball is resting on top of the box. Ali pushes the box forward. The ball is BLANK the box.,e370550d-ab15-5ae2-b47f-7b94238ca644,base
APRZ7BR8C0ZMQ,1,2,target,1,action_nonfollows,action_nonfollows_target,on top of,below,The ball is resting on top of the box. Ali pushes the box forward. The ball is BLANK the box.,e370550d-ab15-5ae2-b47f-7b94238ca644,base
ARR3UJTM2ZGK4,1,2,target,1,action_nonfollows,action_nonfollows_target,on top of,below,The ball is resting on top of the box. Ali pushes the box forward. The ball is BLANK the box.,e370550d-ab15-5ae2-b47f-7b94238ca644,base
A12IAM6IU41KSU,1,2,target,0,action_nonfollows,action_nonfollows_target,under,above,The ball is under the box. Ali pushes the ball forward. The ball is BLANK the box.,f0495a24-de5d-50ee-ae7c-247a6f19a54f,base
A19NGUFGC7KIGW,1,2,target,1,action_nonfollows,action_nonfollows_target,under,above,The ball is under the box. Ali pushes the ball forward. The ball is BLANK the box.,f0495a24-de5d-50ee-ae7c-247a6f19a54f,base
A1CT8CGDUL8U5,1,2,target,1,action_nonfollows,action_nonfollows_target,under,above,The ball is under the box. Ali pushes the ball forward. The ball is BLANK the box.,f0495a24-de5d-50ee-ae7c-247a6f19a54f,base
A1T0ND039EWAVV,1,2,target,1,action_nonfollows,action_nonfollows_target,under,above,The ball is under the box. Ali pushes the ball forward. The ball is BLANK the box.,f0495a24-de5d-50ee-ae7c-247a6f19a54f,base
A2583YP0HGTKAG,1,2,target,1,action_nonfollows,action_nonfollows_target,under,above,The ball is under the box. Ali pushes the ball forward. The ball is BLANK the box.,f0495a24-de5d-50ee-ae7c-247a6f19a54f,base
A25PFSORDO3SWQ,1,2,target,1,action_nonfollows,action_nonfollows_target,under,above,The ball is under the box. Ali pushes the ball forward. The ball is BLANK the box.,f0495a24-de5d-50ee-ae7c-247a6f19a54f,base
A28G4QO0DRY8OZ,1,2,target,1,action_nonfollows,action_nonfollows_target,under,above,The ball is under the box. Ali pushes the ball forward. The ball is BLANK the box.,f0495a24-de5d-50ee-ae7c-247a6f19a54f,base
A2EE1ES8TUMNCM,1,2,target,1,action_nonfollows,action_nonfollows_target,under,above,The ball is under the box. Ali pushes the ball forward. The ball is BLANK the box.,f0495a24-de5d-50ee-ae7c-247a6f19a54f,base
A2FHM2F9QKP0O0,1,2,target,1,action_nonfollows,action_nonfollows_target,under,above,The ball is under the box. Ali pushes the ball forward. The ball is BLANK the box.,f0495a24-de5d-50ee-ae7c-247a6f19a54f,base
A2OVX9UW5WANQE,1,2,target,1,action_nonfollows,action_nonfollows_target,under,above,The ball is under the box. Ali pushes the ball forward. The ball is BLANK the box.,f0495a24-de5d-50ee-ae7c-247a6f19a54f,base
A2TDK0LD62WZ8Y,1,2,target,1,action_nonfollows,action_nonfollows_target,under,above,The ball is under the box. Ali pushes the ball forward. The ball is BLANK the box.,f0495a24-de5d-50ee-ae7c-247a6f19a54f,base
A30J4IZCMCR31F,1,2,target,1,action_nonfollows,action_nonfollows_target,under,above,The ball is under the box. Ali pushes the ball forward. The ball is BLANK the box.,f0495a24-de5d-50ee-ae7c-247a6f19a54f,base
A3CT8UTPVYUL04,1,2,target,0,action_nonfollows,action_nonfollows_target,under,above,The ball is under the box. Ali pushes the ball forward. The ball is BLANK the box.,f0495a24-de5d-50ee-ae7c-247a6f19a54f,base
A3N1W4VYI7VXEV,1,2,target,1,action_nonfollows,action_nonfollows_target,under,above,The ball is under the box. Ali pushes the ball forward. The ball is BLANK the box.,f0495a24-de5d-50ee-ae7c-247a6f19a54f,base
A3R97T5D3RR9JX,1,2,target,0,action_nonfollows,action_nonfollows_target,under,above,The ball is under the box. Ali pushes the ball forward. The ball is BLANK the box.,f0495a24-de5d-50ee-ae7c-247a6f19a54f,base
AKVQQVJKH11HQ,1,2,target,1,action_nonfollows,action_nonfollows_target,under,above,The ball is under the box. Ali pushes the ball forward. The ball is BLANK the box.,f0495a24-de5d-50ee-ae7c-247a6f19a54f,base
AMVBT3XDCQBHI,1,2,target,1,action_nonfollows,action_nonfollows_target,under,above,The ball is under the box. Ali pushes the ball forward. The ball is BLANK the box.,f0495a24-de5d-50ee-ae7c-247a6f19a54f,base
ANX6Q4NMZL8EI,1,2,target,1,action_nonfollows,action_nonfollows_target,under,above,The ball is under the box. Ali pushes the ball forward. The ball is BLANK the box.,f0495a24-de5d-50ee-ae7c-247a6f19a54f,base
APRZ7BR8C0ZMQ,1,2,target,1,action_nonfollows,action_nonfollows_target,under,above,The ball is under the box. Ali pushes the ball forward. The ball is BLANK the box.,f0495a24-de5d-50ee-ae7c-247a6f19a54f,base
ARR3UJTM2ZGK4,1,2,target,1,action_nonfollows,action_nonfollows_target,under,above,The ball is under the box. Ali pushes the ball forward. The ball is BLANK the box.,f0495a24-de5d-50ee-ae7c-247a6f19a54f,base
A12IAM6IU41KSU,1,2,target,1,action_follows,action_follows_target,doesn't move,moves,The book is on the table. Ali moves the book. The table BLANK.,fac219e5-d325-57ef-9e1c-e3264ea24ace,base
A19NGUFGC7KIGW,1,2,target,0,action_follows,action_follows_target,doesn't move,moves,The book is on the table. Ali moves the book. The table BLANK.,fac219e5-d325-57ef-9e1c-e3264ea24ace,base
A1CT8CGDUL8U5,1,2,target,1,action_follows,action_follows_target,doesn't move,moves,The book is on the table. Ali moves the book. The table BLANK.,fac219e5-d325-57ef-9e1c-e3264ea24ace,base
A1T0ND039EWAVV,1,2,target,1,action_follows,action_follows_target,doesn't move,moves,The book is on the table. Ali moves the book. The table BLANK.,fac219e5-d325-57ef-9e1c-e3264ea24ace,base
A2583YP0HGTKAG,1,2,target,1,action_follows,action_follows_target,doesn't move,moves,The book is on the table. Ali moves the book. The table BLANK.,fac219e5-d325-57ef-9e1c-e3264ea24ace,base
A25PFSORDO3SWQ,1,2,target,1,action_follows,action_follows_target,doesn't move,moves,The book is on the table. Ali moves the book. The table BLANK.,fac219e5-d325-57ef-9e1c-e3264ea24ace,base
A28G4QO0DRY8OZ,1,2,target,1,action_follows,action_follows_target,doesn't move,moves,The book is on the table. Ali moves the book. The table BLANK.,fac219e5-d325-57ef-9e1c-e3264ea24ace,base
A2EE1ES8TUMNCM,1,2,target,1,action_follows,action_follows_target,doesn't move,moves,The book is on the table. Ali moves the book. The table BLANK.,fac219e5-d325-57ef-9e1c-e3264ea24ace,base
A2FHM2F9QKP0O0,1,2,target,0,action_follows,action_follows_target,doesn't move,moves,The book is on the table. Ali moves the book. The table BLANK.,fac219e5-d325-57ef-9e1c-e3264ea24ace,base
A2OVX9UW5WANQE,1,2,target,1,action_follows,action_follows_target,doesn't move,moves,The book is on the table. Ali moves the book. The table BLANK.,fac219e5-d325-57ef-9e1c-e3264ea24ace,base
A2TDK0LD62WZ8Y,1,2,target,1,action_follows,action_follows_target,doesn't move,moves,The book is on the table. Ali moves the book. The table BLANK.,fac219e5-d325-57ef-9e1c-e3264ea24ace,base
A30J4IZCMCR31F,1,2,target,1,action_follows,action_follows_target,doesn't move,moves,The book is on the table. Ali moves the book. The table BLANK.,fac219e5-d325-57ef-9e1c-e3264ea24ace,base
A3CT8UTPVYUL04,1,2,target,1,action_follows,action_follows_target,doesn't move,moves,The book is on the table. Ali moves the book. The table BLANK.,fac219e5-d325-57ef-9e1c-e3264ea24ace,base
A3N1W4VYI7VXEV,1,2,target,0,action_follows,action_follows_target,doesn't move,moves,The book is on the table. Ali moves the book. The table BLANK.,fac219e5-d325-57ef-9e1c-e3264ea24ace,base
A3R97T5D3RR9JX,1,2,target,1,action_follows,action_follows_target,doesn't move,moves,The book is on the table. Ali moves the book. The table BLANK.,fac219e5-d325-57ef-9e1c-e3264ea24ace,base
AKVQQVJKH11HQ,1,2,target,0,action_follows,action_follows_target,doesn't move,moves,The book is on the table. Ali moves the book. The table BLANK.,fac219e5-d325-57ef-9e1c-e3264ea24ace,base
AMVBT3XDCQBHI,1,2,target,1,action_follows,action_follows_target,doesn't move,moves,The book is on the table. Ali moves the book. The table BLANK.,fac219e5-d325-57ef-9e1c-e3264ea24ace,base
ANX6Q4NMZL8EI,1,2,target,1,action_follows,action_follows_target,doesn't move,moves,The book is on the table. Ali moves the book. The table BLANK.,fac219e5-d325-57ef-9e1c-e3264ea24ace,base
APRZ7BR8C0ZMQ,1,2,target,1,action_follows,action_follows_target,doesn't move,moves,The book is on the table. Ali moves the book. The table BLANK.,fac219e5-d325-57ef-9e1c-e3264ea24ace,base
ARR3UJTM2ZGK4,1,2,target,1,action_follows,action_follows_target,doesn't move,moves,The book is on the table. Ali moves the book. The table BLANK.,fac219e5-d325-57ef-9e1c-e3264ea24ace,base
A12IAM6IU41KSU,1,2,target,1,geocentric_near,geocentric_near_target,North of,South of,The box is North of Ali. Ali turns around. The box is BLANK Ali.,ba1c054b-7213-5f8e-bf33-019a9a67c091,base
A19NGUFGC7KIGW,1,2,target,1,geocentric_near,geocentric_near_target,North of,South of,The box is North of Ali. Ali turns around. The box is BLANK Ali.,ba1c054b-7213-5f8e-bf33-019a9a67c091,base
A1CT8CGDUL8U5,1,2,target,1,geocentric_near,geocentric_near_target,North of,South of,The box is North of Ali. Ali turns around. The box is BLANK Ali.,ba1c054b-7213-5f8e-bf33-019a9a67c091,base
A1T0ND039EWAVV,1,2,target,0,geocentric_near,geocentric_near_target,North of,South of,The box is North of Ali. Ali turns around. The box is BLANK Ali.,ba1c054b-7213-5f8e-bf33-019a9a67c091,base
A2583YP0HGTKAG,1,2,target,1,geocentric_near,geocentric_near_target,North of,South of,The box is North of Ali. Ali turns around. The box is BLANK Ali.,ba1c054b-7213-5f8e-bf33-019a9a67c091,base
A25PFSORDO3SWQ,1,2,target,1,geocentric_near,geocentric_near_target,North of,South of,The box is North of Ali. Ali turns around. The box is BLANK Ali.,ba1c054b-7213-5f8e-bf33-019a9a67c091,base
A28G4QO0DRY8OZ,1,2,target,1,geocentric_near,geocentric_near_target,North of,South of,The box is North of Ali. Ali turns around. The box is BLANK Ali.,ba1c054b-7213-5f8e-bf33-019a9a67c091,base
A2EE1ES8TUMNCM,1,2,target,1,geocentric_near,geocentric_near_target,North of,South of,The box is North of Ali. Ali turns around. The box is BLANK Ali.,ba1c054b-7213-5f8e-bf33-019a9a67c091,base
A2FHM2F9QKP0O0,1,2,target,1,geocentric_near,geocentric_near_target,North of,South of,The box is North of Ali. Ali turns around. The box is BLANK Ali.,ba1c054b-7213-5f8e-bf33-019a9a67c091,base
A2OVX9UW5WANQE,1,2,target,0,geocentric_near,geocentric_near_target,North of,South of,The box is North of Ali. Ali turns around. The box is BLANK Ali.,ba1c054b-7213-5f8e-bf33-019a9a67c091,base
A2TDK0LD62WZ8Y,1,2,target,1,geocentric_near,geocentric_near_target,North of,South of,The box is North of Ali. Ali turns around. The box is BLANK Ali.,ba1c054b-7213-5f8e-bf33-019a9a67c091,base
A30J4IZCMCR31F,1,2,target,0,geocentric_near,geocentric_near_target,North of,South of,The box is North of Ali. Ali turns around. The box is BLANK Ali.,ba1c054b-7213-5f8e-bf33-019a9a67c091,base
A3CT8UTPVYUL04,1,2,target,1,geocentric_near,geocentric_near_target,North of,South of,The box is North of Ali. Ali turns around. The box is BLANK Ali.,ba1c054b-7213-5f8e-bf33-019a9a67c091,base
A3N1W4VYI7VXEV,1,2,target,1,geocentric_near,geocentric_near_target,North of,South of,The box is North of Ali. Ali turns around. The box is BLANK Ali.,ba1c054b-7213-5f8e-bf33-019a9a67c091,base
A3R97T5D3RR9JX,1,2,target,0,geocentric_near,geocentric_near_target,North of,South of,The box is North of Ali. Ali turns around. The box is BLANK Ali.,ba1c054b-7213-5f8e-bf33-019a9a67c091,base
AKVQQVJKH11HQ,1,2,target,0,geocentric_near,geocentric_near_target,North of,South of,The box is North of Ali. Ali turns around. The box is BLANK Ali.,ba1c054b-7213-5f8e-bf33-019a9a67c091,base
AMVBT3XDCQBHI,1,2,target,1,geocentric_near,geocentric_near_target,North of,South of,The box is North of Ali. Ali turns around. The box is BLANK Ali.,ba1c054b-7213-5f8e-bf33-019a9a67c091,base
ANX6Q4NMZL8EI,1,2,target,0,geocentric_near,geocentric_near_target,North of,South of,The box is North of Ali. Ali turns around. The box is BLANK Ali.,ba1c054b-7213-5f8e-bf33-019a9a67c091,base
APRZ7BR8C0ZMQ,1,2,target,1,geocentric_near,geocentric_near_target,North of,South of,The box is North of Ali. Ali turns around. The box is BLANK Ali.,ba1c054b-7213-5f8e-bf33-019a9a67c091,base
ARR3UJTM2ZGK4,1,2,target,0,geocentric_near,geocentric_near_target,North of,South of,The box is North of Ali. Ali turns around. The box is BLANK Ali.,ba1c054b-7213-5f8e-bf33-019a9a67c091,base
A12IAM6IU41KSU,1,2,target,1,action_nonfollows,action_nonfollows_target,above,below,The box is above the tunnel. Ali goes under the tunnel. The box is BLANK the tunnel.,596bab47-cc1d-5f50-9d4e-6e3c80975dd0,base
A19NGUFGC7KIGW,1,2,target,1,action_nonfollows,action_nonfollows_target,above,below,The box is above the tunnel. Ali goes under the tunnel. The box is BLANK the tunnel.,596bab47-cc1d-5f50-9d4e-6e3c80975dd0,base
A1CT8CGDUL8U5,1,2,target,1,action_nonfollows,action_nonfollows_target,above,below,The box is above the tunnel. Ali goes under the tunnel. The box is BLANK the tunnel.,596bab47-cc1d-5f50-9d4e-6e3c80975dd0,base
A1T0ND039EWAVV,1,2,target,0,action_nonfollows,action_nonfollows_target,above,below,The box is above the tunnel. Ali goes under the tunnel. The box is BLANK the tunnel.,596bab47-cc1d-5f50-9d4e-6e3c80975dd0,base
A2583YP0HGTKAG,1,2,target,1,action_nonfollows,action_nonfollows_target,above,below,The box is above the tunnel. Ali goes under the tunnel. The box is BLANK the tunnel.,596bab47-cc1d-5f50-9d4e-6e3c80975dd0,base
A25PFSORDO3SWQ,1,2,target,1,action_nonfollows,action_nonfollows_target,above,below,The box is above the tunnel. Ali goes under the tunnel. The box is BLANK the tunnel.,596bab47-cc1d-5f50-9d4e-6e3c80975dd0,base
A28G4QO0DRY8OZ,1,2,target,1,action_nonfollows,action_nonfollows_target,above,below,The box is above the tunnel. Ali goes under the tunnel. The box is BLANK the tunnel.,596bab47-cc1d-5f50-9d4e-6e3c80975dd0,base
A2EE1ES8TUMNCM,1,2,target,1,action_nonfollows,action_nonfollows_target,above,below,The box is above the tunnel. Ali goes under the tunnel. The box is BLANK the tunnel.,596bab47-cc1d-5f50-9d4e-6e3c80975dd0,base
A2FHM2F9QKP0O0,1,2,target,1,action_nonfollows,action_nonfollows_target,above,below,The box is above the tunnel. Ali goes under the tunnel. The box is BLANK the tunnel.,596bab47-cc1d-5f50-9d4e-6e3c80975dd0,base
A2OVX9UW5WANQE,1,2,target,1,action_nonfollows,action_nonfollows_target,above,below,The box is above the tunnel. Ali goes under the tunnel. The box is BLANK the tunnel.,596bab47-cc1d-5f50-9d4e-6e3c80975dd0,base
A2TDK0LD62WZ8Y,1,2,target,1,action_nonfollows,action_nonfollows_target,above,below,The box is above the tunnel. Ali goes under the tunnel. The box is BLANK the tunnel.,596bab47-cc1d-5f50-9d4e-6e3c80975dd0,base
A30J4IZCMCR31F,1,2,target,1,action_nonfollows,action_nonfollows_target,above,below,The box is above the tunnel. Ali goes under the tunnel. The box is BLANK the tunnel.,596bab47-cc1d-5f50-9d4e-6e3c80975dd0,base
A3CT8UTPVYUL04,1,2,target,1,action_nonfollows,action_nonfollows_target,above,below,The box is above the tunnel. Ali goes under the tunnel. The box is BLANK the tunnel.,596bab47-cc1d-5f50-9d4e-6e3c80975dd0,base
A3N1W4VYI7VXEV,1,2,target,0,action_nonfollows,action_nonfollows_target,above,below,The box is above the tunnel. Ali goes under the tunnel. The box is BLANK the tunnel.,596bab47-cc1d-5f50-9d4e-6e3c80975dd0,base
A3R97T5D3RR9JX,1,2,target,1,action_nonfollows,action_nonfollows_target,above,below,The box is above the tunnel. Ali goes under the tunnel. The box is BLANK the tunnel.,596bab47-cc1d-5f50-9d4e-6e3c80975dd0,base
AKVQQVJKH11HQ,1,2,target,1,action_nonfollows,action_nonfollows_target,above,below,The box is above the tunnel. Ali goes under the tunnel. The box is BLANK the tunnel.,596bab47-cc1d-5f50-9d4e-6e3c80975dd0,base
AMVBT3XDCQBHI,1,2,target,1,action_nonfollows,action_nonfollows_target,above,below,The box is above the tunnel. Ali goes under the tunnel. The box is BLANK the tunnel.,596bab47-cc1d-5f50-9d4e-6e3c80975dd0,base
ANX6Q4NMZL8EI,1,2,target,1,action_nonfollows,action_nonfollows_target,above,below,The box is above the tunnel. Ali goes under the tunnel. The box is BLANK the tunnel.,596bab47-cc1d-5f50-9d4e-6e3c80975dd0,base
APRZ7BR8C0ZMQ,1,2,target,0,action_nonfollows,action_nonfollows_target,above,below,The box is above the tunnel. Ali goes under the tunnel. The box is BLANK the tunnel.,596bab47-cc1d-5f50-9d4e-6e3c80975dd0,base
ARR3UJTM2ZGK4,1,2,target,1,action_nonfollows,action_nonfollows_target,above,below,The box is above the tunnel. Ali goes under the tunnel. The box is BLANK the tunnel.,596bab47-cc1d-5f50-9d4e-6e3c80975dd0,base
A12IAM6IU41KSU,1,2,target,1,relative_pos,relative_pos_target,not touching,touching,The box is in front of the ball. Ali pushes the box away from the ball. The ball is BLANK the box.,287e9a25-3502-5ddb-b835-7893ed171f8c,base
A19NGUFGC7KIGW,1,2,target,1,relative_pos,relative_pos_target,not touching,touching,The box is in front of the ball. Ali pushes the box away from the ball. The ball is BLANK the box.,287e9a25-3502-5ddb-b835-7893ed171f8c,base
A1CT8CGDUL8U5,1,2,target,1,relative_pos,relative_pos_target,not touching,touching,The box is in front of the ball. Ali pushes the box away from the ball. The ball is BLANK the box.,287e9a25-3502-5ddb-b835-7893ed171f8c,base
A1T0ND039EWAVV,1,2,target,1,relative_pos,relative_pos_target,not touching,touching,The box is in front of the ball. Ali pushes the box away from the ball. The ball is BLANK the box.,287e9a25-3502-5ddb-b835-7893ed171f8c,base
A2583YP0HGTKAG,1,2,target,1,relative_pos,relative_pos_target,not touching,touching,The box is in front of the ball. Ali pushes the box away from the ball. The ball is BLANK the box.,287e9a25-3502-5ddb-b835-7893ed171f8c,base
A25PFSORDO3SWQ,1,2,target,1,relative_pos,relative_pos_target,not touching,touching,The box is in front of the ball. Ali pushes the box away from the ball. The ball is BLANK the box.,287e9a25-3502-5ddb-b835-7893ed171f8c,base
A28G4QO0DRY8OZ,1,2,target,1,relative_pos,relative_pos_target,not touching,touching,The box is in front of the ball. Ali pushes the box away from the ball. The ball is BLANK the box.,287e9a25-3502-5ddb-b835-7893ed171f8c,base
A2EE1ES8TUMNCM,1,2,target,1,relative_pos,relative_pos_target,not touching,touching,The box is in front of the ball. Ali pushes the box away from the ball. The ball is BLANK the box.,287e9a25-3502-5ddb-b835-7893ed171f8c,base
A2FHM2F9QKP0O0,1,2,target,0,relative_pos,relative_pos_target,not touching,touching,The box is in front of the ball. Ali pushes the box away from the ball. The ball is BLANK the box.,287e9a25-3502-5ddb-b835-7893ed171f8c,base
A2OVX9UW5WANQE,1,2,target,1,relative_pos,relative_pos_target,not touching,touching,The box is in front of the ball. Ali pushes the box away from the ball. The ball is BLANK the box.,287e9a25-3502-5ddb-b835-7893ed171f8c,base
A2TDK0LD62WZ8Y,1,2,target,1,relative_pos,relative_pos_target,not touching,touching,The box is in front of the ball. Ali pushes the box away from the ball. The ball is BLANK the box.,287e9a25-3502-5ddb-b835-7893ed171f8c,base
A30J4IZCMCR31F,1,2,target,1,relative_pos,relative_pos_target,not touching,touching,The box is in front of the ball. Ali pushes the box away from the ball. The ball is BLANK the box.,287e9a25-3502-5ddb-b835-7893ed171f8c,base
A3CT8UTPVYUL04,1,2,target,0,relative_pos,relative_pos_target,not touching,touching,The box is in front of the ball. Ali pushes the box away from the ball. The ball is BLANK the box.,287e9a25-3502-5ddb-b835-7893ed171f8c,base
A3N1W4VYI7VXEV,1,2,target,1,relative_pos,relative_pos_target,not touching,touching,The box is in front of the ball. Ali pushes the box away from the ball. The ball is BLANK the box.,287e9a25-3502-5ddb-b835-7893ed171f8c,base
A3R97T5D3RR9JX,1,2,target,1,relative_pos,relative_pos_target,not touching,touching,The box is in front of the ball. Ali pushes the box away from the ball. The ball is BLANK the box.,287e9a25-3502-5ddb-b835-7893ed171f8c,base
AKVQQVJKH11HQ,1,2,target,0,relative_pos,relative_pos_target,not touching,touching,The box is in front of the ball. Ali pushes the box away from the ball. The ball is BLANK the box.,287e9a25-3502-5ddb-b835-7893ed171f8c,base
AMVBT3XDCQBHI,1,2,target,1,relative_pos,relative_pos_target,not touching,touching,The box is in front of the ball. Ali pushes the box away from the ball. The ball is BLANK the box.,287e9a25-3502-5ddb-b835-7893ed171f8c,base
ANX6Q4NMZL8EI,1,2,target,1,relative_pos,relative_pos_target,not touching,touching,The box is in front of the ball. Ali pushes the box away from the ball. The ball is BLANK the box.,287e9a25-3502-5ddb-b835-7893ed171f8c,base
APRZ7BR8C0ZMQ,1,2,target,1,relative_pos,relative_pos_target,not touching,touching,The box is in front of the ball. Ali pushes the box away from the ball. The ball is BLANK the box.,287e9a25-3502-5ddb-b835-7893ed171f8c,base
ARR3UJTM2ZGK4,1,2,target,1,relative_pos,relative_pos_target,not touching,touching,The box is in front of the ball. Ali pushes the box away from the ball. The ball is BLANK the box.,287e9a25-3502-5ddb-b835-7893ed171f8c,base
A12IAM6IU41KSU,1,2,target,0,relative_pos,relative_pos_target,larger than,smaller than,The box is next to the ball. Ali puts the box inside the ball. the ball is BLANK the box.,e9cd54e4-b0c0-5fb6-b31f-9d48dd2f95be,base
A19NGUFGC7KIGW,1,2,target,1,relative_pos,relative_pos_target,larger than,smaller than,The box is next to the ball. Ali puts the box inside the ball. the ball is BLANK the box.,e9cd54e4-b0c0-5fb6-b31f-9d48dd2f95be,base
A1CT8CGDUL8U5,1,2,target,1,relative_pos,relative_pos_target,larger than,smaller than,The box is next to the ball. Ali puts the box inside the ball. the ball is BLANK the box.,e9cd54e4-b0c0-5fb6-b31f-9d48dd2f95be,base
A1T0ND039EWAVV,1,2,target,1,relative_pos,relative_pos_target,larger than,smaller than,The box is next to the ball. Ali puts the box inside the ball. the ball is BLANK the box.,e9cd54e4-b0c0-5fb6-b31f-9d48dd2f95be,base
A2583YP0HGTKAG,1,2,target,1,relative_pos,relative_pos_target,larger than,smaller than,The box is next to the ball. Ali puts the box inside the ball. the ball is BLANK the box.,e9cd54e4-b0c0-5fb6-b31f-9d48dd2f95be,base
A25PFSORDO3SWQ,1,2,target,0,relative_pos,relative_pos_target,larger than,smaller than,The box is next to the ball. Ali puts the box inside the ball. the ball is BLANK the box.,e9cd54e4-b0c0-5fb6-b31f-9d48dd2f95be,base
A28G4QO0DRY8OZ,1,2,target,1,relative_pos,relative_pos_target,larger than,smaller than,The box is next to the ball. Ali puts the box inside the ball. the ball is BLANK the box.,e9cd54e4-b0c0-5fb6-b31f-9d48dd2f95be,base
A2EE1ES8TUMNCM,1,2,target,1,relative_pos,relative_pos_target,larger than,smaller than,The box is next to the ball. Ali puts the box inside the ball. the ball is BLANK the box.,e9cd54e4-b0c0-5fb6-b31f-9d48dd2f95be,base
A2FHM2F9QKP0O0,1,2,target,0,relative_pos,relative_pos_target,larger than,smaller than,The box is next to the ball. Ali puts the box inside the ball. the ball is BLANK the box.,e9cd54e4-b0c0-5fb6-b31f-9d48dd2f95be,base
A2OVX9UW5WANQE,1,2,target,0,relative_pos,relative_pos_target,larger than,smaller than,The box is next to the ball. Ali puts the box inside the ball. the ball is BLANK the box.,e9cd54e4-b0c0-5fb6-b31f-9d48dd2f95be,base
A2TDK0LD62WZ8Y,1,2,target,0,relative_pos,relative_pos_target,larger than,smaller than,The box is next to the ball. Ali puts the box inside the ball. the ball is BLANK the box.,e9cd54e4-b0c0-5fb6-b31f-9d48dd2f95be,base
A30J4IZCMCR31F,1,2,target,1,relative_pos,relative_pos_target,larger than,smaller than,The box is next to the ball. Ali puts the box inside the ball. the ball is BLANK the box.,e9cd54e4-b0c0-5fb6-b31f-9d48dd2f95be,base
A3CT8UTPVYUL04,1,2,target,0,relative_pos,relative_pos_target,larger than,smaller than,The box is next to the ball. Ali puts the box inside the ball. the ball is BLANK the box.,e9cd54e4-b0c0-5fb6-b31f-9d48dd2f95be,base
A3N1W4VYI7VXEV,1,2,target,1,relative_pos,relative_pos_target,larger than,smaller than,The box is next to the ball. Ali puts the box inside the ball. the ball is BLANK the box.,e9cd54e4-b0c0-5fb6-b31f-9d48dd2f95be,base
A3R97T5D3RR9JX,1,2,target,0,relative_pos,relative_pos_target,larger than,smaller than,The box is next to the ball. Ali puts the box inside the ball. the ball is BLANK the box.,e9cd54e4-b0c0-5fb6-b31f-9d48dd2f95be,base
AKVQQVJKH11HQ,1,2,target,1,relative_pos,relative_pos_target,larger than,smaller than,The box is next to the ball. Ali puts the box inside the ball. the ball is BLANK the box.,e9cd54e4-b0c0-5fb6-b31f-9d48dd2f95be,base
AMVBT3XDCQBHI,1,2,target,1,relative_pos,relative_pos_target,larger than,smaller than,The box is next to the ball. Ali puts the box inside the ball. the ball is BLANK the box.,e9cd54e4-b0c0-5fb6-b31f-9d48dd2f95be,base
ANX6Q4NMZL8EI,1,2,target,1,relative_pos,relative_pos_target,larger than,smaller than,The box is next to the ball. Ali puts the box inside the ball. the ball is BLANK the box.,e9cd54e4-b0c0-5fb6-b31f-9d48dd2f95be,base
APRZ7BR8C0ZMQ,1,2,target,0,relative_pos,relative_pos_target,larger than,smaller than,The box is next to the ball. Ali puts the box inside the ball. the ball is BLANK the box.,e9cd54e4-b0c0-5fb6-b31f-9d48dd2f95be,base
ARR3UJTM2ZGK4,1,2,target,1,relative_pos,relative_pos_target,larger than,smaller than,The box is next to the ball. Ali puts the box inside the ball. the ball is BLANK the box.,e9cd54e4-b0c0-5fb6-b31f-9d48dd2f95be,base
A12IAM6IU41KSU,1,2,target,0,relative_pos,relative_pos_target,below,above,The box is next to the desk. Ali stacks the desk on the box. The box is BLANK the desk.,8aeff28e-26ae-521e-82a2-2e601a18054c,base
A19NGUFGC7KIGW,1,2,target,1,relative_pos,relative_pos_target,below,above,The box is next to the desk. Ali stacks the desk on the box. The box is BLANK the desk.,8aeff28e-26ae-521e-82a2-2e601a18054c,base
A1CT8CGDUL8U5,1,2,target,1,relative_pos,relative_pos_target,below,above,The box is next to the desk. Ali stacks the desk on the box. The box is BLANK the desk.,8aeff28e-26ae-521e-82a2-2e601a18054c,base
A1T0ND039EWAVV,1,2,target,0,relative_pos,relative_pos_target,below,above,The box is next to the desk. Ali stacks the desk on the box. The box is BLANK the desk.,8aeff28e-26ae-521e-82a2-2e601a18054c,base
A2583YP0HGTKAG,1,2,target,1,relative_pos,relative_pos_target,below,above,The box is next to the desk. Ali stacks the desk on the box. The box is BLANK the desk.,8aeff28e-26ae-521e-82a2-2e601a18054c,base
A25PFSORDO3SWQ,1,2,target,1,relative_pos,relative_pos_target,below,above,The box is next to the desk. Ali stacks the desk on the box. The box is BLANK the desk.,8aeff28e-26ae-521e-82a2-2e601a18054c,base
A28G4QO0DRY8OZ,1,2,target,1,relative_pos,relative_pos_target,below,above,The box is next to the desk. Ali stacks the desk on the box. The box is BLANK the desk.,8aeff28e-26ae-521e-82a2-2e601a18054c,base
A2EE1ES8TUMNCM,1,2,target,1,relative_pos,relative_pos_target,below,above,The box is next to the desk. Ali stacks the desk on the box. The box is BLANK the desk.,8aeff28e-26ae-521e-82a2-2e601a18054c,base
A2FHM2F9QKP0O0,1,2,target,1,relative_pos,relative_pos_target,below,above,The box is next to the desk. Ali stacks the desk on the box. The box is BLANK the desk.,8aeff28e-26ae-521e-82a2-2e601a18054c,base
A2OVX9UW5WANQE,1,2,target,1,relative_pos,relative_pos_target,below,above,The box is next to the desk. Ali stacks the desk on the box. The box is BLANK the desk.,8aeff28e-26ae-521e-82a2-2e601a18054c,base
A2TDK0LD62WZ8Y,1,2,target,1,relative_pos,relative_pos_target,below,above,The box is next to the desk. Ali stacks the desk on the box. The box is BLANK the desk.,8aeff28e-26ae-521e-82a2-2e601a18054c,base
A30J4IZCMCR31F,1,2,target,0,relative_pos,relative_pos_target,below,above,The box is next to the desk. Ali stacks the desk on the box. The box is BLANK the desk.,8aeff28e-26ae-521e-82a2-2e601a18054c,base
A3CT8UTPVYUL04,1,2,target,0,relative_pos,relative_pos_target,below,above,The box is next to the desk. Ali stacks the desk on the box. The box is BLANK the desk.,8aeff28e-26ae-521e-82a2-2e601a18054c,base
A3N1W4VYI7VXEV,1,2,target,1,relative_pos,relative_pos_target,below,above,The box is next to the desk. Ali stacks the desk on the box. The box is BLANK the desk.,8aeff28e-26ae-521e-82a2-2e601a18054c,base
A3R97T5D3RR9JX,1,2,target,0,relative_pos,relative_pos_target,below,above,The box is next to the desk. Ali stacks the desk on the box. The box is BLANK the desk.,8aeff28e-26ae-521e-82a2-2e601a18054c,base
AKVQQVJKH11HQ,1,2,target,1,relative_pos,relative_pos_target,below,above,The box is next to the desk. Ali stacks the desk on the box. The box is BLANK the desk.,8aeff28e-26ae-521e-82a2-2e601a18054c,base
AMVBT3XDCQBHI,1,2,target,1,relative_pos,relative_pos_target,below,above,The box is next to the desk. Ali stacks the desk on the box. The box is BLANK the desk.,8aeff28e-26ae-521e-82a2-2e601a18054c,base
ANX6Q4NMZL8EI,1,2,target,1,relative_pos,relative_pos_target,below,above,The box is next to the desk. Ali stacks the desk on the box. The box is BLANK the desk.,8aeff28e-26ae-521e-82a2-2e601a18054c,base
APRZ7BR8C0ZMQ,1,2,target,1,relative_pos,relative_pos_target,below,above,The box is next to the desk. Ali stacks the desk on the box. The box is BLANK the desk.,8aeff28e-26ae-521e-82a2-2e601a18054c,base
ARR3UJTM2ZGK4,1,2,target,1,relative_pos,relative_pos_target,below,above,The box is next to the desk. Ali stacks the desk on the box. The box is BLANK the desk.,8aeff28e-26ae-521e-82a2-2e601a18054c,base
A12IAM6IU41KSU,1,2,target,0,state_nonfollows,state_nonfollows_target,doesn't break,breaks,The brick is on the table. Ali bumps the brick off the table. The brick BLANK.,0a07145e-59b3-581f-bd0a-86eff289a0ce,base
A19NGUFGC7KIGW,1,2,target,0,state_nonfollows,state_nonfollows_target,doesn't break,breaks,The brick is on the table. Ali bumps the brick off the table. The brick BLANK.,0a07145e-59b3-581f-bd0a-86eff289a0ce,base
A1CT8CGDUL8U5,1,2,target,0,state_nonfollows,state_nonfollows_target,doesn't break,breaks,The brick is on the table. Ali bumps the brick off the table. The brick BLANK.,0a07145e-59b3-581f-bd0a-86eff289a0ce,base
A1T0ND039EWAVV,1,2,target,1,state_nonfollows,state_nonfollows_target,doesn't break,breaks,The brick is on the table. Ali bumps the brick off the table. The brick BLANK.,0a07145e-59b3-581f-bd0a-86eff289a0ce,base
A2583YP0HGTKAG,1,2,target,1,state_nonfollows,state_nonfollows_target,doesn't break,breaks,The brick is on the table. Ali bumps the brick off the table. The brick BLANK.,0a07145e-59b3-581f-bd0a-86eff289a0ce,base
A25PFSORDO3SWQ,1,2,target,1,state_nonfollows,state_nonfollows_target,doesn't break,breaks,The brick is on the table. Ali bumps the brick off the table. The brick BLANK.,0a07145e-59b3-581f-bd0a-86eff289a0ce,base
A28G4QO0DRY8OZ,1,2,target,1,state_nonfollows,state_nonfollows_target,doesn't break,breaks,The brick is on the table. Ali bumps the brick off the table. The brick BLANK.,0a07145e-59b3-581f-bd0a-86eff289a0ce,base
A2EE1ES8TUMNCM,1,2,target,0,state_nonfollows,state_nonfollows_target,doesn't break,breaks,The brick is on the table. Ali bumps the brick off the table. The brick BLANK.,0a07145e-59b3-581f-bd0a-86eff289a0ce,base
A2FHM2F9QKP0O0,1,2,target,1,state_nonfollows,state_nonfollows_target,doesn't break,breaks,The brick is on the table. Ali bumps the brick off the table. The brick BLANK.,0a07145e-59b3-581f-bd0a-86eff289a0ce,base
A2OVX9UW5WANQE,1,2,target,1,state_nonfollows,state_nonfollows_target,doesn't break,breaks,The brick is on the table. Ali bumps the brick off the table. The brick BLANK.,0a07145e-59b3-581f-bd0a-86eff289a0ce,base
A2TDK0LD62WZ8Y,1,2,target,1,state_nonfollows,state_nonfollows_target,doesn't break,breaks,The brick is on the table. Ali bumps the brick off the table. The brick BLANK.,0a07145e-59b3-581f-bd0a-86eff289a0ce,base
A30J4IZCMCR31F,1,2,target,1,state_nonfollows,state_nonfollows_target,doesn't break,breaks,The brick is on the table. Ali bumps the brick off the table. The brick BLANK.,0a07145e-59b3-581f-bd0a-86eff289a0ce,base
A3CT8UTPVYUL04,1,2,target,0,state_nonfollows,state_nonfollows_target,doesn't break,breaks,The brick is on the table. Ali bumps the brick off the table. The brick BLANK.,0a07145e-59b3-581f-bd0a-86eff289a0ce,base
A3N1W4VYI7VXEV,1,2,target,0,state_nonfollows,state_nonfollows_target,doesn't break,breaks,The brick is on the table. Ali bumps the brick off the table. The brick BLANK.,0a07145e-59b3-581f-bd0a-86eff289a0ce,base
A3R97T5D3RR9JX,1,2,target,0,state_nonfollows,state_nonfollows_target,doesn't break,breaks,The brick is on the table. Ali bumps the brick off the table. The brick BLANK.,0a07145e-59b3-581f-bd0a-86eff289a0ce,base
AKVQQVJKH11HQ,1,2,target,1,state_nonfollows,state_nonfollows_target,doesn't break,breaks,The brick is on the table. Ali bumps the brick off the table. The brick BLANK.,0a07145e-59b3-581f-bd0a-86eff289a0ce,base
AMVBT3XDCQBHI,1,2,target,1,state_nonfollows,state_nonfollows_target,doesn't break,breaks,The brick is on the table. Ali bumps the brick off the table. The brick BLANK.,0a07145e-59b3-581f-bd0a-86eff289a0ce,base
ANX6Q4NMZL8EI,1,2,target,0,state_nonfollows,state_nonfollows_target,doesn't break,breaks,The brick is on the table. Ali bumps the brick off the table. The brick BLANK.,0a07145e-59b3-581f-bd0a-86eff289a0ce,base
APRZ7BR8C0ZMQ,1,2,target,0,state_nonfollows,state_nonfollows_target,doesn't break,breaks,The brick is on the table. Ali bumps the brick off the table. The brick BLANK.,0a07145e-59b3-581f-bd0a-86eff289a0ce,base
ARR3UJTM2ZGK4,1,2,target,1,state_nonfollows,state_nonfollows_target,doesn't break,breaks,The brick is on the table. Ali bumps the brick off the table. The brick BLANK.,0a07145e-59b3-581f-bd0a-86eff289a0ce,base
A12IAM6IU41KSU,1,2,target,1,state_follows,state_follows_target,wet,dry,The cup is empty. Ali pours water in the cup. The cup is BLANK.,be1ec595-87d2-5cca-8078-21e436937e2b,base
A19NGUFGC7KIGW,1,2,target,1,state_follows,state_follows_target,wet,dry,The cup is empty. Ali pours water in the cup. The cup is BLANK.,be1ec595-87d2-5cca-8078-21e436937e2b,base
A1CT8CGDUL8U5,1,2,target,1,state_follows,state_follows_target,wet,dry,The cup is empty. Ali pours water in the cup. The cup is BLANK.,be1ec595-87d2-5cca-8078-21e436937e2b,base
A1T0ND039EWAVV,1,2,target,1,state_follows,state_follows_target,wet,dry,The cup is empty. Ali pours water in the cup. The cup is BLANK.,be1ec595-87d2-5cca-8078-21e436937e2b,base
A2583YP0HGTKAG,1,2,target,1,state_follows,state_follows_target,wet,dry,The cup is empty. Ali pours water in the cup. The cup is BLANK.,be1ec595-87d2-5cca-8078-21e436937e2b,base
A25PFSORDO3SWQ,1,2,target,1,state_follows,state_follows_target,wet,dry,The cup is empty. Ali pours water in the cup. The cup is BLANK.,be1ec595-87d2-5cca-8078-21e436937e2b,base
A28G4QO0DRY8OZ,1,2,target,1,state_follows,state_follows_target,wet,dry,The cup is empty. Ali pours water in the cup. The cup is BLANK.,be1ec595-87d2-5cca-8078-21e436937e2b,base
A2EE1ES8TUMNCM,1,2,target,1,state_follows,state_follows_target,wet,dry,The cup is empty. Ali pours water in the cup. The cup is BLANK.,be1ec595-87d2-5cca-8078-21e436937e2b,base
A2FHM2F9QKP0O0,1,2,target,1,state_follows,state_follows_target,wet,dry,The cup is empty. Ali pours water in the cup. The cup is BLANK.,be1ec595-87d2-5cca-8078-21e436937e2b,base
A2OVX9UW5WANQE,1,2,target,1,state_follows,state_follows_target,wet,dry,The cup is empty. Ali pours water in the cup. The cup is BLANK.,be1ec595-87d2-5cca-8078-21e436937e2b,base
A2TDK0LD62WZ8Y,1,2,target,1,state_follows,state_follows_target,wet,dry,The cup is empty. Ali pours water in the cup. The cup is BLANK.,be1ec595-87d2-5cca-8078-21e436937e2b,base
A30J4IZCMCR31F,1,2,target,1,state_follows,state_follows_target,wet,dry,The cup is empty. Ali pours water in the cup. The cup is BLANK.,be1ec595-87d2-5cca-8078-21e436937e2b,base
A3CT8UTPVYUL04,1,2,target,1,state_follows,state_follows_target,wet,dry,The cup is empty. Ali pours water in the cup. The cup is BLANK.,be1ec595-87d2-5cca-8078-21e436937e2b,base
A3N1W4VYI7VXEV,1,2,target,1,state_follows,state_follows_target,wet,dry,The cup is empty. Ali pours water in the cup. The cup is BLANK.,be1ec595-87d2-5cca-8078-21e436937e2b,base
A3R97T5D3RR9JX,1,2,target,1,state_follows,state_follows_target,wet,dry,The cup is empty. Ali pours water in the cup. The cup is BLANK.,be1ec595-87d2-5cca-8078-21e436937e2b,base
AKVQQVJKH11HQ,1,2,target,1,state_follows,state_follows_target,wet,dry,The cup is empty. Ali pours water in the cup. The cup is BLANK.,be1ec595-87d2-5cca-8078-21e436937e2b,base
AMVBT3XDCQBHI,1,2,target,1,state_follows,state_follows_target,wet,dry,The cup is empty. Ali pours water in the cup. The cup is BLANK.,be1ec595-87d2-5cca-8078-21e436937e2b,base
ANX6Q4NMZL8EI,1,2,target,1,state_follows,state_follows_target,wet,dry,The cup is empty. Ali pours water in the cup. The cup is BLANK.,be1ec595-87d2-5cca-8078-21e436937e2b,base
APRZ7BR8C0ZMQ,1,2,target,1,state_follows,state_follows_target,wet,dry,The cup is empty. Ali pours water in the cup. The cup is BLANK.,be1ec595-87d2-5cca-8078-21e436937e2b,base
ARR3UJTM2ZGK4,1,2,target,1,state_follows,state_follows_target,wet,dry,The cup is empty. Ali pours water in the cup. The cup is BLANK.,be1ec595-87d2-5cca-8078-21e436937e2b,base
A12IAM6IU41KSU,1,2,target,1,state_nonfollows,state_nonfollows_target,wet,dry,The full glass is on the table. Ali knocks the glass over. The table is BLANK.,9874adae-5919-51df-82cc-51e441786cc4,base
A19NGUFGC7KIGW,1,2,target,1,state_nonfollows,state_nonfollows_target,wet,dry,The full glass is on the table. Ali knocks the glass over. The table is BLANK.,9874adae-5919-51df-82cc-51e441786cc4,base
A1CT8CGDUL8U5,1,2,target,1,state_nonfollows,state_nonfollows_target,wet,dry,The full glass is on the table. Ali knocks the glass over. The table is BLANK.,9874adae-5919-51df-82cc-51e441786cc4,base
A1T0ND039EWAVV,1,2,target,1,state_nonfollows,state_nonfollows_target,wet,dry,The full glass is on the table. Ali knocks the glass over. The table is BLANK.,9874adae-5919-51df-82cc-51e441786cc4,base
A2583YP0HGTKAG,1,2,target,1,state_nonfollows,state_nonfollows_target,wet,dry,The full glass is on the table. Ali knocks the glass over. The table is BLANK.,9874adae-5919-51df-82cc-51e441786cc4,base
A25PFSORDO3SWQ,1,2,target,1,state_nonfollows,state_nonfollows_target,wet,dry,The full glass is on the table. Ali knocks the glass over. The table is BLANK.,9874adae-5919-51df-82cc-51e441786cc4,base
A28G4QO0DRY8OZ,1,2,target,1,state_nonfollows,state_nonfollows_target,wet,dry,The full glass is on the table. Ali knocks the glass over. The table is BLANK.,9874adae-5919-51df-82cc-51e441786cc4,base
A2EE1ES8TUMNCM,1,2,target,1,state_nonfollows,state_nonfollows_target,wet,dry,The full glass is on the table. Ali knocks the glass over. The table is BLANK.,9874adae-5919-51df-82cc-51e441786cc4,base
A2FHM2F9QKP0O0,1,2,target,1,state_nonfollows,state_nonfollows_target,wet,dry,The full glass is on the table. Ali knocks the glass over. The table is BLANK.,9874adae-5919-51df-82cc-51e441786cc4,base
A2OVX9UW5WANQE,1,2,target,1,state_nonfollows,state_nonfollows_target,wet,dry,The full glass is on the table. Ali knocks the glass over. The table is BLANK.,9874adae-5919-51df-82cc-51e441786cc4,base
A2TDK0LD62WZ8Y,1,2,target,1,state_nonfollows,state_nonfollows_target,wet,dry,The full glass is on the table. Ali knocks the glass over. The table is BLANK.,9874adae-5919-51df-82cc-51e441786cc4,base
A30J4IZCMCR31F,1,2,target,1,state_nonfollows,state_nonfollows_target,wet,dry,The full glass is on the table. Ali knocks the glass over. The table is BLANK.,9874adae-5919-51df-82cc-51e441786cc4,base
A3CT8UTPVYUL04,1,2,target,0,state_nonfollows,state_nonfollows_target,wet,dry,The full glass is on the table. Ali knocks the glass over. The table is BLANK.,9874adae-5919-51df-82cc-51e441786cc4,base
A3N1W4VYI7VXEV,1,2,target,1,state_nonfollows,state_nonfollows_target,wet,dry,The full glass is on the table. Ali knocks the glass over. The table is BLANK.,9874adae-5919-51df-82cc-51e441786cc4,base
A3R97T5D3RR9JX,1,2,target,1,state_nonfollows,state_nonfollows_target,wet,dry,The full glass is on the table. Ali knocks the glass over. The table is BLANK.,9874adae-5919-51df-82cc-51e441786cc4,base
AKVQQVJKH11HQ,1,2,target,1,state_nonfollows,state_nonfollows_target,wet,dry,The full glass is on the table. Ali knocks the glass over. The table is BLANK.,9874adae-5919-51df-82cc-51e441786cc4,base
AMVBT3XDCQBHI,1,2,target,1,state_nonfollows,state_nonfollows_target,wet,dry,The full glass is on the table. Ali knocks the glass over. The table is BLANK.,9874adae-5919-51df-82cc-51e441786cc4,base
ANX6Q4NMZL8EI,1,2,target,1,state_nonfollows,state_nonfollows_target,wet,dry,The full glass is on the table. Ali knocks the glass over. The table is BLANK.,9874adae-5919-51df-82cc-51e441786cc4,base
APRZ7BR8C0ZMQ,1,2,target,1,state_nonfollows,state_nonfollows_target,wet,dry,The full glass is on the table. Ali knocks the glass over. The table is BLANK.,9874adae-5919-51df-82cc-51e441786cc4,base
ARR3UJTM2ZGK4,1,2,target,1,state_nonfollows,state_nonfollows_target,wet,dry,The full glass is on the table. Ali knocks the glass over. The table is BLANK.,9874adae-5919-51df-82cc-51e441786cc4,base
A12IAM6IU41KSU,1,2,target,0,state_nonfollows,state_nonfollows_target,doesn't break,breaks,The glass and the cup are on the table. Ali pushes the cup off the table. The glass BLANK.,8dc99dd8-2eac-5a2a-bc48-48d899f2d287,base
A19NGUFGC7KIGW,1,2,target,1,state_nonfollows,state_nonfollows_target,doesn't break,breaks,The glass and the cup are on the table. Ali pushes the cup off the table. The glass BLANK.,8dc99dd8-2eac-5a2a-bc48-48d899f2d287,base
A1CT8CGDUL8U5,1,2,target,0,state_nonfollows,state_nonfollows_target,doesn't break,breaks,The glass and the cup are on the table. Ali pushes the cup off the table. The glass BLANK.,8dc99dd8-2eac-5a2a-bc48-48d899f2d287,base
A1T0ND039EWAVV,1,2,target,0,state_nonfollows,state_nonfollows_target,doesn't break,breaks,The glass and the cup are on the table. Ali pushes the cup off the table. The glass BLANK.,8dc99dd8-2eac-5a2a-bc48-48d899f2d287,base
A2583YP0HGTKAG,1,2,target,0,state_nonfollows,state_nonfollows_target,doesn't break,breaks,The glass and the cup are on the table. Ali pushes the cup off the table. The glass BLANK.,8dc99dd8-2eac-5a2a-bc48-48d899f2d287,base
A25PFSORDO3SWQ,1,2,target,1,state_nonfollows,state_nonfollows_target,doesn't break,breaks,The glass and the cup are on the table. Ali pushes the cup off the table. The glass BLANK.,8dc99dd8-2eac-5a2a-bc48-48d899f2d287,base
A28G4QO0DRY8OZ,1,2,target,1,state_nonfollows,state_nonfollows_target,doesn't break,breaks,The glass and the cup are on the table. Ali pushes the cup off the table. The glass BLANK.,8dc99dd8-2eac-5a2a-bc48-48d899f2d287,base
A2EE1ES8TUMNCM,1,2,target,1,state_nonfollows,state_nonfollows_target,doesn't break,breaks,The glass and the cup are on the table. Ali pushes the cup off the table. The glass BLANK.,8dc99dd8-2eac-5a2a-bc48-48d899f2d287,base
A2FHM2F9QKP0O0,1,2,target,0,state_nonfollows,state_nonfollows_target,doesn't break,breaks,The glass and the cup are on the table. Ali pushes the cup off the table. The glass BLANK.,8dc99dd8-2eac-5a2a-bc48-48d899f2d287,base
A2OVX9UW5WANQE,1,2,target,0,state_nonfollows,state_nonfollows_target,doesn't break,breaks,The glass and the cup are on the table. Ali pushes the cup off the table. The glass BLANK.,8dc99dd8-2eac-5a2a-bc48-48d899f2d287,base
A2TDK0LD62WZ8Y,1,2,target,0,state_nonfollows,state_nonfollows_target,doesn't break,breaks,The glass and the cup are on the table. Ali pushes the cup off the table. The glass BLANK.,8dc99dd8-2eac-5a2a-bc48-48d899f2d287,base
A30J4IZCMCR31F,1,2,target,0,state_nonfollows,state_nonfollows_target,doesn't break,breaks,The glass and the cup are on the table. Ali pushes the cup off the table. The glass BLANK.,8dc99dd8-2eac-5a2a-bc48-48d899f2d287,base
A3CT8UTPVYUL04,1,2,target,0,state_nonfollows,state_nonfollows_target,doesn't break,breaks,The glass and the cup are on the table. Ali pushes the cup off the table. The glass BLANK.,8dc99dd8-2eac-5a2a-bc48-48d899f2d287,base
A3N1W4VYI7VXEV,1,2,target,0,state_nonfollows,state_nonfollows_target,doesn't break,breaks,The glass and the cup are on the table. Ali pushes the cup off the table. The glass BLANK.,8dc99dd8-2eac-5a2a-bc48-48d899f2d287,base
A3R97T5D3RR9JX,1,2,target,0,state_nonfollows,state_nonfollows_target,doesn't break,breaks,The glass and the cup are on the table. Ali pushes the cup off the table. The glass BLANK.,8dc99dd8-2eac-5a2a-bc48-48d899f2d287,base
AKVQQVJKH11HQ,1,2,target,1,state_nonfollows,state_nonfollows_target,doesn't break,breaks,The glass and the cup are on the table. Ali pushes the cup off the table. The glass BLANK.,8dc99dd8-2eac-5a2a-bc48-48d899f2d287,base
AMVBT3XDCQBHI,1,2,target,1,state_nonfollows,state_nonfollows_target,doesn't break,breaks,The glass and the cup are on the table. Ali pushes the cup off the table. The glass BLANK.,8dc99dd8-2eac-5a2a-bc48-48d899f2d287,base
ANX6Q4NMZL8EI,1,2,target,1,state_nonfollows,state_nonfollows_target,doesn't break,breaks,The glass and the cup are on the table. Ali pushes the cup off the table. The glass BLANK.,8dc99dd8-2eac-5a2a-bc48-48d899f2d287,base
APRZ7BR8C0ZMQ,1,2,target,1,state_nonfollows,state_nonfollows_target,doesn't break,breaks,The glass and the cup are on the table. Ali pushes the cup off the table. The glass BLANK.,8dc99dd8-2eac-5a2a-bc48-48d899f2d287,base
ARR3UJTM2ZGK4,1,2,target,1,state_nonfollows,state_nonfollows_target,doesn't break,breaks,The glass and the cup are on the table. Ali pushes the cup off the table. The glass BLANK.,8dc99dd8-2eac-5a2a-bc48-48d899f2d287,base
A12IAM6IU41KSU,1,2,target,0,geocentric_near,geocentric_near_target,South of,North of,The painting is South of Ali. Ali turns around. The painting is BLANK Ali.,de7d1dc5-03dc-52ca-8424-ff56dbd5e0d7,base
A19NGUFGC7KIGW,1,2,target,1,geocentric_near,geocentric_near_target,South of,North of,The painting is South of Ali. Ali turns around. The painting is BLANK Ali.,de7d1dc5-03dc-52ca-8424-ff56dbd5e0d7,base
A1CT8CGDUL8U5,1,2,target,1,geocentric_near,geocentric_near_target,South of,North of,The painting is South of Ali. Ali turns around. The painting is BLANK Ali.,de7d1dc5-03dc-52ca-8424-ff56dbd5e0d7,base
A1T0ND039EWAVV,1,2,target,0,geocentric_near,geocentric_near_target,South of,North of,The painting is South of Ali. Ali turns around. The painting is BLANK Ali.,de7d1dc5-03dc-52ca-8424-ff56dbd5e0d7,base
A2583YP0HGTKAG,1,2,target,1,geocentric_near,geocentric_near_target,South of,North of,The painting is South of Ali. Ali turns around. The painting is BLANK Ali.,de7d1dc5-03dc-52ca-8424-ff56dbd5e0d7,base
A25PFSORDO3SWQ,1,2,target,1,geocentric_near,geocentric_near_target,South of,North of,The painting is South of Ali. Ali turns around. The painting is BLANK Ali.,de7d1dc5-03dc-52ca-8424-ff56dbd5e0d7,base
A28G4QO0DRY8OZ,1,2,target,1,geocentric_near,geocentric_near_target,South of,North of,The painting is South of Ali. Ali turns around. The painting is BLANK Ali.,de7d1dc5-03dc-52ca-8424-ff56dbd5e0d7,base
A2EE1ES8TUMNCM,1,2,target,0,geocentric_near,geocentric_near_target,South of,North of,The painting is South of Ali. Ali turns around. The painting is BLANK Ali.,de7d1dc5-03dc-52ca-8424-ff56dbd5e0d7,base
A2FHM2F9QKP0O0,1,2,target,1,geocentric_near,geocentric_near_target,South of,North of,The painting is South of Ali. Ali turns around. The painting is BLANK Ali.,de7d1dc5-03dc-52ca-8424-ff56dbd5e0d7,base
A2OVX9UW5WANQE,1,2,target,0,geocentric_near,geocentric_near_target,South of,North of,The painting is South of Ali. Ali turns around. The painting is BLANK Ali.,de7d1dc5-03dc-52ca-8424-ff56dbd5e0d7,base
A2TDK0LD62WZ8Y,1,2,target,1,geocentric_near,geocentric_near_target,South of,North of,The painting is South of Ali. Ali turns around. The painting is BLANK Ali.,de7d1dc5-03dc-52ca-8424-ff56dbd5e0d7,base
A30J4IZCMCR31F,1,2,target,0,geocentric_near,geocentric_near_target,South of,North of,The painting is South of Ali. Ali turns around. The painting is BLANK Ali.,de7d1dc5-03dc-52ca-8424-ff56dbd5e0d7,base
A3CT8UTPVYUL04,1,2,target,1,geocentric_near,geocentric_near_target,South of,North of,The painting is South of Ali. Ali turns around. The painting is BLANK Ali.,de7d1dc5-03dc-52ca-8424-ff56dbd5e0d7,base
A3N1W4VYI7VXEV,1,2,target,0,geocentric_near,geocentric_near_target,South of,North of,The painting is South of Ali. Ali turns around. The painting is BLANK Ali.,de7d1dc5-03dc-52ca-8424-ff56dbd5e0d7,base
A3R97T5D3RR9JX,1,2,target,0,geocentric_near,geocentric_near_target,South of,North of,The painting is South of Ali. Ali turns around. The painting is BLANK Ali.,de7d1dc5-03dc-52ca-8424-ff56dbd5e0d7,base
AKVQQVJKH11HQ,1,2,target,0,geocentric_near,geocentric_near_target,South of,North of,The painting is South of Ali. Ali turns around. The painting is BLANK Ali.,de7d1dc5-03dc-52ca-8424-ff56dbd5e0d7,base
AMVBT3XDCQBHI,1,2,target,0,geocentric_near,geocentric_near_target,South of,North of,The painting is South of Ali. Ali turns around. The painting is BLANK Ali.,de7d1dc5-03dc-52ca-8424-ff56dbd5e0d7,base
ANX6Q4NMZL8EI,1,2,target,0,geocentric_near,geocentric_near_target,South of,North of,The painting is South of Ali. Ali turns around. The painting is BLANK Ali.,de7d1dc5-03dc-52ca-8424-ff56dbd5e0d7,base
APRZ7BR8C0ZMQ,1,2,target,1,geocentric_near,geocentric_near_target,South of,North of,The painting is South of Ali. Ali turns around. The painting is BLANK Ali.,de7d1dc5-03dc-52ca-8424-ff56dbd5e0d7,base
ARR3UJTM2ZGK4,1,2,target,1,geocentric_near,geocentric_near_target,South of,North of,The painting is South of Ali. Ali turns around. The painting is BLANK Ali.,de7d1dc5-03dc-52ca-8424-ff56dbd5e0d7,base
A12IAM6IU41KSU,1,2,target,0,geocentric_near,geocentric_near_target,West of,South of,The painting is West of Ali. Ali turns left. The painting is BLANK Ali.,f296bfa3-3f6c-55b1-b35b-190dfe359ebd,base
A19NGUFGC7KIGW,1,2,target,1,geocentric_near,geocentric_near_target,West of,South of,The painting is West of Ali. Ali turns left. The painting is BLANK Ali.,f296bfa3-3f6c-55b1-b35b-190dfe359ebd,base
A1CT8CGDUL8U5,1,2,target,1,geocentric_near,geocentric_near_target,West of,South of,The painting is West of Ali. Ali turns left. The painting is BLANK Ali.,f296bfa3-3f6c-55b1-b35b-190dfe359ebd,base
A1T0ND039EWAVV,1,2,target,0,geocentric_near,geocentric_near_target,West of,South of,The painting is West of Ali. Ali turns left. The painting is BLANK Ali.,f296bfa3-3f6c-55b1-b35b-190dfe359ebd,base
A2583YP0HGTKAG,1,2,target,1,geocentric_near,geocentric_near_target,West of,South of,The painting is West of Ali. Ali turns left. The painting is BLANK Ali.,f296bfa3-3f6c-55b1-b35b-190dfe359ebd,base
A25PFSORDO3SWQ,1,2,target,1,geocentric_near,geocentric_near_target,West of,South of,The painting is West of Ali. Ali turns left. The painting is BLANK Ali.,f296bfa3-3f6c-55b1-b35b-190dfe359ebd,base
A28G4QO0DRY8OZ,1,2,target,1,geocentric_near,geocentric_near_target,West of,South of,The painting is West of Ali. Ali turns left. The painting is BLANK Ali.,f296bfa3-3f6c-55b1-b35b-190dfe359ebd,base
A2EE1ES8TUMNCM,1,2,target,0,geocentric_near,geocentric_near_target,West of,South of,The painting is West of Ali. Ali turns left. The painting is BLANK Ali.,f296bfa3-3f6c-55b1-b35b-190dfe359ebd,base
A2FHM2F9QKP0O0,1,2,target,1,geocentric_near,geocentric_near_target,West of,South of,The painting is West of Ali. Ali turns left. The painting is BLANK Ali.,f296bfa3-3f6c-55b1-b35b-190dfe359ebd,base
A2OVX9UW5WANQE,1,2,target,0,geocentric_near,geocentric_near_target,West of,South of,The painting is West of Ali. Ali turns left. The painting is BLANK Ali.,f296bfa3-3f6c-55b1-b35b-190dfe359ebd,base
A2TDK0LD62WZ8Y,1,2,target,0,geocentric_near,geocentric_near_target,West of,South of,The painting is West of Ali. Ali turns left. The painting is BLANK Ali.,f296bfa3-3f6c-55b1-b35b-190dfe359ebd,base
A30J4IZCMCR31F,1,2,target,0,geocentric_near,geocentric_near_target,West of,South of,The painting is West of Ali. Ali turns left. The painting is BLANK Ali.,f296bfa3-3f6c-55b1-b35b-190dfe359ebd,base
A3CT8UTPVYUL04,1,2,target,0,geocentric_near,geocentric_near_target,West of,South of,The painting is West of Ali. Ali turns left. The painting is BLANK Ali.,f296bfa3-3f6c-55b1-b35b-190dfe359ebd,base
A3N1W4VYI7VXEV,1,2,target,1,geocentric_near,geocentric_near_target,West of,South of,The painting is West of Ali. Ali turns left. The painting is BLANK Ali.,f296bfa3-3f6c-55b1-b35b-190dfe359ebd,base
A3R97T5D3RR9JX,1,2,target,0,geocentric_near,geocentric_near_target,West of,South of,The painting is West of Ali. Ali turns left. The painting is BLANK Ali.,f296bfa3-3f6c-55b1-b35b-190dfe359ebd,base
AKVQQVJKH11HQ,1,2,target,0,geocentric_near,geocentric_near_target,West of,South of,The painting is West of Ali. Ali turns left. The painting is BLANK Ali.,f296bfa3-3f6c-55b1-b35b-190dfe359ebd,base
AMVBT3XDCQBHI,1,2,target,1,geocentric_near,geocentric_near_target,West of,South of,The painting is West of Ali. Ali turns left. The painting is BLANK Ali.,f296bfa3-3f6c-55b1-b35b-190dfe359ebd,base
ANX6Q4NMZL8EI,1,2,target,0,geocentric_near,geocentric_near_target,West of,South of,The painting is West of Ali. Ali turns left. The painting is BLANK Ali.,f296bfa3-3f6c-55b1-b35b-190dfe359ebd,base
APRZ7BR8C0ZMQ,1,2,target,1,geocentric_near,geocentric_near_target,West of,South of,The painting is West of Ali. Ali turns left. The painting is BLANK Ali.,f296bfa3-3f6c-55b1-b35b-190dfe359ebd,base
ARR3UJTM2ZGK4,1,2,target,0,geocentric_near,geocentric_near_target,West of,South of,The painting is West of Ali. Ali turns left. The painting is BLANK Ali.,f296bfa3-3f6c-55b1-b35b-190dfe359ebd,base
A12IAM6IU41KSU,1,2,target,1,geocentric_near,geocentric_near_target,West of,North of,The painting is West of Ali. Ali turns right. The painting is BLANK Ali.,9d469069-c214-567d-a48d-359883082244,base
A19NGUFGC7KIGW,1,2,target,0,geocentric_near,geocentric_near_target,West of,North of,The painting is West of Ali. Ali turns right. The painting is BLANK Ali.,9d469069-c214-567d-a48d-359883082244,base
A1CT8CGDUL8U5,1,2,target,1,geocentric_near,geocentric_near_target,West of,North of,The painting is West of Ali. Ali turns right. The painting is BLANK Ali.,9d469069-c214-567d-a48d-359883082244,base
A1T0ND039EWAVV,1,2,target,0,geocentric_near,geocentric_near_target,West of,North of,The painting is West of Ali. Ali turns right. The painting is BLANK Ali.,9d469069-c214-567d-a48d-359883082244,base
A2583YP0HGTKAG,1,2,target,1,geocentric_near,geocentric_near_target,West of,North of,The painting is West of Ali. Ali turns right. The painting is BLANK Ali.,9d469069-c214-567d-a48d-359883082244,base
A25PFSORDO3SWQ,1,2,target,1,geocentric_near,geocentric_near_target,West of,North of,The painting is West of Ali. Ali turns right. The painting is BLANK Ali.,9d469069-c214-567d-a48d-359883082244,base
A28G4QO0DRY8OZ,1,2,target,0,geocentric_near,geocentric_near_target,West of,North of,The painting is West of Ali. Ali turns right. The painting is BLANK Ali.,9d469069-c214-567d-a48d-359883082244,base
A2EE1ES8TUMNCM,1,2,target,1,geocentric_near,geocentric_near_target,West of,North of,The painting is West of Ali. Ali turns right. The painting is BLANK Ali.,9d469069-c214-567d-a48d-359883082244,base
A2FHM2F9QKP0O0,1,2,target,1,geocentric_near,geocentric_near_target,West of,North of,The painting is West of Ali. Ali turns right. The painting is BLANK Ali.,9d469069-c214-567d-a48d-359883082244,base
A2OVX9UW5WANQE,1,2,target,0,geocentric_near,geocentric_near_target,West of,North of,The painting is West of Ali. Ali turns right. The painting is BLANK Ali.,9d469069-c214-567d-a48d-359883082244,base
A2TDK0LD62WZ8Y,1,2,target,0,geocentric_near,geocentric_near_target,West of,North of,The painting is West of Ali. Ali turns right. The painting is BLANK Ali.,9d469069-c214-567d-a48d-359883082244,base
A30J4IZCMCR31F,1,2,target,0,geocentric_near,geocentric_near_target,West of,North of,The painting is West of Ali. Ali turns right. The painting is BLANK Ali.,9d469069-c214-567d-a48d-359883082244,base
A3CT8UTPVYUL04,1,2,target,0,geocentric_near,geocentric_near_target,West of,North of,The painting is West of Ali. Ali turns right. The painting is BLANK Ali.,9d469069-c214-567d-a48d-359883082244,base
A3N1W4VYI7VXEV,1,2,target,1,geocentric_near,geocentric_near_target,West of,North of,The painting is West of Ali. Ali turns right. The painting is BLANK Ali.,9d469069-c214-567d-a48d-359883082244,base
A3R97T5D3RR9JX,1,2,target,0,geocentric_near,geocentric_near_target,West of,North of,The painting is West of Ali. Ali turns right. The painting is BLANK Ali.,9d469069-c214-567d-a48d-359883082244,base
AKVQQVJKH11HQ,1,2,target,0,geocentric_near,geocentric_near_target,West of,North of,The painting is West of Ali. Ali turns right. The painting is BLANK Ali.,9d469069-c214-567d-a48d-359883082244,base
AMVBT3XDCQBHI,1,2,target,1,geocentric_near,geocentric_near_target,West of,North of,The painting is West of Ali. Ali turns right. The painting is BLANK Ali.,9d469069-c214-567d-a48d-359883082244,base
ANX6Q4NMZL8EI,1,2,target,0,geocentric_near,geocentric_near_target,West of,North of,The painting is West of Ali. Ali turns right. The painting is BLANK Ali.,9d469069-c214-567d-a48d-359883082244,base
APRZ7BR8C0ZMQ,1,2,target,1,geocentric_near,geocentric_near_target,West of,North of,The painting is West of Ali. Ali turns right. The painting is BLANK Ali.,9d469069-c214-567d-a48d-359883082244,base
ARR3UJTM2ZGK4,1,2,target,1,geocentric_near,geocentric_near_target,West of,North of,The painting is West of Ali. Ali turns right. The painting is BLANK Ali.,9d469069-c214-567d-a48d-359883082244,base
A12IAM6IU41KSU,1,2,target,1,egocentric_near,egocentric_near_target,right of,left of,The painting is in front of Ali. Ali turns left. The painting is BLANK Ali.,6c88c365-8ef7-5e0f-86a8-960e5922ff9d,base
A19NGUFGC7KIGW,1,2,target,1,egocentric_near,egocentric_near_target,right of,left of,The painting is in front of Ali. Ali turns left. The painting is BLANK Ali.,6c88c365-8ef7-5e0f-86a8-960e5922ff9d,base
A1CT8CGDUL8U5,1,2,target,1,egocentric_near,egocentric_near_target,right of,left of,The painting is in front of Ali. Ali turns left. The painting is BLANK Ali.,6c88c365-8ef7-5e0f-86a8-960e5922ff9d,base
A1T0ND039EWAVV,1,2,target,1,egocentric_near,egocentric_near_target,right of,left of,The painting is in front of Ali. Ali turns left. The painting is BLANK Ali.,6c88c365-8ef7-5e0f-86a8-960e5922ff9d,base
A2583YP0HGTKAG,1,2,target,1,egocentric_near,egocentric_near_target,right of,left of,The painting is in front of Ali. Ali turns left. The painting is BLANK Ali.,6c88c365-8ef7-5e0f-86a8-960e5922ff9d,base
A25PFSORDO3SWQ,1,2,target,1,egocentric_near,egocentric_near_target,right of,left of,The painting is in front of Ali. Ali turns left. The painting is BLANK Ali.,6c88c365-8ef7-5e0f-86a8-960e5922ff9d,base
A28G4QO0DRY8OZ,1,2,target,0,egocentric_near,egocentric_near_target,right of,left of,The painting is in front of Ali. Ali turns left. The painting is BLANK Ali.,6c88c365-8ef7-5e0f-86a8-960e5922ff9d,base
A2EE1ES8TUMNCM,1,2,target,1,egocentric_near,egocentric_near_target,right of,left of,The painting is in front of Ali. Ali turns left. The painting is BLANK Ali.,6c88c365-8ef7-5e0f-86a8-960e5922ff9d,base
A2FHM2F9QKP0O0,1,2,target,1,egocentric_near,egocentric_near_target,right of,left of,The painting is in front of Ali. Ali turns left. The painting is BLANK Ali.,6c88c365-8ef7-5e0f-86a8-960e5922ff9d,base
A2OVX9UW5WANQE,1,2,target,1,egocentric_near,egocentric_near_target,right of,left of,The painting is in front of Ali. Ali turns left. The painting is BLANK Ali.,6c88c365-8ef7-5e0f-86a8-960e5922ff9d,base
A2TDK0LD62WZ8Y,1,2,target,1,egocentric_near,egocentric_near_target,right of,left of,The painting is in front of Ali. Ali turns left. The painting is BLANK Ali.,6c88c365-8ef7-5e0f-86a8-960e5922ff9d,base
A30J4IZCMCR31F,1,2,target,1,egocentric_near,egocentric_near_target,right of,left of,The painting is in front of Ali. Ali turns left. The painting is BLANK Ali.,6c88c365-8ef7-5e0f-86a8-960e5922ff9d,base
A3CT8UTPVYUL04,1,2,target,0,egocentric_near,egocentric_near_target,right of,left of,The painting is in front of Ali. Ali turns left. The painting is BLANK Ali.,6c88c365-8ef7-5e0f-86a8-960e5922ff9d,base
A3N1W4VYI7VXEV,1,2,target,1,egocentric_near,egocentric_near_target,right of,left of,The painting is in front of Ali. Ali turns left. The painting is BLANK Ali.,6c88c365-8ef7-5e0f-86a8-960e5922ff9d,base
A3R97T5D3RR9JX,1,2,target,1,egocentric_near,egocentric_near_target,right of,left of,The painting is in front of Ali. Ali turns left. The painting is BLANK Ali.,6c88c365-8ef7-5e0f-86a8-960e5922ff9d,base
AKVQQVJKH11HQ,1,2,target,1,egocentric_near,egocentric_near_target,right of,left of,The painting is in front of Ali. Ali turns left. The painting is BLANK Ali.,6c88c365-8ef7-5e0f-86a8-960e5922ff9d,base
AMVBT3XDCQBHI,1,2,target,1,egocentric_near,egocentric_near_target,right of,left of,The painting is in front of Ali. Ali turns left. The painting is BLANK Ali.,6c88c365-8ef7-5e0f-86a8-960e5922ff9d,base
ANX6Q4NMZL8EI,1,2,target,1,egocentric_near,egocentric_near_target,right of,left of,The painting is in front of Ali. Ali turns left. The painting is BLANK Ali.,6c88c365-8ef7-5e0f-86a8-960e5922ff9d,base
APRZ7BR8C0ZMQ,1,2,target,1,egocentric_near,egocentric_near_target,right of,left of,The painting is in front of Ali. Ali turns left. The painting is BLANK Ali.,6c88c365-8ef7-5e0f-86a8-960e5922ff9d,base
ARR3UJTM2ZGK4,1,2,target,1,egocentric_near,egocentric_near_target,right of,left of,The painting is in front of Ali. Ali turns left. The painting is BLANK Ali.,6c88c365-8ef7-5e0f-86a8-960e5922ff9d,base
A12IAM6IU41KSU,1,2,target,1,egocentric_near,egocentric_near_target,behind,in front of,The painting is left of Ali. Ali turns right. The painting is BLANK Ali.,2c76ca87-16dd-5a8f-a72b-aa968756dbb3,base
A19NGUFGC7KIGW,1,2,target,1,egocentric_near,egocentric_near_target,behind,in front of,The painting is left of Ali. Ali turns right. The painting is BLANK Ali.,2c76ca87-16dd-5a8f-a72b-aa968756dbb3,base
A1CT8CGDUL8U5,1,2,target,1,egocentric_near,egocentric_near_target,behind,in front of,The painting is left of Ali. Ali turns right. The painting is BLANK Ali.,2c76ca87-16dd-5a8f-a72b-aa968756dbb3,base
A1T0ND039EWAVV,1,2,target,0,egocentric_near,egocentric_near_target,behind,in front of,The painting is left of Ali. Ali turns right. The painting is BLANK Ali.,2c76ca87-16dd-5a8f-a72b-aa968756dbb3,base
A2583YP0HGTKAG,1,2,target,1,egocentric_near,egocentric_near_target,behind,in front of,The painting is left of Ali. Ali turns right. The painting is BLANK Ali.,2c76ca87-16dd-5a8f-a72b-aa968756dbb3,base
A25PFSORDO3SWQ,1,2,target,1,egocentric_near,egocentric_near_target,behind,in front of,The painting is left of Ali. Ali turns right. The painting is BLANK Ali.,2c76ca87-16dd-5a8f-a72b-aa968756dbb3,base
A28G4QO0DRY8OZ,1,2,target,1,egocentric_near,egocentric_near_target,behind,in front of,The painting is left of Ali. Ali turns right. The painting is BLANK Ali.,2c76ca87-16dd-5a8f-a72b-aa968756dbb3,base
A2EE1ES8TUMNCM,1,2,target,1,egocentric_near,egocentric_near_target,behind,in front of,The painting is left of Ali. Ali turns right. The painting is BLANK Ali.,2c76ca87-16dd-5a8f-a72b-aa968756dbb3,base
A2FHM2F9QKP0O0,1,2,target,1,egocentric_near,egocentric_near_target,behind,in front of,The painting is left of Ali. Ali turns right. The painting is BLANK Ali.,2c76ca87-16dd-5a8f-a72b-aa968756dbb3,base
A2OVX9UW5WANQE,1,2,target,1,egocentric_near,egocentric_near_target,behind,in front of,The painting is left of Ali. Ali turns right. The painting is BLANK Ali.,2c76ca87-16dd-5a8f-a72b-aa968756dbb3,base
A2TDK0LD62WZ8Y,1,2,target,0,egocentric_near,egocentric_near_target,behind,in front of,The painting is left of Ali. Ali turns right. The painting is BLANK Ali.,2c76ca87-16dd-5a8f-a72b-aa968756dbb3,base
A30J4IZCMCR31F,1,2,target,1,egocentric_near,egocentric_near_target,behind,in front of,The painting is left of Ali. Ali turns right. The painting is BLANK Ali.,2c76ca87-16dd-5a8f-a72b-aa968756dbb3,base
A3CT8UTPVYUL04,1,2,target,0,egocentric_near,egocentric_near_target,behind,in front of,The painting is left of Ali. Ali turns right. The painting is BLANK Ali.,2c76ca87-16dd-5a8f-a72b-aa968756dbb3,base
A3N1W4VYI7VXEV,1,2,target,1,egocentric_near,egocentric_near_target,behind,in front of,The painting is left of Ali. Ali turns right. The painting is BLANK Ali.,2c76ca87-16dd-5a8f-a72b-aa968756dbb3,base
A3R97T5D3RR9JX,1,2,target,1,egocentric_near,egocentric_near_target,behind,in front of,The painting is left of Ali. Ali turns right. The painting is BLANK Ali.,2c76ca87-16dd-5a8f-a72b-aa968756dbb3,base
AKVQQVJKH11HQ,1,2,target,1,egocentric_near,egocentric_near_target,behind,in front of,The painting is left of Ali. Ali turns right. The painting is BLANK Ali.,2c76ca87-16dd-5a8f-a72b-aa968756dbb3,base
AMVBT3XDCQBHI,1,2,target,1,egocentric_near,egocentric_near_target,behind,in front of,The painting is left of Ali. Ali turns right. The painting is BLANK Ali.,2c76ca87-16dd-5a8f-a72b-aa968756dbb3,base
ANX6Q4NMZL8EI,1,2,target,1,egocentric_near,egocentric_near_target,behind,in front of,The painting is left of Ali. Ali turns right. The painting is BLANK Ali.,2c76ca87-16dd-5a8f-a72b-aa968756dbb3,base
APRZ7BR8C0ZMQ,1,2,target,1,egocentric_near,egocentric_near_target,behind,in front of,The painting is left of Ali. Ali turns right. The painting is BLANK Ali.,2c76ca87-16dd-5a8f-a72b-aa968756dbb3,base
ARR3UJTM2ZGK4,1,2,target,1,egocentric_near,egocentric_near_target,behind,in front of,The painting is left of Ali. Ali turns right. The painting is BLANK Ali.,2c76ca87-16dd-5a8f-a72b-aa968756dbb3,base
A12IAM6IU41KSU,1,2,target,0,egocentric_near,egocentric_near_target,left of,right of,The painting is right of Ali. Ali turns around. The painting is BLANK Ali.,6a7ee4a1-5db3-5076-ac24-2230ea37aa9e,base
A19NGUFGC7KIGW,1,2,target,1,egocentric_near,egocentric_near_target,left of,right of,The painting is right of Ali. Ali turns around. The painting is BLANK Ali.,6a7ee4a1-5db3-5076-ac24-2230ea37aa9e,base
A1CT8CGDUL8U5,1,2,target,0,egocentric_near,egocentric_near_target,left of,right of,The painting is right of Ali. Ali turns around. The painting is BLANK Ali.,6a7ee4a1-5db3-5076-ac24-2230ea37aa9e,base
A1T0ND039EWAVV,1,2,target,0,egocentric_near,egocentric_near_target,left of,right of,The painting is right of Ali. Ali turns around. The painting is BLANK Ali.,6a7ee4a1-5db3-5076-ac24-2230ea37aa9e,base
A2583YP0HGTKAG,1,2,target,1,egocentric_near,egocentric_near_target,left of,right of,The painting is right of Ali. Ali turns around. The painting is BLANK Ali.,6a7ee4a1-5db3-5076-ac24-2230ea37aa9e,base
A25PFSORDO3SWQ,1,2,target,1,egocentric_near,egocentric_near_target,left of,right of,The painting is right of Ali. Ali turns around. The painting is BLANK Ali.,6a7ee4a1-5db3-5076-ac24-2230ea37aa9e,base
A28G4QO0DRY8OZ,1,2,target,0,egocentric_near,egocentric_near_target,left of,right of,The painting is right of Ali. Ali turns around. The painting is BLANK Ali.,6a7ee4a1-5db3-5076-ac24-2230ea37aa9e,base
A2EE1ES8TUMNCM,1,2,target,1,egocentric_near,egocentric_near_target,left of,right of,The painting is right of Ali. Ali turns around. The painting is BLANK Ali.,6a7ee4a1-5db3-5076-ac24-2230ea37aa9e,base
A2FHM2F9QKP0O0,1,2,target,1,egocentric_near,egocentric_near_target,left of,right of,The painting is right of Ali. Ali turns around. The painting is BLANK Ali.,6a7ee4a1-5db3-5076-ac24-2230ea37aa9e,base
A2OVX9UW5WANQE,1,2,target,1,egocentric_near,egocentric_near_target,left of,right of,The painting is right of Ali. Ali turns around. The painting is BLANK Ali.,6a7ee4a1-5db3-5076-ac24-2230ea37aa9e,base
A2TDK0LD62WZ8Y,1,2,target,0,egocentric_near,egocentric_near_target,left of,right of,The painting is right of Ali. Ali turns around. The painting is BLANK Ali.,6a7ee4a1-5db3-5076-ac24-2230ea37aa9e,base
A30J4IZCMCR31F,1,2,target,1,egocentric_near,egocentric_near_target,left of,right of,The painting is right of Ali. Ali turns around. The painting is BLANK Ali.,6a7ee4a1-5db3-5076-ac24-2230ea37aa9e,base
A3CT8UTPVYUL04,1,2,target,0,egocentric_near,egocentric_near_target,left of,right of,The painting is right of Ali. Ali turns around. The painting is BLANK Ali.,6a7ee4a1-5db3-5076-ac24-2230ea37aa9e,base
A3N1W4VYI7VXEV,1,2,target,1,egocentric_near,egocentric_near_target,left of,right of,The painting is right of Ali. Ali turns around. The painting is BLANK Ali.,6a7ee4a1-5db3-5076-ac24-2230ea37aa9e,base
A3R97T5D3RR9JX,1,2,target,1,egocentric_near,egocentric_near_target,left of,right of,The painting is right of Ali. Ali turns around. The painting is BLANK Ali.,6a7ee4a1-5db3-5076-ac24-2230ea37aa9e,base
AKVQQVJKH11HQ,1,2,target,1,egocentric_near,egocentric_near_target,left of,right of,The painting is right of Ali. Ali turns around. The painting is BLANK Ali.,6a7ee4a1-5db3-5076-ac24-2230ea37aa9e,base
AMVBT3XDCQBHI,1,2,target,1,egocentric_near,egocentric_near_target,left of,right of,The painting is right of Ali. Ali turns around. The painting is BLANK Ali.,6a7ee4a1-5db3-5076-ac24-2230ea37aa9e,base
ANX6Q4NMZL8EI,1,2,target,1,egocentric_near,egocentric_near_target,left of,right of,The painting is right of Ali. Ali turns around. The painting is BLANK Ali.,6a7ee4a1-5db3-5076-ac24-2230ea37aa9e,base
APRZ7BR8C0ZMQ,1,2,target,1,egocentric_near,egocentric_near_target,left of,right of,The painting is right of Ali. Ali turns around. The painting is BLANK Ali.,6a7ee4a1-5db3-5076-ac24-2230ea37aa9e,base
ARR3UJTM2ZGK4,1,2,target,1,egocentric_near,egocentric_near_target,left of,right of,The painting is right of Ali. Ali turns around. The painting is BLANK Ali.,6a7ee4a1-5db3-5076-ac24-2230ea37aa9e,base
A12IAM6IU41KSU,1,2,target,1,state_nonfollows,state_nonfollows_target,one piece,two pieces,The paper is in one piece. Ali folds the paper. The paper is in BLANK.,0f4b76db-1148-5f46-ada0-2c07fe6e49c5,base
A19NGUFGC7KIGW,1,2,target,1,state_nonfollows,state_nonfollows_target,one piece,two pieces,The paper is in one piece. Ali folds the paper. The paper is in BLANK.,0f4b76db-1148-5f46-ada0-2c07fe6e49c5,base
A1CT8CGDUL8U5,1,2,target,1,state_nonfollows,state_nonfollows_target,one piece,two pieces,The paper is in one piece. Ali folds the paper. The paper is in BLANK.,0f4b76db-1148-5f46-ada0-2c07fe6e49c5,base
A1T0ND039EWAVV,1,2,target,1,state_nonfollows,state_nonfollows_target,one piece,two pieces,The paper is in one piece. Ali folds the paper. The paper is in BLANK.,0f4b76db-1148-5f46-ada0-2c07fe6e49c5,base
A2583YP0HGTKAG,1,2,target,1,state_nonfollows,state_nonfollows_target,one piece,two pieces,The paper is in one piece. Ali folds the paper. The paper is in BLANK.,0f4b76db-1148-5f46-ada0-2c07fe6e49c5,base
A25PFSORDO3SWQ,1,2,target,1,state_nonfollows,state_nonfollows_target,one piece,two pieces,The paper is in one piece. Ali folds the paper. The paper is in BLANK.,0f4b76db-1148-5f46-ada0-2c07fe6e49c5,base
A28G4QO0DRY8OZ,1,2,target,1,state_nonfollows,state_nonfollows_target,one piece,two pieces,The paper is in one piece. Ali folds the paper. The paper is in BLANK.,0f4b76db-1148-5f46-ada0-2c07fe6e49c5,base
A2EE1ES8TUMNCM,1,2,target,1,state_nonfollows,state_nonfollows_target,one piece,two pieces,The paper is in one piece. Ali folds the paper. The paper is in BLANK.,0f4b76db-1148-5f46-ada0-2c07fe6e49c5,base
A2FHM2F9QKP0O0,1,2,target,1,state_nonfollows,state_nonfollows_target,one piece,two pieces,The paper is in one piece. Ali folds the paper. The paper is in BLANK.,0f4b76db-1148-5f46-ada0-2c07fe6e49c5,base
A2OVX9UW5WANQE,1,2,target,1,state_nonfollows,state_nonfollows_target,one piece,two pieces,The paper is in one piece. Ali folds the paper. The paper is in BLANK.,0f4b76db-1148-5f46-ada0-2c07fe6e49c5,base
A2TDK0LD62WZ8Y,1,2,target,1,state_nonfollows,state_nonfollows_target,one piece,two pieces,The paper is in one piece. Ali folds the paper. The paper is in BLANK.,0f4b76db-1148-5f46-ada0-2c07fe6e49c5,base
A30J4IZCMCR31F,1,2,target,1,state_nonfollows,state_nonfollows_target,one piece,two pieces,The paper is in one piece. Ali folds the paper. The paper is in BLANK.,0f4b76db-1148-5f46-ada0-2c07fe6e49c5,base
A3CT8UTPVYUL04,1,2,target,0,state_nonfollows,state_nonfollows_target,one piece,two pieces,The paper is in one piece. Ali folds the paper. The paper is in BLANK.,0f4b76db-1148-5f46-ada0-2c07fe6e49c5,base
A3N1W4VYI7VXEV,1,2,target,1,state_nonfollows,state_nonfollows_target,one piece,two pieces,The paper is in one piece. Ali folds the paper. The paper is in BLANK.,0f4b76db-1148-5f46-ada0-2c07fe6e49c5,base
A3R97T5D3RR9JX,1,2,target,1,state_nonfollows,state_nonfollows_target,one piece,two pieces,The paper is in one piece. Ali folds the paper. The paper is in BLANK.,0f4b76db-1148-5f46-ada0-2c07fe6e49c5,base
AKVQQVJKH11HQ,1,2,target,0,state_nonfollows,state_nonfollows_target,one piece,two pieces,The paper is in one piece. Ali folds the paper. The paper is in BLANK.,0f4b76db-1148-5f46-ada0-2c07fe6e49c5,base
AMVBT3XDCQBHI,1,2,target,1,state_nonfollows,state_nonfollows_target,one piece,two pieces,The paper is in one piece. Ali folds the paper. The paper is in BLANK.,0f4b76db-1148-5f46-ada0-2c07fe6e49c5,base
ANX6Q4NMZL8EI,1,2,target,1,state_nonfollows,state_nonfollows_target,one piece,two pieces,The paper is in one piece. Ali folds the paper. The paper is in BLANK.,0f4b76db-1148-5f46-ada0-2c07fe6e49c5,base
APRZ7BR8C0ZMQ,1,2,target,1,state_nonfollows,state_nonfollows_target,one piece,two pieces,The paper is in one piece. Ali folds the paper. The paper is in BLANK.,0f4b76db-1148-5f46-ada0-2c07fe6e49c5,base
ARR3UJTM2ZGK4,1,2,target,1,state_nonfollows,state_nonfollows_target,one piece,two pieces,The paper is in one piece. Ali folds the paper. The paper is in BLANK.,0f4b76db-1148-5f46-ada0-2c07fe6e49c5,base
A12IAM6IU41KSU,1,2,target,1,state_follows,state_follows_target,one piece,two pieces,The paper is in two pieces. Ali tapes the pieces together. The paper is in BLANK.,c0a85a0c-72e5-5258-acac-67051cd77e4f,base
A19NGUFGC7KIGW,1,2,target,1,state_follows,state_follows_target,one piece,two pieces,The paper is in two pieces. Ali tapes the pieces together. The paper is in BLANK.,c0a85a0c-72e5-5258-acac-67051cd77e4f,base
A1CT8CGDUL8U5,1,2,target,1,state_follows,state_follows_target,one piece,two pieces,The paper is in two pieces. Ali tapes the pieces together. The paper is in BLANK.,c0a85a0c-72e5-5258-acac-67051cd77e4f,base
A1T0ND039EWAVV,1,2,target,0,state_follows,state_follows_target,one piece,two pieces,The paper is in two pieces. Ali tapes the pieces together. The paper is in BLANK.,c0a85a0c-72e5-5258-acac-67051cd77e4f,base
A2583YP0HGTKAG,1,2,target,1,state_follows,state_follows_target,one piece,two pieces,The paper is in two pieces. Ali tapes the pieces together. The paper is in BLANK.,c0a85a0c-72e5-5258-acac-67051cd77e4f,base
A25PFSORDO3SWQ,1,2,target,1,state_follows,state_follows_target,one piece,two pieces,The paper is in two pieces. Ali tapes the pieces together. The paper is in BLANK.,c0a85a0c-72e5-5258-acac-67051cd77e4f,base
A28G4QO0DRY8OZ,1,2,target,1,state_follows,state_follows_target,one piece,two pieces,The paper is in two pieces. Ali tapes the pieces together. The paper is in BLANK.,c0a85a0c-72e5-5258-acac-67051cd77e4f,base
A2EE1ES8TUMNCM,1,2,target,1,state_follows,state_follows_target,one piece,two pieces,The paper is in two pieces. Ali tapes the pieces together. The paper is in BLANK.,c0a85a0c-72e5-5258-acac-67051cd77e4f,base
A2FHM2F9QKP0O0,1,2,target,1,state_follows,state_follows_target,one piece,two pieces,The paper is in two pieces. Ali tapes the pieces together. The paper is in BLANK.,c0a85a0c-72e5-5258-acac-67051cd77e4f,base
A2OVX9UW5WANQE,1,2,target,1,state_follows,state_follows_target,one piece,two pieces,The paper is in two pieces. Ali tapes the pieces together. The paper is in BLANK.,c0a85a0c-72e5-5258-acac-67051cd77e4f,base
A2TDK0LD62WZ8Y,1,2,target,1,state_follows,state_follows_target,one piece,two pieces,The paper is in two pieces. Ali tapes the pieces together. The paper is in BLANK.,c0a85a0c-72e5-5258-acac-67051cd77e4f,base
A30J4IZCMCR31F,1,2,target,1,state_follows,state_follows_target,one piece,two pieces,The paper is in two pieces. Ali tapes the pieces together. The paper is in BLANK.,c0a85a0c-72e5-5258-acac-67051cd77e4f,base
A3CT8UTPVYUL04,1,2,target,1,state_follows,state_follows_target,one piece,two pieces,The paper is in two pieces. Ali tapes the pieces together. The paper is in BLANK.,c0a85a0c-72e5-5258-acac-67051cd77e4f,base
A3N1W4VYI7VXEV,1,2,target,1,state_follows,state_follows_target,one piece,two pieces,The paper is in two pieces. Ali tapes the pieces together. The paper is in BLANK.,c0a85a0c-72e5-5258-acac-67051cd77e4f,base
A3R97T5D3RR9JX,1,2,target,1,state_follows,state_follows_target,one piece,two pieces,The paper is in two pieces. Ali tapes the pieces together. The paper is in BLANK.,c0a85a0c-72e5-5258-acac-67051cd77e4f,base
AKVQQVJKH11HQ,1,2,target,0,state_follows,state_follows_target,one piece,two pieces,The paper is in two pieces. Ali tapes the pieces together. The paper is in BLANK.,c0a85a0c-72e5-5258-acac-67051cd77e4f,base
AMVBT3XDCQBHI,1,2,target,1,state_follows,state_follows_target,one piece,two pieces,The paper is in two pieces. Ali tapes the pieces together. The paper is in BLANK.,c0a85a0c-72e5-5258-acac-67051cd77e4f,base
ANX6Q4NMZL8EI,1,2,target,1,state_follows,state_follows_target,one piece,two pieces,The paper is in two pieces. Ali tapes the pieces together. The paper is in BLANK.,c0a85a0c-72e5-5258-acac-67051cd77e4f,base
APRZ7BR8C0ZMQ,1,2,target,1,state_follows,state_follows_target,one piece,two pieces,The paper is in two pieces. Ali tapes the pieces together. The paper is in BLANK.,c0a85a0c-72e5-5258-acac-67051cd77e4f,base
ARR3UJTM2ZGK4,1,2,target,1,state_follows,state_follows_target,one piece,two pieces,The paper is in two pieces. Ali tapes the pieces together. The paper is in BLANK.,c0a85a0c-72e5-5258-acac-67051cd77e4f,base
A12IAM6IU41KSU,1,2,target,0,state_follows,state_follows_target,dark,bright,The room is bright. Ali turns off the lights. The room is BLANK.,3b7b5842-3626-5cdd-9d85-443b9d17b232,base
A19NGUFGC7KIGW,1,2,target,1,state_follows,state_follows_target,dark,bright,The room is bright. Ali turns off the lights. The room is BLANK.,3b7b5842-3626-5cdd-9d85-443b9d17b232,base
A1CT8CGDUL8U5,1,2,target,1,state_follows,state_follows_target,dark,bright,The room is bright. Ali turns off the lights. The room is BLANK.,3b7b5842-3626-5cdd-9d85-443b9d17b232,base
A1T0ND039EWAVV,1,2,target,1,state_follows,state_follows_target,dark,bright,The room is bright. Ali turns off the lights. The room is BLANK.,3b7b5842-3626-5cdd-9d85-443b9d17b232,base
A2583YP0HGTKAG,1,2,target,1,state_follows,state_follows_target,dark,bright,The room is bright. Ali turns off the lights. The room is BLANK.,3b7b5842-3626-5cdd-9d85-443b9d17b232,base
A25PFSORDO3SWQ,1,2,target,1,state_follows,state_follows_target,dark,bright,The room is bright. Ali turns off the lights. The room is BLANK.,3b7b5842-3626-5cdd-9d85-443b9d17b232,base
A28G4QO0DRY8OZ,1,2,target,1,state_follows,state_follows_target,dark,bright,The room is bright. Ali turns off the lights. The room is BLANK.,3b7b5842-3626-5cdd-9d85-443b9d17b232,base
A2EE1ES8TUMNCM,1,2,target,1,state_follows,state_follows_target,dark,bright,The room is bright. Ali turns off the lights. The room is BLANK.,3b7b5842-3626-5cdd-9d85-443b9d17b232,base
A2FHM2F9QKP0O0,1,2,target,0,state_follows,state_follows_target,dark,bright,The room is bright. Ali turns off the lights. The room is BLANK.,3b7b5842-3626-5cdd-9d85-443b9d17b232,base
A2OVX9UW5WANQE,1,2,target,1,state_follows,state_follows_target,dark,bright,The room is bright. Ali turns off the lights. The room is BLANK.,3b7b5842-3626-5cdd-9d85-443b9d17b232,base
A2TDK0LD62WZ8Y,1,2,target,1,state_follows,state_follows_target,dark,bright,The room is bright. Ali turns off the lights. The room is BLANK.,3b7b5842-3626-5cdd-9d85-443b9d17b232,base
A30J4IZCMCR31F,1,2,target,1,state_follows,state_follows_target,dark,bright,The room is bright. Ali turns off the lights. The room is BLANK.,3b7b5842-3626-5cdd-9d85-443b9d17b232,base
A3CT8UTPVYUL04,1,2,target,1,state_follows,state_follows_target,dark,bright,The room is bright. Ali turns off the lights. The room is BLANK.,3b7b5842-3626-5cdd-9d85-443b9d17b232,base
A3N1W4VYI7VXEV,1,2,target,1,state_follows,state_follows_target,dark,bright,The room is bright. Ali turns off the lights. The room is BLANK.,3b7b5842-3626-5cdd-9d85-443b9d17b232,base
A3R97T5D3RR9JX,1,2,target,1,state_follows,state_follows_target,dark,bright,The room is bright. Ali turns off the lights. The room is BLANK.,3b7b5842-3626-5cdd-9d85-443b9d17b232,base
AKVQQVJKH11HQ,1,2,target,1,state_follows,state_follows_target,dark,bright,The room is bright. Ali turns off the lights. The room is BLANK.,3b7b5842-3626-5cdd-9d85-443b9d17b232,base
AMVBT3XDCQBHI,1,2,target,1,state_follows,state_follows_target,dark,bright,The room is bright. Ali turns off the lights. The room is BLANK.,3b7b5842-3626-5cdd-9d85-443b9d17b232,base
ANX6Q4NMZL8EI,1,2,target,1,state_follows,state_follows_target,dark,bright,The room is bright. Ali turns off the lights. The room is BLANK.,3b7b5842-3626-5cdd-9d85-443b9d17b232,base
APRZ7BR8C0ZMQ,1,2,target,1,state_follows,state_follows_target,dark,bright,The room is bright. Ali turns off the lights. The room is BLANK.,3b7b5842-3626-5cdd-9d85-443b9d17b232,base
ARR3UJTM2ZGK4,1,2,target,1,state_follows,state_follows_target,dark,bright,The room is bright. Ali turns off the lights. The room is BLANK.,3b7b5842-3626-5cdd-9d85-443b9d17b232,base
A12IAM6IU41KSU,1,2,target,1,action_follows,action_follows_target,goes up,goes down,The seesaw is balanced. Ali tilts the right side of the seesaw. The left side BLANK.,d9a6481d-441a-5b01-90d0-3c017452c7d1,base
A19NGUFGC7KIGW,1,2,target,1,action_follows,action_follows_target,goes up,goes down,The seesaw is balanced. Ali tilts the right side of the seesaw. The left side BLANK.,d9a6481d-441a-5b01-90d0-3c017452c7d1,base
A1CT8CGDUL8U5,1,2,target,1,action_follows,action_follows_target,goes up,goes down,The seesaw is balanced. Ali tilts the right side of the seesaw. The left side BLANK.,d9a6481d-441a-5b01-90d0-3c017452c7d1,base
A1T0ND039EWAVV,1,2,target,1,action_follows,action_follows_target,goes up,goes down,The seesaw is balanced. Ali tilts the right side of the seesaw. The left side BLANK.,d9a6481d-441a-5b01-90d0-3c017452c7d1,base
A2583YP0HGTKAG,1,2,target,0,action_follows,action_follows_target,goes up,goes down,The seesaw is balanced. Ali tilts the right side of the seesaw. The left side BLANK.,d9a6481d-441a-5b01-90d0-3c017452c7d1,base
A25PFSORDO3SWQ,1,2,target,1,action_follows,action_follows_target,goes up,goes down,The seesaw is balanced. Ali tilts the right side of the seesaw. The left side BLANK.,d9a6481d-441a-5b01-90d0-3c017452c7d1,base
A28G4QO0DRY8OZ,1,2,target,1,action_follows,action_follows_target,goes up,goes down,The seesaw is balanced. Ali tilts the right side of the seesaw. The left side BLANK.,d9a6481d-441a-5b01-90d0-3c017452c7d1,base
A2EE1ES8TUMNCM,1,2,target,1,action_follows,action_follows_target,goes up,goes down,The seesaw is balanced. Ali tilts the right side of the seesaw. The left side BLANK.,d9a6481d-441a-5b01-90d0-3c017452c7d1,base
A2FHM2F9QKP0O0,1,2,target,1,action_follows,action_follows_target,goes up,goes down,The seesaw is balanced. Ali tilts the right side of the seesaw. The left side BLANK.,d9a6481d-441a-5b01-90d0-3c017452c7d1,base
A2OVX9UW5WANQE,1,2,target,1,action_follows,action_follows_target,goes up,goes down,The seesaw is balanced. Ali tilts the right side of the seesaw. The left side BLANK.,d9a6481d-441a-5b01-90d0-3c017452c7d1,base
A2TDK0LD62WZ8Y,1,2,target,1,action_follows,action_follows_target,goes up,goes down,The seesaw is balanced. Ali tilts the right side of the seesaw. The left side BLANK.,d9a6481d-441a-5b01-90d0-3c017452c7d1,base
A30J4IZCMCR31F,1,2,target,1,action_follows,action_follows_target,goes up,goes down,The seesaw is balanced. Ali tilts the right side of the seesaw. The left side BLANK.,d9a6481d-441a-5b01-90d0-3c017452c7d1,base
A3CT8UTPVYUL04,1,2,target,1,action_follows,action_follows_target,goes up,goes down,The seesaw is balanced. Ali tilts the right side of the seesaw. The left side BLANK.,d9a6481d-441a-5b01-90d0-3c017452c7d1,base
A3N1W4VYI7VXEV,1,2,target,1,action_follows,action_follows_target,goes up,goes down,The seesaw is balanced. Ali tilts the right side of the seesaw. The left side BLANK.,d9a6481d-441a-5b01-90d0-3c017452c7d1,base
A3R97T5D3RR9JX,1,2,target,0,action_follows,action_follows_target,goes up,goes down,The seesaw is balanced. Ali tilts the right side of the seesaw. The left side BLANK.,d9a6481d-441a-5b01-90d0-3c017452c7d1,base
AKVQQVJKH11HQ,1,2,target,1,action_follows,action_follows_target,goes up,goes down,The seesaw is balanced. Ali tilts the right side of the seesaw. The left side BLANK.,d9a6481d-441a-5b01-90d0-3c017452c7d1,base
AMVBT3XDCQBHI,1,2,target,1,action_follows,action_follows_target,goes up,goes down,The seesaw is balanced. Ali tilts the right side of the seesaw. The left side BLANK.,d9a6481d-441a-5b01-90d0-3c017452c7d1,base
ANX6Q4NMZL8EI,1,2,target,1,action_follows,action_follows_target,goes up,goes down,The seesaw is balanced. Ali tilts the right side of the seesaw. The left side BLANK.,d9a6481d-441a-5b01-90d0-3c017452c7d1,base
APRZ7BR8C0ZMQ,1,2,target,1,action_follows,action_follows_target,goes up,goes down,The seesaw is balanced. Ali tilts the right side of the seesaw. The left side BLANK.,d9a6481d-441a-5b01-90d0-3c017452c7d1,base
ARR3UJTM2ZGK4,1,2,target,1,action_follows,action_follows_target,goes up,goes down,The seesaw is balanced. Ali tilts the right side of the seesaw. The left side BLANK.,d9a6481d-441a-5b01-90d0-3c017452c7d1,base
A12IAM6IU41KSU,1,2,target,1,state_follows,state_follows_target,warmer,colder,The soup is on the stove. Ali turns on the stove. The soup gets BLANK.,4a5a4ae7-a8dd-5c92-83bf-3897ab292b2a,base
A19NGUFGC7KIGW,1,2,target,1,state_follows,state_follows_target,warmer,colder,The soup is on the stove. Ali turns on the stove. The soup gets BLANK.,4a5a4ae7-a8dd-5c92-83bf-3897ab292b2a,base
A1CT8CGDUL8U5,1,2,target,1,state_follows,state_follows_target,warmer,colder,The soup is on the stove. Ali turns on the stove. The soup gets BLANK.,4a5a4ae7-a8dd-5c92-83bf-3897ab292b2a,base
A1T0ND039EWAVV,1,2,target,0,state_follows,state_follows_target,warmer,colder,The soup is on the stove. Ali turns on the stove. The soup gets BLANK.,4a5a4ae7-a8dd-5c92-83bf-3897ab292b2a,base
A2583YP0HGTKAG,1,2,target,1,state_follows,state_follows_target,warmer,colder,The soup is on the stove. Ali turns on the stove. The soup gets BLANK.,4a5a4ae7-a8dd-5c92-83bf-3897ab292b2a,base
A25PFSORDO3SWQ,1,2,target,1,state_follows,state_follows_target,warmer,colder,The soup is on the stove. Ali turns on the stove. The soup gets BLANK.,4a5a4ae7-a8dd-5c92-83bf-3897ab292b2a,base
A28G4QO0DRY8OZ,1,2,target,1,state_follows,state_follows_target,warmer,colder,The soup is on the stove. Ali turns on the stove. The soup gets BLANK.,4a5a4ae7-a8dd-5c92-83bf-3897ab292b2a,base
A2EE1ES8TUMNCM,1,2,target,1,state_follows,state_follows_target,warmer,colder,The soup is on the stove. Ali turns on the stove. The soup gets BLANK.,4a5a4ae7-a8dd-5c92-83bf-3897ab292b2a,base
A2FHM2F9QKP0O0,1,2,target,1,state_follows,state_follows_target,warmer,colder,The soup is on the stove. Ali turns on the stove. The soup gets BLANK.,4a5a4ae7-a8dd-5c92-83bf-3897ab292b2a,base
A2OVX9UW5WANQE,1,2,target,1,state_follows,state_follows_target,warmer,colder,The soup is on the stove. Ali turns on the stove. The soup gets BLANK.,4a5a4ae7-a8dd-5c92-83bf-3897ab292b2a,base
A2TDK0LD62WZ8Y,1,2,target,1,state_follows,state_follows_target,warmer,colder,The soup is on the stove. Ali turns on the stove. The soup gets BLANK.,4a5a4ae7-a8dd-5c92-83bf-3897ab292b2a,base
A30J4IZCMCR31F,1,2,target,1,state_follows,state_follows_target,warmer,colder,The soup is on the stove. Ali turns on the stove. The soup gets BLANK.,4a5a4ae7-a8dd-5c92-83bf-3897ab292b2a,base
A3CT8UTPVYUL04,1,2,target,1,state_follows,state_follows_target,warmer,colder,The soup is on the stove. Ali turns on the stove. The soup gets BLANK.,4a5a4ae7-a8dd-5c92-83bf-3897ab292b2a,base
A3N1W4VYI7VXEV,1,2,target,1,state_follows,state_follows_target,warmer,colder,The soup is on the stove. Ali turns on the stove. The soup gets BLANK.,4a5a4ae7-a8dd-5c92-83bf-3897ab292b2a,base
A3R97T5D3RR9JX,1,2,target,0,state_follows,state_follows_target,warmer,colder,The soup is on the stove. Ali turns on the stove. The soup gets BLANK.,4a5a4ae7-a8dd-5c92-83bf-3897ab292b2a,base
AKVQQVJKH11HQ,1,2,target,0,state_follows,state_follows_target,warmer,colder,The soup is on the stove. Ali turns on the stove. The soup gets BLANK.,4a5a4ae7-a8dd-5c92-83bf-3897ab292b2a,base
AMVBT3XDCQBHI,1,2,target,1,state_follows,state_follows_target,warmer,colder,The soup is on the stove. Ali turns on the stove. The soup gets BLANK.,4a5a4ae7-a8dd-5c92-83bf-3897ab292b2a,base
ANX6Q4NMZL8EI,1,2,target,1,state_follows,state_follows_target,warmer,colder,The soup is on the stove. Ali turns on the stove. The soup gets BLANK.,4a5a4ae7-a8dd-5c92-83bf-3897ab292b2a,base
APRZ7BR8C0ZMQ,1,2,target,1,state_follows,state_follows_target,warmer,colder,The soup is on the stove. Ali turns on the stove. The soup gets BLANK.,4a5a4ae7-a8dd-5c92-83bf-3897ab292b2a,base
ARR3UJTM2ZGK4,1,2,target,1,state_follows,state_follows_target,warmer,colder,The soup is on the stove. Ali turns on the stove. The soup gets BLANK.,4a5a4ae7-a8dd-5c92-83bf-3897ab292b2a,base
A12IAM6IU41KSU,1,2,target,1,geocentric_near,geocentric_near_target,South of,West of,The statue is South of Ali. Ali walks East. The statue is BLANK of Ali.,b41b1558-d83e-5607-b398-f85601d40e7e,base
A19NGUFGC7KIGW,1,2,target,1,geocentric_near,geocentric_near_target,South of,West of,The statue is South of Ali. Ali walks East. The statue is BLANK of Ali.,b41b1558-d83e-5607-b398-f85601d40e7e,base
A1CT8CGDUL8U5,1,2,target,0,geocentric_near,geocentric_near_target,South of,West of,The statue is South of Ali. Ali walks East. The statue is BLANK of Ali.,b41b1558-d83e-5607-b398-f85601d40e7e,base
A1T0ND039EWAVV,1,2,target,0,geocentric_near,geocentric_near_target,South of,West of,The statue is South of Ali. Ali walks East. The statue is BLANK of Ali.,b41b1558-d83e-5607-b398-f85601d40e7e,base
A2583YP0HGTKAG,1,2,target,1,geocentric_near,geocentric_near_target,South of,West of,The statue is South of Ali. Ali walks East. The statue is BLANK of Ali.,b41b1558-d83e-5607-b398-f85601d40e7e,base
A25PFSORDO3SWQ,1,2,target,0,geocentric_near,geocentric_near_target,South of,West of,The statue is South of Ali. Ali walks East. The statue is BLANK of Ali.,b41b1558-d83e-5607-b398-f85601d40e7e,base
A28G4QO0DRY8OZ,1,2,target,1,geocentric_near,geocentric_near_target,South of,West of,The statue is South of Ali. Ali walks East. The statue is BLANK of Ali.,b41b1558-d83e-5607-b398-f85601d40e7e,base
A2EE1ES8TUMNCM,1,2,target,1,geocentric_near,geocentric_near_target,South of,West of,The statue is South of Ali. Ali walks East. The statue is BLANK of Ali.,b41b1558-d83e-5607-b398-f85601d40e7e,base
A2FHM2F9QKP0O0,1,2,target,1,geocentric_near,geocentric_near_target,South of,West of,The statue is South of Ali. Ali walks East. The statue is BLANK of Ali.,b41b1558-d83e-5607-b398-f85601d40e7e,base
A2OVX9UW5WANQE,1,2,target,1,geocentric_near,geocentric_near_target,South of,West of,The statue is South of Ali. Ali walks East. The statue is BLANK of Ali.,b41b1558-d83e-5607-b398-f85601d40e7e,base
A2TDK0LD62WZ8Y,1,2,target,1,geocentric_near,geocentric_near_target,South of,West of,The statue is South of Ali. Ali walks East. The statue is BLANK of Ali.,b41b1558-d83e-5607-b398-f85601d40e7e,base
A30J4IZCMCR31F,1,2,target,1,geocentric_near,geocentric_near_target,South of,West of,The statue is South of Ali. Ali walks East. The statue is BLANK of Ali.,b41b1558-d83e-5607-b398-f85601d40e7e,base
A3CT8UTPVYUL04,1,2,target,0,geocentric_near,geocentric_near_target,South of,West of,The statue is South of Ali. Ali walks East. The statue is BLANK of Ali.,b41b1558-d83e-5607-b398-f85601d40e7e,base
A3N1W4VYI7VXEV,1,2,target,0,geocentric_near,geocentric_near_target,South of,West of,The statue is South of Ali. Ali walks East. The statue is BLANK of Ali.,b41b1558-d83e-5607-b398-f85601d40e7e,base
A3R97T5D3RR9JX,1,2,target,0,geocentric_near,geocentric_near_target,South of,West of,The statue is South of Ali. Ali walks East. The statue is BLANK of Ali.,b41b1558-d83e-5607-b398-f85601d40e7e,base
AKVQQVJKH11HQ,1,2,target,1,geocentric_near,geocentric_near_target,South of,West of,The statue is South of Ali. Ali walks East. The statue is BLANK of Ali.,b41b1558-d83e-5607-b398-f85601d40e7e,base
AMVBT3XDCQBHI,1,2,target,1,geocentric_near,geocentric_near_target,South of,West of,The statue is South of Ali. Ali walks East. The statue is BLANK of Ali.,b41b1558-d83e-5607-b398-f85601d40e7e,base
ANX6Q4NMZL8EI,1,2,target,1,geocentric_near,geocentric_near_target,South of,West of,The statue is South of Ali. Ali walks East. The statue is BLANK of Ali.,b41b1558-d83e-5607-b398-f85601d40e7e,base
APRZ7BR8C0ZMQ,1,2,target,1,geocentric_near,geocentric_near_target,South of,West of,The statue is South of Ali. Ali walks East. The statue is BLANK of Ali.,b41b1558-d83e-5607-b398-f85601d40e7e,base
ARR3UJTM2ZGK4,1,2,target,0,geocentric_near,geocentric_near_target,South of,West of,The statue is South of Ali. Ali walks East. The statue is BLANK of Ali.,b41b1558-d83e-5607-b398-f85601d40e7e,base
A12IAM6IU41KSU,1,2,target,1,geocentric_near,geocentric_near_target,West of,North of,The statue is West of Ali. Ali walks South. The statue is BLANK of Ali.,b98ce98d-a5c6-5c6e-92a3-473ae5b1df40,base
A19NGUFGC7KIGW,1,2,target,1,geocentric_near,geocentric_near_target,West of,North of,The statue is West of Ali. Ali walks South. The statue is BLANK of Ali.,b98ce98d-a5c6-5c6e-92a3-473ae5b1df40,base
A1CT8CGDUL8U5,1,2,target,0,geocentric_near,geocentric_near_target,West of,North of,The statue is West of Ali. Ali walks South. The statue is BLANK of Ali.,b98ce98d-a5c6-5c6e-92a3-473ae5b1df40,base
A1T0ND039EWAVV,1,2,target,1,geocentric_near,geocentric_near_target,West of,North of,The statue is West of Ali. Ali walks South. The statue is BLANK of Ali.,b98ce98d-a5c6-5c6e-92a3-473ae5b1df40,base
A2583YP0HGTKAG,1,2,target,1,geocentric_near,geocentric_near_target,West of,North of,The statue is West of Ali. Ali walks South. The statue is BLANK of Ali.,b98ce98d-a5c6-5c6e-92a3-473ae5b1df40,base
A25PFSORDO3SWQ,1,2,target,1,geocentric_near,geocentric_near_target,West of,North of,The statue is West of Ali. Ali walks South. The statue is BLANK of Ali.,b98ce98d-a5c6-5c6e-92a3-473ae5b1df40,base
A28G4QO0DRY8OZ,1,2,target,1,geocentric_near,geocentric_near_target,West of,North of,The statue is West of Ali. Ali walks South. The statue is BLANK of Ali.,b98ce98d-a5c6-5c6e-92a3-473ae5b1df40,base
A2EE1ES8TUMNCM,1,2,target,1,geocentric_near,geocentric_near_target,West of,North of,The statue is West of Ali. Ali walks South. The statue is BLANK of Ali.,b98ce98d-a5c6-5c6e-92a3-473ae5b1df40,base
A2FHM2F9QKP0O0,1,2,target,1,geocentric_near,geocentric_near_target,West of,North of,The statue is West of Ali. Ali walks South. The statue is BLANK of Ali.,b98ce98d-a5c6-5c6e-92a3-473ae5b1df40,base
A2OVX9UW5WANQE,1,2,target,0,geocentric_near,geocentric_near_target,West of,North of,The statue is West of Ali. Ali walks South. The statue is BLANK of Ali.,b98ce98d-a5c6-5c6e-92a3-473ae5b1df40,base
A2TDK0LD62WZ8Y,1,2,target,1,geocentric_near,geocentric_near_target,West of,North of,The statue is West of Ali. Ali walks South. The statue is BLANK of Ali.,b98ce98d-a5c6-5c6e-92a3-473ae5b1df40,base
A30J4IZCMCR31F,1,2,target,1,geocentric_near,geocentric_near_target,West of,North of,The statue is West of Ali. Ali walks South. The statue is BLANK of Ali.,b98ce98d-a5c6-5c6e-92a3-473ae5b1df40,base
A3CT8UTPVYUL04,1,2,target,0,geocentric_near,geocentric_near_target,West of,North of,The statue is West of Ali. Ali walks South. The statue is BLANK of Ali.,b98ce98d-a5c6-5c6e-92a3-473ae5b1df40,base
A3N1W4VYI7VXEV,1,2,target,0,geocentric_near,geocentric_near_target,West of,North of,The statue is West of Ali. Ali walks South. The statue is BLANK of Ali.,b98ce98d-a5c6-5c6e-92a3-473ae5b1df40,base
A3R97T5D3RR9JX,1,2,target,1,geocentric_near,geocentric_near_target,West of,North of,The statue is West of Ali. Ali walks South. The statue is BLANK of Ali.,b98ce98d-a5c6-5c6e-92a3-473ae5b1df40,base
AKVQQVJKH11HQ,1,2,target,1,geocentric_near,geocentric_near_target,West of,North of,The statue is West of Ali. Ali walks South. The statue is BLANK of Ali.,b98ce98d-a5c6-5c6e-92a3-473ae5b1df40,base
AMVBT3XDCQBHI,1,2,target,1,geocentric_near,geocentric_near_target,West of,North of,The statue is West of Ali. Ali walks South. The statue is BLANK of Ali.,b98ce98d-a5c6-5c6e-92a3-473ae5b1df40,base
ANX6Q4NMZL8EI,1,2,target,1,geocentric_near,geocentric_near_target,West of,North of,The statue is West of Ali. Ali walks South. The statue is BLANK of Ali.,b98ce98d-a5c6-5c6e-92a3-473ae5b1df40,base
APRZ7BR8C0ZMQ,1,2,target,0,geocentric_near,geocentric_near_target,West of,North of,The statue is West of Ali. Ali walks South. The statue is BLANK of Ali.,b98ce98d-a5c6-5c6e-92a3-473ae5b1df40,base
ARR3UJTM2ZGK4,1,2,target,0,geocentric_near,geocentric_near_target,West of,North of,The statue is West of Ali. Ali walks South. The statue is BLANK of Ali.,b98ce98d-a5c6-5c6e-92a3-473ae5b1df40,base
A12IAM6IU41KSU,1,2,target,1,state_follows,state_follows_target,burnt,not burnt,The stove is on high heat. Ali puts his hand on the stove. Ali's hand is BLANK.,86ebccfa-9067-578f-a22f-756871158b25,base
A19NGUFGC7KIGW,1,2,target,1,state_follows,state_follows_target,burnt,not burnt,The stove is on high heat. Ali puts his hand on the stove. Ali's hand is BLANK.,86ebccfa-9067-578f-a22f-756871158b25,base
A1CT8CGDUL8U5,1,2,target,1,state_follows,state_follows_target,burnt,not burnt,The stove is on high heat. Ali puts his hand on the stove. Ali's hand is BLANK.,86ebccfa-9067-578f-a22f-756871158b25,base
A1T0ND039EWAVV,1,2,target,1,state_follows,state_follows_target,burnt,not burnt,The stove is on high heat. Ali puts his hand on the stove. Ali's hand is BLANK.,86ebccfa-9067-578f-a22f-756871158b25,base
A2583YP0HGTKAG,1,2,target,1,state_follows,state_follows_target,burnt,not burnt,The stove is on high heat. Ali puts his hand on the stove. Ali's hand is BLANK.,86ebccfa-9067-578f-a22f-756871158b25,base
A25PFSORDO3SWQ,1,2,target,1,state_follows,state_follows_target,burnt,not burnt,The stove is on high heat. Ali puts his hand on the stove. Ali's hand is BLANK.,86ebccfa-9067-578f-a22f-756871158b25,base
A28G4QO0DRY8OZ,1,2,target,1,state_follows,state_follows_target,burnt,not burnt,The stove is on high heat. Ali puts his hand on the stove. Ali's hand is BLANK.,86ebccfa-9067-578f-a22f-756871158b25,base
A2EE1ES8TUMNCM,1,2,target,1,state_follows,state_follows_target,burnt,not burnt,The stove is on high heat. Ali puts his hand on the stove. Ali's hand is BLANK.,86ebccfa-9067-578f-a22f-756871158b25,base
A2FHM2F9QKP0O0,1,2,target,1,state_follows,state_follows_target,burnt,not burnt,The stove is on high heat. Ali puts his hand on the stove. Ali's hand is BLANK.,86ebccfa-9067-578f-a22f-756871158b25,base
A2OVX9UW5WANQE,1,2,target,1,state_follows,state_follows_target,burnt,not burnt,The stove is on high heat. Ali puts his hand on the stove. Ali's hand is BLANK.,86ebccfa-9067-578f-a22f-756871158b25,base
A2TDK0LD62WZ8Y,1,2,target,1,state_follows,state_follows_target,burnt,not burnt,The stove is on high heat. Ali puts his hand on the stove. Ali's hand is BLANK.,86ebccfa-9067-578f-a22f-756871158b25,base
A30J4IZCMCR31F,1,2,target,1,state_follows,state_follows_target,burnt,not burnt,The stove is on high heat. Ali puts his hand on the stove. Ali's hand is BLANK.,86ebccfa-9067-578f-a22f-756871158b25,base
A3CT8UTPVYUL04,1,2,target,1,state_follows,state_follows_target,burnt,not burnt,The stove is on high heat. Ali puts his hand on the stove. Ali's hand is BLANK.,86ebccfa-9067-578f-a22f-756871158b25,base
A3N1W4VYI7VXEV,1,2,target,1,state_follows,state_follows_target,burnt,not burnt,The stove is on high heat. Ali puts his hand on the stove. Ali's hand is BLANK.,86ebccfa-9067-578f-a22f-756871158b25,base
A3R97T5D3RR9JX,1,2,target,1,state_follows,state_follows_target,burnt,not burnt,The stove is on high heat. Ali puts his hand on the stove. Ali's hand is BLANK.,86ebccfa-9067-578f-a22f-756871158b25,base
AKVQQVJKH11HQ,1,2,target,1,state_follows,state_follows_target,burnt,not burnt,The stove is on high heat. Ali puts his hand on the stove. Ali's hand is BLANK.,86ebccfa-9067-578f-a22f-756871158b25,base
AMVBT3XDCQBHI,1,2,target,1,state_follows,state_follows_target,burnt,not burnt,The stove is on high heat. Ali puts his hand on the stove. Ali's hand is BLANK.,86ebccfa-9067-578f-a22f-756871158b25,base
ANX6Q4NMZL8EI,1,2,target,1,state_follows,state_follows_target,burnt,not burnt,The stove is on high heat. Ali puts his hand on the stove. Ali's hand is BLANK.,86ebccfa-9067-578f-a22f-756871158b25,base
APRZ7BR8C0ZMQ,1,2,target,1,state_follows,state_follows_target,burnt,not burnt,The stove is on high heat. Ali puts his hand on the stove. Ali's hand is BLANK.,86ebccfa-9067-578f-a22f-756871158b25,base
ARR3UJTM2ZGK4,1,2,target,1,state_follows,state_follows_target,burnt,not burnt,The stove is on high heat. Ali puts his hand on the stove. Ali's hand is BLANK.,86ebccfa-9067-578f-a22f-756871158b25,base
A12IAM6IU41KSU,1,2,target,1,action_follows,action_follows_target,rolls,stays still,The wagon is on top of the hill. Ali pushes the wagon. The wagon BLANK.,98b18bdc-c4cb-5ae9-b72f-3ff80112fb70,base
A19NGUFGC7KIGW,1,2,target,1,action_follows,action_follows_target,rolls,stays still,The wagon is on top of the hill. Ali pushes the wagon. The wagon BLANK.,98b18bdc-c4cb-5ae9-b72f-3ff80112fb70,base
A1CT8CGDUL8U5,1,2,target,1,action_follows,action_follows_target,rolls,stays still,The wagon is on top of the hill. Ali pushes the wagon. The wagon BLANK.,98b18bdc-c4cb-5ae9-b72f-3ff80112fb70,base
A1T0ND039EWAVV,1,2,target,1,action_follows,action_follows_target,rolls,stays still,The wagon is on top of the hill. Ali pushes the wagon. The wagon BLANK.,98b18bdc-c4cb-5ae9-b72f-3ff80112fb70,base
A2583YP0HGTKAG,1,2,target,1,action_follows,action_follows_target,rolls,stays still,The wagon is on top of the hill. Ali pushes the wagon. The wagon BLANK.,98b18bdc-c4cb-5ae9-b72f-3ff80112fb70,base
A25PFSORDO3SWQ,1,2,target,1,action_follows,action_follows_target,rolls,stays still,The wagon is on top of the hill. Ali pushes the wagon. The wagon BLANK.,98b18bdc-c4cb-5ae9-b72f-3ff80112fb70,base
A28G4QO0DRY8OZ,1,2,target,1,action_follows,action_follows_target,rolls,stays still,The wagon is on top of the hill. Ali pushes the wagon. The wagon BLANK.,98b18bdc-c4cb-5ae9-b72f-3ff80112fb70,base
A2EE1ES8TUMNCM,1,2,target,1,action_follows,action_follows_target,rolls,stays still,The wagon is on top of the hill. Ali pushes the wagon. The wagon BLANK.,98b18bdc-c4cb-5ae9-b72f-3ff80112fb70,base
A2FHM2F9QKP0O0,1,2,target,1,action_follows,action_follows_target,rolls,stays still,The wagon is on top of the hill. Ali pushes the wagon. The wagon BLANK.,98b18bdc-c4cb-5ae9-b72f-3ff80112fb70,base
A2OVX9UW5WANQE,1,2,target,1,action_follows,action_follows_target,rolls,stays still,The wagon is on top of the hill. Ali pushes the wagon. The wagon BLANK.,98b18bdc-c4cb-5ae9-b72f-3ff80112fb70,base
A2TDK0LD62WZ8Y,1,2,target,1,action_follows,action_follows_target,rolls,stays still,The wagon is on top of the hill. Ali pushes the wagon. The wagon BLANK.,98b18bdc-c4cb-5ae9-b72f-3ff80112fb70,base
A30J4IZCMCR31F,1,2,target,1,action_follows,action_follows_target,rolls,stays still,The wagon is on top of the hill. Ali pushes the wagon. The wagon BLANK.,98b18bdc-c4cb-5ae9-b72f-3ff80112fb70,base
A3CT8UTPVYUL04,1,2,target,1,action_follows,action_follows_target,rolls,stays still,The wagon is on top of the hill. Ali pushes the wagon. The wagon BLANK.,98b18bdc-c4cb-5ae9-b72f-3ff80112fb70,base
A3N1W4VYI7VXEV,1,2,target,1,action_follows,action_follows_target,rolls,stays still,The wagon is on top of the hill. Ali pushes the wagon. The wagon BLANK.,98b18bdc-c4cb-5ae9-b72f-3ff80112fb70,base
A3R97T5D3RR9JX,1,2,target,1,action_follows,action_follows_target,rolls,stays still,The wagon is on top of the hill. Ali pushes the wagon. The wagon BLANK.,98b18bdc-c4cb-5ae9-b72f-3ff80112fb70,base
AKVQQVJKH11HQ,1,2,target,0,action_follows,action_follows_target,rolls,stays still,The wagon is on top of the hill. Ali pushes the wagon. The wagon BLANK.,98b18bdc-c4cb-5ae9-b72f-3ff80112fb70,base
AMVBT3XDCQBHI,1,2,target,1,action_follows,action_follows_target,rolls,stays still,The wagon is on top of the hill. Ali pushes the wagon. The wagon BLANK.,98b18bdc-c4cb-5ae9-b72f-3ff80112fb70,base
ANX6Q4NMZL8EI,1,2,target,1,action_follows,action_follows_target,rolls,stays still,The wagon is on top of the hill. Ali pushes the wagon. The wagon BLANK.,98b18bdc-c4cb-5ae9-b72f-3ff80112fb70,base
APRZ7BR8C0ZMQ,1,2,target,1,action_follows,action_follows_target,rolls,stays still,The wagon is on top of the hill. Ali pushes the wagon. The wagon BLANK.,98b18bdc-c4cb-5ae9-b72f-3ff80112fb70,base
ARR3UJTM2ZGK4,1,2,target,1,action_follows,action_follows_target,rolls,stays still,The wagon is on top of the hill. Ali pushes the wagon. The wagon BLANK.,98b18bdc-c4cb-5ae9-b72f-3ff80112fb70,base
A12IAM6IU41KSU,1,2,target,1,state_follows,state_follows_target,freezes,doesn't freeze,The water is in the bucket. Ali puts the bucket in the freezer. The water BLANK.,62c31d47-664a-5796-ae69-a758863859ae,base
A19NGUFGC7KIGW,1,2,target,1,state_follows,state_follows_target,freezes,doesn't freeze,The water is in the bucket. Ali puts the bucket in the freezer. The water BLANK.,62c31d47-664a-5796-ae69-a758863859ae,base
A1CT8CGDUL8U5,1,2,target,1,state_follows,state_follows_target,freezes,doesn't freeze,The water is in the bucket. Ali puts the bucket in the freezer. The water BLANK.,62c31d47-664a-5796-ae69-a758863859ae,base
A1T0ND039EWAVV,1,2,target,1,state_follows,state_follows_target,freezes,doesn't freeze,The water is in the bucket. Ali puts the bucket in the freezer. The water BLANK.,62c31d47-664a-5796-ae69-a758863859ae,base
A2583YP0HGTKAG,1,2,target,1,state_follows,state_follows_target,freezes,doesn't freeze,The water is in the bucket. Ali puts the bucket in the freezer. The water BLANK.,62c31d47-664a-5796-ae69-a758863859ae,base
A25PFSORDO3SWQ,1,2,target,1,state_follows,state_follows_target,freezes,doesn't freeze,The water is in the bucket. Ali puts the bucket in the freezer. The water BLANK.,62c31d47-664a-5796-ae69-a758863859ae,base
A28G4QO0DRY8OZ,1,2,target,1,state_follows,state_follows_target,freezes,doesn't freeze,The water is in the bucket. Ali puts the bucket in the freezer. The water BLANK.,62c31d47-664a-5796-ae69-a758863859ae,base
A2EE1ES8TUMNCM,1,2,target,1,state_follows,state_follows_target,freezes,doesn't freeze,The water is in the bucket. Ali puts the bucket in the freezer. The water BLANK.,62c31d47-664a-5796-ae69-a758863859ae,base
A2FHM2F9QKP0O0,1,2,target,1,state_follows,state_follows_target,freezes,doesn't freeze,The water is in the bucket. Ali puts the bucket in the freezer. The water BLANK.,62c31d47-664a-5796-ae69-a758863859ae,base
A2OVX9UW5WANQE,1,2,target,1,state_follows,state_follows_target,freezes,doesn't freeze,The water is in the bucket. Ali puts the bucket in the freezer. The water BLANK.,62c31d47-664a-5796-ae69-a758863859ae,base
A2TDK0LD62WZ8Y,1,2,target,1,state_follows,state_follows_target,freezes,doesn't freeze,The water is in the bucket. Ali puts the bucket in the freezer. The water BLANK.,62c31d47-664a-5796-ae69-a758863859ae,base
A30J4IZCMCR31F,1,2,target,1,state_follows,state_follows_target,freezes,doesn't freeze,The water is in the bucket. Ali puts the bucket in the freezer. The water BLANK.,62c31d47-664a-5796-ae69-a758863859ae,base
A3CT8UTPVYUL04,1,2,target,1,state_follows,state_follows_target,freezes,doesn't freeze,The water is in the bucket. Ali puts the bucket in the freezer. The water BLANK.,62c31d47-664a-5796-ae69-a758863859ae,base
A3N1W4VYI7VXEV,1,2,target,1,state_follows,state_follows_target,freezes,doesn't freeze,The water is in the bucket. Ali puts the bucket in the freezer. The water BLANK.,62c31d47-664a-5796-ae69-a758863859ae,base
A3R97T5D3RR9JX,1,2,target,1,state_follows,state_follows_target,freezes,doesn't freeze,The water is in the bucket. Ali puts the bucket in the freezer. The water BLANK.,62c31d47-664a-5796-ae69-a758863859ae,base
AKVQQVJKH11HQ,1,2,target,1,state_follows,state_follows_target,freezes,doesn't freeze,The water is in the bucket. Ali puts the bucket in the freezer. The water BLANK.,62c31d47-664a-5796-ae69-a758863859ae,base
AMVBT3XDCQBHI,1,2,target,1,state_follows,state_follows_target,freezes,doesn't freeze,The water is in the bucket. Ali puts the bucket in the freezer. The water BLANK.,62c31d47-664a-5796-ae69-a758863859ae,base
ANX6Q4NMZL8EI,1,2,target,1,state_follows,state_follows_target,freezes,doesn't freeze,The water is in the bucket. Ali puts the bucket in the freezer. The water BLANK.,62c31d47-664a-5796-ae69-a758863859ae,base
APRZ7BR8C0ZMQ,1,2,target,1,state_follows,state_follows_target,freezes,doesn't freeze,The water is in the bucket. Ali puts the bucket in the freezer. The water BLANK.,62c31d47-664a-5796-ae69-a758863859ae,base
ARR3UJTM2ZGK4,1,2,target,1,state_follows,state_follows_target,freezes,doesn't freeze,The water is in the bucket. Ali puts the bucket in the freezer. The water BLANK.,62c31d47-664a-5796-ae69-a758863859ae,base
A12IAM6IU41KSU,1,2,target,0,action_nonfollows,action_nonfollows_target,doesn't spill,spills,The wine glass is on the table. Ali bumps the lamp. The wine BLANK.,44cb7648-b29b-5b98-992e-d7e249daa6b6,base
A19NGUFGC7KIGW,1,2,target,0,action_nonfollows,action_nonfollows_target,doesn't spill,spills,The wine glass is on the table. Ali bumps the lamp. The wine BLANK.,44cb7648-b29b-5b98-992e-d7e249daa6b6,base
A1CT8CGDUL8U5,1,2,target,1,action_nonfollows,action_nonfollows_target,doesn't spill,spills,The wine glass is on the table. Ali bumps the lamp. The wine BLANK.,44cb7648-b29b-5b98-992e-d7e249daa6b6,base
A1T0ND039EWAVV,1,2,target,0,action_nonfollows,action_nonfollows_target,doesn't spill,spills,The wine glass is on the table. Ali bumps the lamp. The wine BLANK.,44cb7648-b29b-5b98-992e-d7e249daa6b6,base
A2583YP0HGTKAG,1,2,target,0,action_nonfollows,action_nonfollows_target,doesn't spill,spills,The wine glass is on the table. Ali bumps the lamp. The wine BLANK.,44cb7648-b29b-5b98-992e-d7e249daa6b6,base
A25PFSORDO3SWQ,1,2,target,1,action_nonfollows,action_nonfollows_target,doesn't spill,spills,The wine glass is on the table. Ali bumps the lamp. The wine BLANK.,44cb7648-b29b-5b98-992e-d7e249daa6b6,base
A28G4QO0DRY8OZ,1,2,target,1,action_nonfollows,action_nonfollows_target,doesn't spill,spills,The wine glass is on the table. Ali bumps the lamp. The wine BLANK.,44cb7648-b29b-5b98-992e-d7e249daa6b6,base
A2EE1ES8TUMNCM,1,2,target,1,action_nonfollows,action_nonfollows_target,doesn't spill,spills,The wine glass is on the table. Ali bumps the lamp. The wine BLANK.,44cb7648-b29b-5b98-992e-d7e249daa6b6,base
A2FHM2F9QKP0O0,1,2,target,1,action_nonfollows,action_nonfollows_target,doesn't spill,spills,The wine glass is on the table. Ali bumps the lamp. The wine BLANK.,44cb7648-b29b-5b98-992e-d7e249daa6b6,base
A2OVX9UW5WANQE,1,2,target,0,action_nonfollows,action_nonfollows_target,doesn't spill,spills,The wine glass is on the table. Ali bumps the lamp. The wine BLANK.,44cb7648-b29b-5b98-992e-d7e249daa6b6,base
A2TDK0LD62WZ8Y,1,2,target,1,action_nonfollows,action_nonfollows_target,doesn't spill,spills,The wine glass is on the table. Ali bumps the lamp. The wine BLANK.,44cb7648-b29b-5b98-992e-d7e249daa6b6,base
A30J4IZCMCR31F,1,2,target,1,action_nonfollows,action_nonfollows_target,doesn't spill,spills,The wine glass is on the table. Ali bumps the lamp. The wine BLANK.,44cb7648-b29b-5b98-992e-d7e249daa6b6,base
A3CT8UTPVYUL04,1,2,target,0,action_nonfollows,action_nonfollows_target,doesn't spill,spills,The wine glass is on the table. Ali bumps the lamp. The wine BLANK.,44cb7648-b29b-5b98-992e-d7e249daa6b6,base
A3N1W4VYI7VXEV,1,2,target,0,action_nonfollows,action_nonfollows_target,doesn't spill,spills,The wine glass is on the table. Ali bumps the lamp. The wine BLANK.,44cb7648-b29b-5b98-992e-d7e249daa6b6,base
A3R97T5D3RR9JX,1,2,target,1,action_nonfollows,action_nonfollows_target,doesn't spill,spills,The wine glass is on the table. Ali bumps the lamp. The wine BLANK.,44cb7648-b29b-5b98-992e-d7e249daa6b6,base
AKVQQVJKH11HQ,1,2,target,1,action_nonfollows,action_nonfollows_target,doesn't spill,spills,The wine glass is on the table. Ali bumps the lamp. The wine BLANK.,44cb7648-b29b-5b98-992e-d7e249daa6b6,base
AMVBT3XDCQBHI,1,2,target,1,action_nonfollows,action_nonfollows_target,doesn't spill,spills,The wine glass is on the table. Ali bumps the lamp. The wine BLANK.,44cb7648-b29b-5b98-992e-d7e249daa6b6,base
ANX6Q4NMZL8EI,1,2,target,1,action_nonfollows,action_nonfollows_target,doesn't spill,spills,The wine glass is on the table. Ali bumps the lamp. The wine BLANK.,44cb7648-b29b-5b98-992e-d7e249daa6b6,base
APRZ7BR8C0ZMQ,1,2,target,1,action_nonfollows,action_nonfollows_target,doesn't spill,spills,The wine glass is on the table. Ali bumps the lamp. The wine BLANK.,44cb7648-b29b-5b98-992e-d7e249daa6b6,base
ARR3UJTM2ZGK4,1,2,target,1,action_nonfollows,action_nonfollows_target,doesn't spill,spills,The wine glass is on the table. Ali bumps the lamp. The wine BLANK.,44cb7648-b29b-5b98-992e-d7e249daa6b6,base
A12J4IRF5Z06BT,1,5,context,1,geocentric_distant,geocentric_distant_context,South,North,Ali is BLANK of Milwaukee. Ali walks North. Ali is getting closer to Milwaukee.,10ca4a05-1305-559c-8e2c-dfbf1794f86d,base
A19YRUF7K6FY78,1,5,context,0,geocentric_distant,geocentric_distant_context,South,North,Ali is BLANK of Milwaukee. Ali walks North. Ali is getting closer to Milwaukee.,10ca4a05-1305-559c-8e2c-dfbf1794f86d,base
A1B1SWNEKFBTPM,1,5,context,0,geocentric_distant,geocentric_distant_context,South,North,Ali is BLANK of Milwaukee. Ali walks North. Ali is getting closer to Milwaukee.,10ca4a05-1305-559c-8e2c-dfbf1794f86d,base
A1HGOFQI8TQCWB,1,5,context,0,geocentric_distant,geocentric_distant_context,South,North,Ali is BLANK of Milwaukee. Ali walks North. Ali is getting closer to Milwaukee.,10ca4a05-1305-559c-8e2c-dfbf1794f86d,base
A1LA6CIGBNDOH9,1,5,context,1,geocentric_distant,geocentric_distant_context,South,North,Ali is BLANK of Milwaukee. Ali walks North. Ali is getting closer to Milwaukee.,10ca4a05-1305-559c-8e2c-dfbf1794f86d,base
A1ROEDVMTO9Y3X,1,5,context,1,geocentric_distant,geocentric_distant_context,South,North,Ali is BLANK of Milwaukee. Ali walks North. Ali is getting closer to Milwaukee.,10ca4a05-1305-559c-8e2c-dfbf1794f86d,base
A214V7ZRX7LEWZ,1,5,context,0,geocentric_distant,geocentric_distant_context,South,North,Ali is BLANK of Milwaukee. Ali walks North. Ali is getting closer to Milwaukee.,10ca4a05-1305-559c-8e2c-dfbf1794f86d,base
A2616JPJO73667,1,5,context,1,geocentric_distant,geocentric_distant_context,South,North,Ali is BLANK of Milwaukee. Ali walks North. Ali is getting closer to Milwaukee.,10ca4a05-1305-559c-8e2c-dfbf1794f86d,base
A27EV0216FCLJW,1,5,context,1,geocentric_distant,geocentric_distant_context,South,North,Ali is BLANK of Milwaukee. Ali walks North. Ali is getting closer to Milwaukee.,10ca4a05-1305-559c-8e2c-dfbf1794f86d,base
A2NMAOYBBJTO0R,1,5,context,1,geocentric_distant,geocentric_distant_context,South,North,Ali is BLANK of Milwaukee. Ali walks North. Ali is getting closer to Milwaukee.,10ca4a05-1305-559c-8e2c-dfbf1794f86d,base
A2RCYLKY072XXO,1,5,context,1,geocentric_distant,geocentric_distant_context,South,North,Ali is BLANK of Milwaukee. Ali walks North. Ali is getting closer to Milwaukee.,10ca4a05-1305-559c-8e2c-dfbf1794f86d,base
A2TR30V5KYFFSI,1,5,context,1,geocentric_distant,geocentric_distant_context,South,North,Ali is BLANK of Milwaukee. Ali walks North. Ali is getting closer to Milwaukee.,10ca4a05-1305-559c-8e2c-dfbf1794f86d,base
A30BPQ2QGZOXN8,1,5,context,0,geocentric_distant,geocentric_distant_context,South,North,Ali is BLANK of Milwaukee. Ali walks North. Ali is getting closer to Milwaukee.,10ca4a05-1305-559c-8e2c-dfbf1794f86d,base
A3493E42N1JZVF,1,5,context,1,geocentric_distant,geocentric_distant_context,South,North,Ali is BLANK of Milwaukee. Ali walks North. Ali is getting closer to Milwaukee.,10ca4a05-1305-559c-8e2c-dfbf1794f86d,base
A39KJNWAFOD7N1,1,5,context,0,geocentric_distant,geocentric_distant_context,South,North,Ali is BLANK of Milwaukee. Ali walks North. Ali is getting closer to Milwaukee.,10ca4a05-1305-559c-8e2c-dfbf1794f86d,base
A3G7QQTQIKYI2O,1,5,context,1,geocentric_distant,geocentric_distant_context,South,North,Ali is BLANK of Milwaukee. Ali walks North. Ali is getting closer to Milwaukee.,10ca4a05-1305-559c-8e2c-dfbf1794f86d,base
A3GWRDHAURRNK6,1,5,context,1,geocentric_distant,geocentric_distant_context,South,North,Ali is BLANK of Milwaukee. Ali walks North. Ali is getting closer to Milwaukee.,10ca4a05-1305-559c-8e2c-dfbf1794f86d,base
A3JQVSZWD3QLO6,1,5,context,0,geocentric_distant,geocentric_distant_context,South,North,Ali is BLANK of Milwaukee. Ali walks North. Ali is getting closer to Milwaukee.,10ca4a05-1305-559c-8e2c-dfbf1794f86d,base
A6KOTWP7N7RLU,1,5,context,1,geocentric_distant,geocentric_distant_context,South,North,Ali is BLANK of Milwaukee. Ali walks North. Ali is getting closer to Milwaukee.,10ca4a05-1305-559c-8e2c-dfbf1794f86d,base
A7KJBEXITHVAS,1,5,context,1,geocentric_distant,geocentric_distant_context,South,North,Ali is BLANK of Milwaukee. Ali walks North. Ali is getting closer to Milwaukee.,10ca4a05-1305-559c-8e2c-dfbf1794f86d,base
AV9M7394RRARU,1,5,context,1,geocentric_distant,geocentric_distant_context,South,North,Ali is BLANK of Milwaukee. Ali walks North. Ali is getting closer to Milwaukee.,10ca4a05-1305-559c-8e2c-dfbf1794f86d,base
A12J4IRF5Z06BT,1,5,context,0,egocentric_near,egocentric_near_context,right of,left of,Ali is BLANK the painting. Ali turns around. Ali is right of the painting.,dddb2cfa-31e1-5083-8686-43d95ab369ea,base
A19YRUF7K6FY78,1,5,context,1,egocentric_near,egocentric_near_context,right of,left of,Ali is BLANK the painting. Ali turns around. Ali is right of the painting.,dddb2cfa-31e1-5083-8686-43d95ab369ea,base
A1B1SWNEKFBTPM,1,5,context,0,egocentric_near,egocentric_near_context,right of,left of,Ali is BLANK the painting. Ali turns around. Ali is right of the painting.,dddb2cfa-31e1-5083-8686-43d95ab369ea,base
A1HGOFQI8TQCWB,1,5,context,0,egocentric_near,egocentric_near_context,right of,left of,Ali is BLANK the painting. Ali turns around. Ali is right of the painting.,dddb2cfa-31e1-5083-8686-43d95ab369ea,base
A1LA6CIGBNDOH9,1,5,context,1,egocentric_near,egocentric_near_context,right of,left of,Ali is BLANK the painting. Ali turns around. Ali is right of the painting.,dddb2cfa-31e1-5083-8686-43d95ab369ea,base
A1ROEDVMTO9Y3X,1,5,context,0,egocentric_near,egocentric_near_context,right of,left of,Ali is BLANK the painting. Ali turns around. Ali is right of the painting.,dddb2cfa-31e1-5083-8686-43d95ab369ea,base
A214V7ZRX7LEWZ,1,5,context,0,egocentric_near,egocentric_near_context,right of,left of,Ali is BLANK the painting. Ali turns around. Ali is right of the painting.,dddb2cfa-31e1-5083-8686-43d95ab369ea,base
A2616JPJO73667,1,5,context,0,egocentric_near,egocentric_near_context,right of,left of,Ali is BLANK the painting. Ali turns around. Ali is right of the painting.,dddb2cfa-31e1-5083-8686-43d95ab369ea,base
A27EV0216FCLJW,1,5,context,0,egocentric_near,egocentric_near_context,right of,left of,Ali is BLANK the painting. Ali turns around. Ali is right of the painting.,dddb2cfa-31e1-5083-8686-43d95ab369ea,base
A2NMAOYBBJTO0R,1,5,context,0,egocentric_near,egocentric_near_context,right of,left of,Ali is BLANK the painting. Ali turns around. Ali is right of the painting.,dddb2cfa-31e1-5083-8686-43d95ab369ea,base
A2RCYLKY072XXO,1,5,context,1,egocentric_near,egocentric_near_context,right of,left of,Ali is BLANK the painting. Ali turns around. Ali is right of the painting.,dddb2cfa-31e1-5083-8686-43d95ab369ea,base
A2TR30V5KYFFSI,1,5,context,1,egocentric_near,egocentric_near_context,right of,left of,Ali is BLANK the painting. Ali turns around. Ali is right of the painting.,dddb2cfa-31e1-5083-8686-43d95ab369ea,base
A30BPQ2QGZOXN8,1,5,context,0,egocentric_near,egocentric_near_context,right of,left of,Ali is BLANK the painting. Ali turns around. Ali is right of the painting.,dddb2cfa-31e1-5083-8686-43d95ab369ea,base
A3493E42N1JZVF,1,5,context,0,egocentric_near,egocentric_near_context,right of,left of,Ali is BLANK the painting. Ali turns around. Ali is right of the painting.,dddb2cfa-31e1-5083-8686-43d95ab369ea,base
A39KJNWAFOD7N1,1,5,context,1,egocentric_near,egocentric_near_context,right of,left of,Ali is BLANK the painting. Ali turns around. Ali is right of the painting.,dddb2cfa-31e1-5083-8686-43d95ab369ea,base
A3G7QQTQIKYI2O,1,5,context,1,egocentric_near,egocentric_near_context,right of,left of,Ali is BLANK the painting. Ali turns around. Ali is right of the painting.,dddb2cfa-31e1-5083-8686-43d95ab369ea,base
A3GWRDHAURRNK6,1,5,context,0,egocentric_near,egocentric_near_context,right of,left of,Ali is BLANK the painting. Ali turns around. Ali is right of the painting.,dddb2cfa-31e1-5083-8686-43d95ab369ea,base
A3JQVSZWD3QLO6,1,5,context,1,egocentric_near,egocentric_near_context,right of,left of,Ali is BLANK the painting. Ali turns around. Ali is right of the painting.,dddb2cfa-31e1-5083-8686-43d95ab369ea,base
A6KOTWP7N7RLU,1,5,context,0,egocentric_near,egocentric_near_context,right of,left of,Ali is BLANK the painting. Ali turns around. Ali is right of the painting.,dddb2cfa-31e1-5083-8686-43d95ab369ea,base
A7KJBEXITHVAS,1,5,context,0,egocentric_near,egocentric_near_context,right of,left of,Ali is BLANK the painting. Ali turns around. Ali is right of the painting.,dddb2cfa-31e1-5083-8686-43d95ab369ea,base
AV9M7394RRARU,1,5,context,1,egocentric_near,egocentric_near_context,right of,left of,Ali is BLANK the painting. Ali turns around. Ali is right of the painting.,dddb2cfa-31e1-5083-8686-43d95ab369ea,base
A12J4IRF5Z06BT,1,5,context,1,action_follows,action_follows_context,in front of,behind,Ali is BLANK the wagon. Ali pulls on the wagon. The wagon moves.,bf03a4f6-7f78-5d3b-935b-023b8abf081d,base
A19YRUF7K6FY78,1,5,context,0,action_follows,action_follows_context,in front of,behind,Ali is BLANK the wagon. Ali pulls on the wagon. The wagon moves.,bf03a4f6-7f78-5d3b-935b-023b8abf081d,base
A1B1SWNEKFBTPM,1,5,context,0,action_follows,action_follows_context,in front of,behind,Ali is BLANK the wagon. Ali pulls on the wagon. The wagon moves.,bf03a4f6-7f78-5d3b-935b-023b8abf081d,base
A1HGOFQI8TQCWB,1,5,context,1,action_follows,action_follows_context,in front of,behind,Ali is BLANK the wagon. Ali pulls on the wagon. The wagon moves.,bf03a4f6-7f78-5d3b-935b-023b8abf081d,base
A1LA6CIGBNDOH9,1,5,context,1,action_follows,action_follows_context,in front of,behind,Ali is BLANK the wagon. Ali pulls on the wagon. The wagon moves.,bf03a4f6-7f78-5d3b-935b-023b8abf081d,base
A1ROEDVMTO9Y3X,1,5,context,1,action_follows,action_follows_context,in front of,behind,Ali is BLANK the wagon. Ali pulls on the wagon. The wagon moves.,bf03a4f6-7f78-5d3b-935b-023b8abf081d,base
A214V7ZRX7LEWZ,1,5,context,0,action_follows,action_follows_context,in front of,behind,Ali is BLANK the wagon. Ali pulls on the wagon. The wagon moves.,bf03a4f6-7f78-5d3b-935b-023b8abf081d,base
A2616JPJO73667,1,5,context,1,action_follows,action_follows_context,in front of,behind,Ali is BLANK the wagon. Ali pulls on the wagon. The wagon moves.,bf03a4f6-7f78-5d3b-935b-023b8abf081d,base
A27EV0216FCLJW,1,5,context,1,action_follows,action_follows_context,in front of,behind,Ali is BLANK the wagon. Ali pulls on the wagon. The wagon moves.,bf03a4f6-7f78-5d3b-935b-023b8abf081d,base
A2NMAOYBBJTO0R,1,5,context,1,action_follows,action_follows_context,in front of,behind,Ali is BLANK the wagon. Ali pulls on the wagon. The wagon moves.,bf03a4f6-7f78-5d3b-935b-023b8abf081d,base
A2RCYLKY072XXO,1,5,context,1,action_follows,action_follows_context,in front of,behind,Ali is BLANK the wagon. Ali pulls on the wagon. The wagon moves.,bf03a4f6-7f78-5d3b-935b-023b8abf081d,base
A2TR30V5KYFFSI,1,5,context,0,action_follows,action_follows_context,in front of,behind,Ali is BLANK the wagon. Ali pulls on the wagon. The wagon moves.,bf03a4f6-7f78-5d3b-935b-023b8abf081d,base
A30BPQ2QGZOXN8,1,5,context,1,action_follows,action_follows_context,in front of,behind,Ali is BLANK the wagon. Ali pulls on the wagon. The wagon moves.,bf03a4f6-7f78-5d3b-935b-023b8abf081d,base
A3493E42N1JZVF,1,5,context,1,action_follows,action_follows_context,in front of,behind,Ali is BLANK the wagon. Ali pulls on the wagon. The wagon moves.,bf03a4f6-7f78-5d3b-935b-023b8abf081d,base
A39KJNWAFOD7N1,1,5,context,1,action_follows,action_follows_context,in front of,behind,Ali is BLANK the wagon. Ali pulls on the wagon. The wagon moves.,bf03a4f6-7f78-5d3b-935b-023b8abf081d,base
A3G7QQTQIKYI2O,1,5,context,0,action_follows,action_follows_context,in front of,behind,Ali is BLANK the wagon. Ali pulls on the wagon. The wagon moves.,bf03a4f6-7f78-5d3b-935b-023b8abf081d,base
A3GWRDHAURRNK6,1,5,context,1,action_follows,action_follows_context,in front of,behind,Ali is BLANK the wagon. Ali pulls on the wagon. The wagon moves.,bf03a4f6-7f78-5d3b-935b-023b8abf081d,base
A3JQVSZWD3QLO6,1,5,context,1,action_follows,action_follows_context,in front of,behind,Ali is BLANK the wagon. Ali pulls on the wagon. The wagon moves.,bf03a4f6-7f78-5d3b-935b-023b8abf081d,base
A6KOTWP7N7RLU,1,5,context,1,action_follows,action_follows_context,in front of,behind,Ali is BLANK the wagon. Ali pulls on the wagon. The wagon moves.,bf03a4f6-7f78-5d3b-935b-023b8abf081d,base
A7KJBEXITHVAS,1,5,context,0,action_follows,action_follows_context,in front of,behind,Ali is BLANK the wagon. Ali pulls on the wagon. The wagon moves.,bf03a4f6-7f78-5d3b-935b-023b8abf081d,base
AV9M7394RRARU,1,5,context,1,action_follows,action_follows_context,in front of,behind,Ali is BLANK the wagon. Ali pulls on the wagon. The wagon moves.,bf03a4f6-7f78-5d3b-935b-023b8abf081d,base
A12J4IRF5Z06BT,1,5,context,1,action_nonfollows,action_nonfollows_context,in,outside,Ali is BLANK the wagon. Ali pushes on the wagon. The wagon doesn't move.,313607e6-5da0-5cda-9e5c-816f8b002988,base
A19YRUF7K6FY78,1,5,context,0,action_nonfollows,action_nonfollows_context,in,outside,Ali is BLANK the wagon. Ali pushes on the wagon. The wagon doesn't move.,313607e6-5da0-5cda-9e5c-816f8b002988,base
A1B1SWNEKFBTPM,1,5,context,1,action_nonfollows,action_nonfollows_context,in,outside,Ali is BLANK the wagon. Ali pushes on the wagon. The wagon doesn't move.,313607e6-5da0-5cda-9e5c-816f8b002988,base
A1HGOFQI8TQCWB,1,5,context,0,action_nonfollows,action_nonfollows_context,in,outside,Ali is BLANK the wagon. Ali pushes on the wagon. The wagon doesn't move.,313607e6-5da0-5cda-9e5c-816f8b002988,base
A1LA6CIGBNDOH9,1,5,context,1,action_nonfollows,action_nonfollows_context,in,outside,Ali is BLANK the wagon. Ali pushes on the wagon. The wagon doesn't move.,313607e6-5da0-5cda-9e5c-816f8b002988,base
A1ROEDVMTO9Y3X,1,5,context,0,action_nonfollows,action_nonfollows_context,in,outside,Ali is BLANK the wagon. Ali pushes on the wagon. The wagon doesn't move.,313607e6-5da0-5cda-9e5c-816f8b002988,base
A214V7ZRX7LEWZ,1,5,context,0,action_nonfollows,action_nonfollows_context,in,outside,Ali is BLANK the wagon. Ali pushes on the wagon. The wagon doesn't move.,313607e6-5da0-5cda-9e5c-816f8b002988,base
A2616JPJO73667,1,5,context,1,action_nonfollows,action_nonfollows_context,in,outside,Ali is BLANK the wagon. Ali pushes on the wagon. The wagon doesn't move.,313607e6-5da0-5cda-9e5c-816f8b002988,base
A27EV0216FCLJW,1,5,context,0,action_nonfollows,action_nonfollows_context,in,outside,Ali is BLANK the wagon. Ali pushes on the wagon. The wagon doesn't move.,313607e6-5da0-5cda-9e5c-816f8b002988,base
A2NMAOYBBJTO0R,1,5,context,1,action_nonfollows,action_nonfollows_context,in,outside,Ali is BLANK the wagon. Ali pushes on the wagon. The wagon doesn't move.,313607e6-5da0-5cda-9e5c-816f8b002988,base
A2RCYLKY072XXO,1,5,context,0,action_nonfollows,action_nonfollows_context,in,outside,Ali is BLANK the wagon. Ali pushes on the wagon. The wagon doesn't move.,313607e6-5da0-5cda-9e5c-816f8b002988,base
A2TR30V5KYFFSI,1,5,context,1,action_nonfollows,action_nonfollows_context,in,outside,Ali is BLANK the wagon. Ali pushes on the wagon. The wagon doesn't move.,313607e6-5da0-5cda-9e5c-816f8b002988,base
A30BPQ2QGZOXN8,1,5,context,0,action_nonfollows,action_nonfollows_context,in,outside,Ali is BLANK the wagon. Ali pushes on the wagon. The wagon doesn't move.,313607e6-5da0-5cda-9e5c-816f8b002988,base
A3493E42N1JZVF,1,5,context,0,action_nonfollows,action_nonfollows_context,in,outside,Ali is BLANK the wagon. Ali pushes on the wagon. The wagon doesn't move.,313607e6-5da0-5cda-9e5c-816f8b002988,base
A39KJNWAFOD7N1,1,5,context,1,action_nonfollows,action_nonfollows_context,in,outside,Ali is BLANK the wagon. Ali pushes on the wagon. The wagon doesn't move.,313607e6-5da0-5cda-9e5c-816f8b002988,base
A3G7QQTQIKYI2O,1,5,context,1,action_nonfollows,action_nonfollows_context,in,outside,Ali is BLANK the wagon. Ali pushes on the wagon. The wagon doesn't move.,313607e6-5da0-5cda-9e5c-816f8b002988,base
A3GWRDHAURRNK6,1,5,context,1,action_nonfollows,action_nonfollows_context,in,outside,Ali is BLANK the wagon. Ali pushes on the wagon. The wagon doesn't move.,313607e6-5da0-5cda-9e5c-816f8b002988,base
A3JQVSZWD3QLO6,1,5,context,0,action_nonfollows,action_nonfollows_context,in,outside,Ali is BLANK the wagon. Ali pushes on the wagon. The wagon doesn't move.,313607e6-5da0-5cda-9e5c-816f8b002988,base
A6KOTWP7N7RLU,1,5,context,1,action_nonfollows,action_nonfollows_context,in,outside,Ali is BLANK the wagon. Ali pushes on the wagon. The wagon doesn't move.,313607e6-5da0-5cda-9e5c-816f8b002988,base
A7KJBEXITHVAS,1,5,context,1,action_nonfollows,action_nonfollows_context,in,outside,Ali is BLANK the wagon. Ali pushes on the wagon. The wagon doesn't move.,313607e6-5da0-5cda-9e5c-816f8b002988,base
AV9M7394RRARU,1,5,context,0,action_nonfollows,action_nonfollows_context,in,outside,Ali is BLANK the wagon. Ali pushes on the wagon. The wagon doesn't move.,313607e6-5da0-5cda-9e5c-816f8b002988,base
A12J4IRF5Z06BT,1,5,context,0,egocentric_distant,egocentric_distant_context,towards,away from,Ali is facing BLANK Chicago. Ali turns left. Chicago is right of Ali.,fe65df9a-14f6-5a27-8f01-1a0bed69b8e5,base
A19YRUF7K6FY78,1,5,context,0,egocentric_distant,egocentric_distant_context,towards,away from,Ali is facing BLANK Chicago. Ali turns left. Chicago is right of Ali.,fe65df9a-14f6-5a27-8f01-1a0bed69b8e5,base
A1B1SWNEKFBTPM,1,5,context,1,egocentric_distant,egocentric_distant_context,towards,away from,Ali is facing BLANK Chicago. Ali turns left. Chicago is right of Ali.,fe65df9a-14f6-5a27-8f01-1a0bed69b8e5,base
A1HGOFQI8TQCWB,1,5,context,1,egocentric_distant,egocentric_distant_context,towards,away from,Ali is facing BLANK Chicago. Ali turns left. Chicago is right of Ali.,fe65df9a-14f6-5a27-8f01-1a0bed69b8e5,base
A1LA6CIGBNDOH9,1,5,context,0,egocentric_distant,egocentric_distant_context,towards,away from,Ali is facing BLANK Chicago. Ali turns left. Chicago is right of Ali.,fe65df9a-14f6-5a27-8f01-1a0bed69b8e5,base
A1ROEDVMTO9Y3X,1,5,context,0,egocentric_distant,egocentric_distant_context,towards,away from,Ali is facing BLANK Chicago. Ali turns left. Chicago is right of Ali.,fe65df9a-14f6-5a27-8f01-1a0bed69b8e5,base
A214V7ZRX7LEWZ,1,5,context,1,egocentric_distant,egocentric_distant_context,towards,away from,Ali is facing BLANK Chicago. Ali turns left. Chicago is right of Ali.,fe65df9a-14f6-5a27-8f01-1a0bed69b8e5,base
A2616JPJO73667,1,5,context,0,egocentric_distant,egocentric_distant_context,towards,away from,Ali is facing BLANK Chicago. Ali turns left. Chicago is right of Ali.,fe65df9a-14f6-5a27-8f01-1a0bed69b8e5,base
A27EV0216FCLJW,1,5,context,1,egocentric_distant,egocentric_distant_context,towards,away from,Ali is facing BLANK Chicago. Ali turns left. Chicago is right of Ali.,fe65df9a-14f6-5a27-8f01-1a0bed69b8e5,base
A2NMAOYBBJTO0R,1,5,context,0,egocentric_distant,egocentric_distant_context,towards,away from,Ali is facing BLANK Chicago. Ali turns left. Chicago is right of Ali.,fe65df9a-14f6-5a27-8f01-1a0bed69b8e5,base
A2RCYLKY072XXO,1,5,context,0,egocentric_distant,egocentric_distant_context,towards,away from,Ali is facing BLANK Chicago. Ali turns left. Chicago is right of Ali.,fe65df9a-14f6-5a27-8f01-1a0bed69b8e5,base
A2TR30V5KYFFSI,1,5,context,1,egocentric_distant,egocentric_distant_context,towards,away from,Ali is facing BLANK Chicago. Ali turns left. Chicago is right of Ali.,fe65df9a-14f6-5a27-8f01-1a0bed69b8e5,base
A30BPQ2QGZOXN8,1,5,context,1,egocentric_distant,egocentric_distant_context,towards,away from,Ali is facing BLANK Chicago. Ali turns left. Chicago is right of Ali.,fe65df9a-14f6-5a27-8f01-1a0bed69b8e5,base
A3493E42N1JZVF,1,5,context,1,egocentric_distant,egocentric_distant_context,towards,away from,Ali is facing BLANK Chicago. Ali turns left. Chicago is right of Ali.,fe65df9a-14f6-5a27-8f01-1a0bed69b8e5,base
A39KJNWAFOD7N1,1,5,context,0,egocentric_distant,egocentric_distant_context,towards,away from,Ali is facing BLANK Chicago. Ali turns left. Chicago is right of Ali.,fe65df9a-14f6-5a27-8f01-1a0bed69b8e5,base
A3G7QQTQIKYI2O,1,5,context,1,egocentric_distant,egocentric_distant_context,towards,away from,Ali is facing BLANK Chicago. Ali turns left. Chicago is right of Ali.,fe65df9a-14f6-5a27-8f01-1a0bed69b8e5,base
A3GWRDHAURRNK6,1,5,context,1,egocentric_distant,egocentric_distant_context,towards,away from,Ali is facing BLANK Chicago. Ali turns left. Chicago is right of Ali.,fe65df9a-14f6-5a27-8f01-1a0bed69b8e5,base
A3JQVSZWD3QLO6,1,5,context,1,egocentric_distant,egocentric_distant_context,towards,away from,Ali is facing BLANK Chicago. Ali turns left. Chicago is right of Ali.,fe65df9a-14f6-5a27-8f01-1a0bed69b8e5,base
A6KOTWP7N7RLU,1,5,context,1,egocentric_distant,egocentric_distant_context,towards,away from,Ali is facing BLANK Chicago. Ali turns left. Chicago is right of Ali.,fe65df9a-14f6-5a27-8f01-1a0bed69b8e5,base
A7KJBEXITHVAS,1,5,context,0,egocentric_distant,egocentric_distant_context,towards,away from,Ali is facing BLANK Chicago. Ali turns left. Chicago is right of Ali.,fe65df9a-14f6-5a27-8f01-1a0bed69b8e5,base
AV9M7394RRARU,1,5,context,1,egocentric_distant,egocentric_distant_context,towards,away from,Ali is facing BLANK Chicago. Ali turns left. Chicago is right of Ali.,fe65df9a-14f6-5a27-8f01-1a0bed69b8e5,base
A12J4IRF5Z06BT,1,5,context,1,two_refs_egocentric,two_refs_egocentric_context,away from,towards,Ali is facing BLANK Mark. Ali turns around. Ali is facing towards Mark.,449d83b2-712b-5aac-8c22-00d1bb07b0f7,base
A19YRUF7K6FY78,1,5,context,1,two_refs_egocentric,two_refs_egocentric_context,away from,towards,Ali is facing BLANK Mark. Ali turns around. Ali is facing towards Mark.,449d83b2-712b-5aac-8c22-00d1bb07b0f7,base
A1B1SWNEKFBTPM,1,5,context,1,two_refs_egocentric,two_refs_egocentric_context,away from,towards,Ali is facing BLANK Mark. Ali turns around. Ali is facing towards Mark.,449d83b2-712b-5aac-8c22-00d1bb07b0f7,base
A1HGOFQI8TQCWB,1,5,context,1,two_refs_egocentric,two_refs_egocentric_context,away from,towards,Ali is facing BLANK Mark. Ali turns around. Ali is facing towards Mark.,449d83b2-712b-5aac-8c22-00d1bb07b0f7,base
A1LA6CIGBNDOH9,1,5,context,0,two_refs_egocentric,two_refs_egocentric_context,away from,towards,Ali is facing BLANK Mark. Ali turns around. Ali is facing towards Mark.,449d83b2-712b-5aac-8c22-00d1bb07b0f7,base
A1ROEDVMTO9Y3X,1,5,context,1,two_refs_egocentric,two_refs_egocentric_context,away from,towards,Ali is facing BLANK Mark. Ali turns around. Ali is facing towards Mark.,449d83b2-712b-5aac-8c22-00d1bb07b0f7,base
A214V7ZRX7LEWZ,1,5,context,1,two_refs_egocentric,two_refs_egocentric_context,away from,towards,Ali is facing BLANK Mark. Ali turns around. Ali is facing towards Mark.,449d83b2-712b-5aac-8c22-00d1bb07b0f7,base
A2616JPJO73667,1,5,context,0,two_refs_egocentric,two_refs_egocentric_context,away from,towards,Ali is facing BLANK Mark. Ali turns around. Ali is facing towards Mark.,449d83b2-712b-5aac-8c22-00d1bb07b0f7,base
A27EV0216FCLJW,1,5,context,1,two_refs_egocentric,two_refs_egocentric_context,away from,towards,Ali is facing BLANK Mark. Ali turns around. Ali is facing towards Mark.,449d83b2-712b-5aac-8c22-00d1bb07b0f7,base
A2NMAOYBBJTO0R,1,5,context,1,two_refs_egocentric,two_refs_egocentric_context,away from,towards,Ali is facing BLANK Mark. Ali turns around. Ali is facing towards Mark.,449d83b2-712b-5aac-8c22-00d1bb07b0f7,base
A2RCYLKY072XXO,1,5,context,1,two_refs_egocentric,two_refs_egocentric_context,away from,towards,Ali is facing BLANK Mark. Ali turns around. Ali is facing towards Mark.,449d83b2-712b-5aac-8c22-00d1bb07b0f7,base
A2TR30V5KYFFSI,1,5,context,0,two_refs_egocentric,two_refs_egocentric_context,away from,towards,Ali is facing BLANK Mark. Ali turns around. Ali is facing towards Mark.,449d83b2-712b-5aac-8c22-00d1bb07b0f7,base
A30BPQ2QGZOXN8,1,5,context,1,two_refs_egocentric,two_refs_egocentric_context,away from,towards,Ali is facing BLANK Mark. Ali turns around. Ali is facing towards Mark.,449d83b2-712b-5aac-8c22-00d1bb07b0f7,base
A3493E42N1JZVF,1,5,context,1,two_refs_egocentric,two_refs_egocentric_context,away from,towards,Ali is facing BLANK Mark. Ali turns around. Ali is facing towards Mark.,449d83b2-712b-5aac-8c22-00d1bb07b0f7,base
A39KJNWAFOD7N1,1,5,context,1,two_refs_egocentric,two_refs_egocentric_context,away from,towards,Ali is facing BLANK Mark. Ali turns around. Ali is facing towards Mark.,449d83b2-712b-5aac-8c22-00d1bb07b0f7,base
A3G7QQTQIKYI2O,1,5,context,0,two_refs_egocentric,two_refs_egocentric_context,away from,towards,Ali is facing BLANK Mark. Ali turns around. Ali is facing towards Mark.,449d83b2-712b-5aac-8c22-00d1bb07b0f7,base
A3GWRDHAURRNK6,1,5,context,1,two_refs_egocentric,two_refs_egocentric_context,away from,towards,Ali is facing BLANK Mark. Ali turns around. Ali is facing towards Mark.,449d83b2-712b-5aac-8c22-00d1bb07b0f7,base
A3JQVSZWD3QLO6,1,5,context,0,two_refs_egocentric,two_refs_egocentric_context,away from,towards,Ali is facing BLANK Mark. Ali turns around. Ali is facing towards Mark.,449d83b2-712b-5aac-8c22-00d1bb07b0f7,base
A6KOTWP7N7RLU,1,5,context,1,two_refs_egocentric,two_refs_egocentric_context,away from,towards,Ali is facing BLANK Mark. Ali turns around. Ali is facing towards Mark.,449d83b2-712b-5aac-8c22-00d1bb07b0f7,base
A7KJBEXITHVAS,1,5,context,0,two_refs_egocentric,two_refs_egocentric_context,away from,towards,Ali is facing BLANK Mark. Ali turns around. Ali is facing towards Mark.,449d83b2-712b-5aac-8c22-00d1bb07b0f7,base
AV9M7394RRARU,1,5,context,1,two_refs_egocentric,two_refs_egocentric_context,away from,towards,Ali is facing BLANK Mark. Ali turns around. Ali is facing towards Mark.,449d83b2-712b-5aac-8c22-00d1bb07b0f7,base
A12J4IRF5Z06BT,1,5,context,1,egocentric_distant,egocentric_distant_context,away from,towards,Ali is facing BLANK Milwaukee. Ali turns 180 degrees. Ali is facing towards Milwaukee.,6dd46ce3-4a45-5c9f-b40d-27839337750b,base
A19YRUF7K6FY78,1,5,context,1,egocentric_distant,egocentric_distant_context,away from,towards,Ali is facing BLANK Milwaukee. Ali turns 180 degrees. Ali is facing towards Milwaukee.,6dd46ce3-4a45-5c9f-b40d-27839337750b,base
A1B1SWNEKFBTPM,1,5,context,1,egocentric_distant,egocentric_distant_context,away from,towards,Ali is facing BLANK Milwaukee. Ali turns 180 degrees. Ali is facing towards Milwaukee.,6dd46ce3-4a45-5c9f-b40d-27839337750b,base
A1HGOFQI8TQCWB,1,5,context,0,egocentric_distant,egocentric_distant_context,away from,towards,Ali is facing BLANK Milwaukee. Ali turns 180 degrees. Ali is facing towards Milwaukee.,6dd46ce3-4a45-5c9f-b40d-27839337750b,base
A1LA6CIGBNDOH9,1,5,context,1,egocentric_distant,egocentric_distant_context,away from,towards,Ali is facing BLANK Milwaukee. Ali turns 180 degrees. Ali is facing towards Milwaukee.,6dd46ce3-4a45-5c9f-b40d-27839337750b,base
A1ROEDVMTO9Y3X,1,5,context,1,egocentric_distant,egocentric_distant_context,away from,towards,Ali is facing BLANK Milwaukee. Ali turns 180 degrees. Ali is facing towards Milwaukee.,6dd46ce3-4a45-5c9f-b40d-27839337750b,base
A214V7ZRX7LEWZ,1,5,context,0,egocentric_distant,egocentric_distant_context,away from,towards,Ali is facing BLANK Milwaukee. Ali turns 180 degrees. Ali is facing towards Milwaukee.,6dd46ce3-4a45-5c9f-b40d-27839337750b,base
A2616JPJO73667,1,5,context,1,egocentric_distant,egocentric_distant_context,away from,towards,Ali is facing BLANK Milwaukee. Ali turns 180 degrees. Ali is facing towards Milwaukee.,6dd46ce3-4a45-5c9f-b40d-27839337750b,base
A27EV0216FCLJW,1,5,context,1,egocentric_distant,egocentric_distant_context,away from,towards,Ali is facing BLANK Milwaukee. Ali turns 180 degrees. Ali is facing towards Milwaukee.,6dd46ce3-4a45-5c9f-b40d-27839337750b,base
A2NMAOYBBJTO0R,1,5,context,1,egocentric_distant,egocentric_distant_context,away from,towards,Ali is facing BLANK Milwaukee. Ali turns 180 degrees. Ali is facing towards Milwaukee.,6dd46ce3-4a45-5c9f-b40d-27839337750b,base
A2RCYLKY072XXO,1,5,context,1,egocentric_distant,egocentric_distant_context,away from,towards,Ali is facing BLANK Milwaukee. Ali turns 180 degrees. Ali is facing towards Milwaukee.,6dd46ce3-4a45-5c9f-b40d-27839337750b,base
A2TR30V5KYFFSI,1,5,context,0,egocentric_distant,egocentric_distant_context,away from,towards,Ali is facing BLANK Milwaukee. Ali turns 180 degrees. Ali is facing towards Milwaukee.,6dd46ce3-4a45-5c9f-b40d-27839337750b,base
A30BPQ2QGZOXN8,1,5,context,1,egocentric_distant,egocentric_distant_context,away from,towards,Ali is facing BLANK Milwaukee. Ali turns 180 degrees. Ali is facing towards Milwaukee.,6dd46ce3-4a45-5c9f-b40d-27839337750b,base
A3493E42N1JZVF,1,5,context,1,egocentric_distant,egocentric_distant_context,away from,towards,Ali is facing BLANK Milwaukee. Ali turns 180 degrees. Ali is facing towards Milwaukee.,6dd46ce3-4a45-5c9f-b40d-27839337750b,base
A39KJNWAFOD7N1,1,5,context,1,egocentric_distant,egocentric_distant_context,away from,towards,Ali is facing BLANK Milwaukee. Ali turns 180 degrees. Ali is facing towards Milwaukee.,6dd46ce3-4a45-5c9f-b40d-27839337750b,base
A3G7QQTQIKYI2O,1,5,context,0,egocentric_distant,egocentric_distant_context,away from,towards,Ali is facing BLANK Milwaukee. Ali turns 180 degrees. Ali is facing towards Milwaukee.,6dd46ce3-4a45-5c9f-b40d-27839337750b,base
A3GWRDHAURRNK6,1,5,context,1,egocentric_distant,egocentric_distant_context,away from,towards,Ali is facing BLANK Milwaukee. Ali turns 180 degrees. Ali is facing towards Milwaukee.,6dd46ce3-4a45-5c9f-b40d-27839337750b,base
A3JQVSZWD3QLO6,1,5,context,0,egocentric_distant,egocentric_distant_context,away from,towards,Ali is facing BLANK Milwaukee. Ali turns 180 degrees. Ali is facing towards Milwaukee.,6dd46ce3-4a45-5c9f-b40d-27839337750b,base
A6KOTWP7N7RLU,1,5,context,1,egocentric_distant,egocentric_distant_context,away from,towards,Ali is facing BLANK Milwaukee. Ali turns 180 degrees. Ali is facing towards Milwaukee.,6dd46ce3-4a45-5c9f-b40d-27839337750b,base
A7KJBEXITHVAS,1,5,context,1,egocentric_distant,egocentric_distant_context,away from,towards,Ali is facing BLANK Milwaukee. Ali turns 180 degrees. Ali is facing towards Milwaukee.,6dd46ce3-4a45-5c9f-b40d-27839337750b,base
AV9M7394RRARU,1,5,context,1,egocentric_distant,egocentric_distant_context,away from,towards,Ali is facing BLANK Milwaukee. Ali turns 180 degrees. Ali is facing towards Milwaukee.,6dd46ce3-4a45-5c9f-b40d-27839337750b,base
A12J4IRF5Z06BT,1,5,context,1,relative_pos,relative_pos_context,drops,picks up,Ali is holding the tennis ball and the ping pong ball. Ali BLANK the ping pong ball. The ping pong ball is further from the tennis ball.,e0a90fc5-4ebc-567a-bbc8-8bd5d3b008ec,base
A19YRUF7K6FY78,1,5,context,0,relative_pos,relative_pos_context,drops,picks up,Ali is holding the tennis ball and the ping pong ball. Ali BLANK the ping pong ball. The ping pong ball is further from the tennis ball.,e0a90fc5-4ebc-567a-bbc8-8bd5d3b008ec,base
A1B1SWNEKFBTPM,1,5,context,1,relative_pos,relative_pos_context,drops,picks up,Ali is holding the tennis ball and the ping pong ball. Ali BLANK the ping pong ball. The ping pong ball is further from the tennis ball.,e0a90fc5-4ebc-567a-bbc8-8bd5d3b008ec,base
A1HGOFQI8TQCWB,1,5,context,1,relative_pos,relative_pos_context,drops,picks up,Ali is holding the tennis ball and the ping pong ball. Ali BLANK the ping pong ball. The ping pong ball is further from the tennis ball.,e0a90fc5-4ebc-567a-bbc8-8bd5d3b008ec,base
A1LA6CIGBNDOH9,1,5,context,1,relative_pos,relative_pos_context,drops,picks up,Ali is holding the tennis ball and the ping pong ball. Ali BLANK the ping pong ball. The ping pong ball is further from the tennis ball.,e0a90fc5-4ebc-567a-bbc8-8bd5d3b008ec,base
A1ROEDVMTO9Y3X,1,5,context,1,relative_pos,relative_pos_context,drops,picks up,Ali is holding the tennis ball and the ping pong ball. Ali BLANK the ping pong ball. The ping pong ball is further from the tennis ball.,e0a90fc5-4ebc-567a-bbc8-8bd5d3b008ec,base
A214V7ZRX7LEWZ,1,5,context,1,relative_pos,relative_pos_context,drops,picks up,Ali is holding the tennis ball and the ping pong ball. Ali BLANK the ping pong ball. The ping pong ball is further from the tennis ball.,e0a90fc5-4ebc-567a-bbc8-8bd5d3b008ec,base
A2616JPJO73667,1,5,context,0,relative_pos,relative_pos_context,drops,picks up,Ali is holding the tennis ball and the ping pong ball. Ali BLANK the ping pong ball. The ping pong ball is further from the tennis ball.,e0a90fc5-4ebc-567a-bbc8-8bd5d3b008ec,base
A27EV0216FCLJW,1,5,context,1,relative_pos,relative_pos_context,drops,picks up,Ali is holding the tennis ball and the ping pong ball. Ali BLANK the ping pong ball. The ping pong ball is further from the tennis ball.,e0a90fc5-4ebc-567a-bbc8-8bd5d3b008ec,base
A2NMAOYBBJTO0R,1,5,context,0,relative_pos,relative_pos_context,drops,picks up,Ali is holding the tennis ball and the ping pong ball. Ali BLANK the ping pong ball. The ping pong ball is further from the tennis ball.,e0a90fc5-4ebc-567a-bbc8-8bd5d3b008ec,base
A2RCYLKY072XXO,1,5,context,1,relative_pos,relative_pos_context,drops,picks up,Ali is holding the tennis ball and the ping pong ball. Ali BLANK the ping pong ball. The ping pong ball is further from the tennis ball.,e0a90fc5-4ebc-567a-bbc8-8bd5d3b008ec,base
A2TR30V5KYFFSI,1,5,context,1,relative_pos,relative_pos_context,drops,picks up,Ali is holding the tennis ball and the ping pong ball. Ali BLANK the ping pong ball. The ping pong ball is further from the tennis ball.,e0a90fc5-4ebc-567a-bbc8-8bd5d3b008ec,base
A30BPQ2QGZOXN8,1,5,context,1,relative_pos,relative_pos_context,drops,picks up,Ali is holding the tennis ball and the ping pong ball. Ali BLANK the ping pong ball. The ping pong ball is further from the tennis ball.,e0a90fc5-4ebc-567a-bbc8-8bd5d3b008ec,base
A3493E42N1JZVF,1,5,context,1,relative_pos,relative_pos_context,drops,picks up,Ali is holding the tennis ball and the ping pong ball. Ali BLANK the ping pong ball. The ping pong ball is further from the tennis ball.,e0a90fc5-4ebc-567a-bbc8-8bd5d3b008ec,base
A39KJNWAFOD7N1,1,5,context,0,relative_pos,relative_pos_context,drops,picks up,Ali is holding the tennis ball and the ping pong ball. Ali BLANK the ping pong ball. The ping pong ball is further from the tennis ball.,e0a90fc5-4ebc-567a-bbc8-8bd5d3b008ec,base
A3G7QQTQIKYI2O,1,5,context,0,relative_pos,relative_pos_context,drops,picks up,Ali is holding the tennis ball and the ping pong ball. Ali BLANK the ping pong ball. The ping pong ball is further from the tennis ball.,e0a90fc5-4ebc-567a-bbc8-8bd5d3b008ec,base
A3GWRDHAURRNK6,1,5,context,1,relative_pos,relative_pos_context,drops,picks up,Ali is holding the tennis ball and the ping pong ball. Ali BLANK the ping pong ball. The ping pong ball is further from the tennis ball.,e0a90fc5-4ebc-567a-bbc8-8bd5d3b008ec,base
A3JQVSZWD3QLO6,1,5,context,1,relative_pos,relative_pos_context,drops,picks up,Ali is holding the tennis ball and the ping pong ball. Ali BLANK the ping pong ball. The ping pong ball is further from the tennis ball.,e0a90fc5-4ebc-567a-bbc8-8bd5d3b008ec,base
A6KOTWP7N7RLU,1,5,context,1,relative_pos,relative_pos_context,drops,picks up,Ali is holding the tennis ball and the ping pong ball. Ali BLANK the ping pong ball. The ping pong ball is further from the tennis ball.,e0a90fc5-4ebc-567a-bbc8-8bd5d3b008ec,base
A7KJBEXITHVAS,1,5,context,0,relative_pos,relative_pos_context,drops,picks up,Ali is holding the tennis ball and the ping pong ball. Ali BLANK the ping pong ball. The ping pong ball is further from the tennis ball.,e0a90fc5-4ebc-567a-bbc8-8bd5d3b008ec,base
AV9M7394RRARU,1,5,context,0,relative_pos,relative_pos_context,drops,picks up,Ali is holding the tennis ball and the ping pong ball. Ali BLANK the ping pong ball. The ping pong ball is further from the tennis ball.,e0a90fc5-4ebc-567a-bbc8-8bd5d3b008ec,base
A12J4IRF5Z06BT,1,5,context,1,two_refs_egocentric,two_refs_egocentric_context,right,left,Ali is to Mark's BLANK. Ali turns around. Ali is to Mark's right.,3d9a8209-4859-5626-ae60-7106a591cf7d,base
A19YRUF7K6FY78,1,5,context,1,two_refs_egocentric,two_refs_egocentric_context,right,left,Ali is to Mark's BLANK. Ali turns around. Ali is to Mark's right.,3d9a8209-4859-5626-ae60-7106a591cf7d,base
A1B1SWNEKFBTPM,1,5,context,0,two_refs_egocentric,two_refs_egocentric_context,right,left,Ali is to Mark's BLANK. Ali turns around. Ali is to Mark's right.,3d9a8209-4859-5626-ae60-7106a591cf7d,base
A1HGOFQI8TQCWB,1,5,context,1,two_refs_egocentric,two_refs_egocentric_context,right,left,Ali is to Mark's BLANK. Ali turns around. Ali is to Mark's right.,3d9a8209-4859-5626-ae60-7106a591cf7d,base
A1LA6CIGBNDOH9,1,5,context,0,two_refs_egocentric,two_refs_egocentric_context,right,left,Ali is to Mark's BLANK. Ali turns around. Ali is to Mark's right.,3d9a8209-4859-5626-ae60-7106a591cf7d,base
A1ROEDVMTO9Y3X,1,5,context,0,two_refs_egocentric,two_refs_egocentric_context,right,left,Ali is to Mark's BLANK. Ali turns around. Ali is to Mark's right.,3d9a8209-4859-5626-ae60-7106a591cf7d,base
A214V7ZRX7LEWZ,1,5,context,0,two_refs_egocentric,two_refs_egocentric_context,right,left,Ali is to Mark's BLANK. Ali turns around. Ali is to Mark's right.,3d9a8209-4859-5626-ae60-7106a591cf7d,base
A2616JPJO73667,1,5,context,1,two_refs_egocentric,two_refs_egocentric_context,right,left,Ali is to Mark's BLANK. Ali turns around. Ali is to Mark's right.,3d9a8209-4859-5626-ae60-7106a591cf7d,base
A27EV0216FCLJW,1,5,context,0,two_refs_egocentric,two_refs_egocentric_context,right,left,Ali is to Mark's BLANK. Ali turns around. Ali is to Mark's right.,3d9a8209-4859-5626-ae60-7106a591cf7d,base
A2NMAOYBBJTO0R,1,5,context,0,two_refs_egocentric,two_refs_egocentric_context,right,left,Ali is to Mark's BLANK. Ali turns around. Ali is to Mark's right.,3d9a8209-4859-5626-ae60-7106a591cf7d,base
A2RCYLKY072XXO,1,5,context,1,two_refs_egocentric,two_refs_egocentric_context,right,left,Ali is to Mark's BLANK. Ali turns around. Ali is to Mark's right.,3d9a8209-4859-5626-ae60-7106a591cf7d,base
A2TR30V5KYFFSI,1,5,context,0,two_refs_egocentric,two_refs_egocentric_context,right,left,Ali is to Mark's BLANK. Ali turns around. Ali is to Mark's right.,3d9a8209-4859-5626-ae60-7106a591cf7d,base
A30BPQ2QGZOXN8,1,5,context,0,two_refs_egocentric,two_refs_egocentric_context,right,left,Ali is to Mark's BLANK. Ali turns around. Ali is to Mark's right.,3d9a8209-4859-5626-ae60-7106a591cf7d,base
A3493E42N1JZVF,1,5,context,1,two_refs_egocentric,two_refs_egocentric_context,right,left,Ali is to Mark's BLANK. Ali turns around. Ali is to Mark's right.,3d9a8209-4859-5626-ae60-7106a591cf7d,base
A39KJNWAFOD7N1,1,5,context,0,two_refs_egocentric,two_refs_egocentric_context,right,left,Ali is to Mark's BLANK. Ali turns around. Ali is to Mark's right.,3d9a8209-4859-5626-ae60-7106a591cf7d,base
A3G7QQTQIKYI2O,1,5,context,0,two_refs_egocentric,two_refs_egocentric_context,right,left,Ali is to Mark's BLANK. Ali turns around. Ali is to Mark's right.,3d9a8209-4859-5626-ae60-7106a591cf7d,base
A3GWRDHAURRNK6,1,5,context,0,two_refs_egocentric,two_refs_egocentric_context,right,left,Ali is to Mark's BLANK. Ali turns around. Ali is to Mark's right.,3d9a8209-4859-5626-ae60-7106a591cf7d,base
A3JQVSZWD3QLO6,1,5,context,0,two_refs_egocentric,two_refs_egocentric_context,right,left,Ali is to Mark's BLANK. Ali turns around. Ali is to Mark's right.,3d9a8209-4859-5626-ae60-7106a591cf7d,base
A6KOTWP7N7RLU,1,5,context,0,two_refs_egocentric,two_refs_egocentric_context,right,left,Ali is to Mark's BLANK. Ali turns around. Ali is to Mark's right.,3d9a8209-4859-5626-ae60-7106a591cf7d,base
A7KJBEXITHVAS,1,5,context,0,two_refs_egocentric,two_refs_egocentric_context,right,left,Ali is to Mark's BLANK. Ali turns around. Ali is to Mark's right.,3d9a8209-4859-5626-ae60-7106a591cf7d,base
AV9M7394RRARU,1,5,context,1,two_refs_egocentric,two_refs_egocentric_context,right,left,Ali is to Mark's BLANK. Ali turns around. Ali is to Mark's right.,3d9a8209-4859-5626-ae60-7106a591cf7d,base
A12J4IRF5Z06BT,1,5,context,0,two_refs_egocentric,two_refs_egocentric_context,right of,left of,Ali is to the BLANK Mark. Mark looks to his right. Mark see Ali.,162a2775-ee11-5113-88b7-2c0428ec9880,base
A19YRUF7K6FY78,1,5,context,1,two_refs_egocentric,two_refs_egocentric_context,right of,left of,Ali is to the BLANK Mark. Mark looks to his right. Mark see Ali.,162a2775-ee11-5113-88b7-2c0428ec9880,base
A1B1SWNEKFBTPM,1,5,context,1,two_refs_egocentric,two_refs_egocentric_context,right of,left of,Ali is to the BLANK Mark. Mark looks to his right. Mark see Ali.,162a2775-ee11-5113-88b7-2c0428ec9880,base
A1HGOFQI8TQCWB,1,5,context,1,two_refs_egocentric,two_refs_egocentric_context,right of,left of,Ali is to the BLANK Mark. Mark looks to his right. Mark see Ali.,162a2775-ee11-5113-88b7-2c0428ec9880,base
A1LA6CIGBNDOH9,1,5,context,0,two_refs_egocentric,two_refs_egocentric_context,right of,left of,Ali is to the BLANK Mark. Mark looks to his right. Mark see Ali.,162a2775-ee11-5113-88b7-2c0428ec9880,base
A1ROEDVMTO9Y3X,1,5,context,0,two_refs_egocentric,two_refs_egocentric_context,right of,left of,Ali is to the BLANK Mark. Mark looks to his right. Mark see Ali.,162a2775-ee11-5113-88b7-2c0428ec9880,base
A214V7ZRX7LEWZ,1,5,context,0,two_refs_egocentric,two_refs_egocentric_context,right of,left of,Ali is to the BLANK Mark. Mark looks to his right. Mark see Ali.,162a2775-ee11-5113-88b7-2c0428ec9880,base
A2616JPJO73667,1,5,context,1,two_refs_egocentric,two_refs_egocentric_context,right of,left of,Ali is to the BLANK Mark. Mark looks to his right. Mark see Ali.,162a2775-ee11-5113-88b7-2c0428ec9880,base
A27EV0216FCLJW,1,5,context,0,two_refs_egocentric,two_refs_egocentric_context,right of,left of,Ali is to the BLANK Mark. Mark looks to his right. Mark see Ali.,162a2775-ee11-5113-88b7-2c0428ec9880,base
A2NMAOYBBJTO0R,1,5,context,0,two_refs_egocentric,two_refs_egocentric_context,right of,left of,Ali is to the BLANK Mark. Mark looks to his right. Mark see Ali.,162a2775-ee11-5113-88b7-2c0428ec9880,base
A2RCYLKY072XXO,1,5,context,1,two_refs_egocentric,two_refs_egocentric_context,right of,left of,Ali is to the BLANK Mark. Mark looks to his right. Mark see Ali.,162a2775-ee11-5113-88b7-2c0428ec9880,base
A2TR30V5KYFFSI,1,5,context,0,two_refs_egocentric,two_refs_egocentric_context,right of,left of,Ali is to the BLANK Mark. Mark looks to his right. Mark see Ali.,162a2775-ee11-5113-88b7-2c0428ec9880,base
A30BPQ2QGZOXN8,1,5,context,1,two_refs_egocentric,two_refs_egocentric_context,right of,left of,Ali is to the BLANK Mark. Mark looks to his right. Mark see Ali.,162a2775-ee11-5113-88b7-2c0428ec9880,base
A3493E42N1JZVF,1,5,context,1,two_refs_egocentric,two_refs_egocentric_context,right of,left of,Ali is to the BLANK Mark. Mark looks to his right. Mark see Ali.,162a2775-ee11-5113-88b7-2c0428ec9880,base
A39KJNWAFOD7N1,1,5,context,0,two_refs_egocentric,two_refs_egocentric_context,right of,left of,Ali is to the BLANK Mark. Mark looks to his right. Mark see Ali.,162a2775-ee11-5113-88b7-2c0428ec9880,base
A3G7QQTQIKYI2O,1,5,context,0,two_refs_egocentric,two_refs_egocentric_context,right of,left of,Ali is to the BLANK Mark. Mark looks to his right. Mark see Ali.,162a2775-ee11-5113-88b7-2c0428ec9880,base
A3GWRDHAURRNK6,1,5,context,1,two_refs_egocentric,two_refs_egocentric_context,right of,left of,Ali is to the BLANK Mark. Mark looks to his right. Mark see Ali.,162a2775-ee11-5113-88b7-2c0428ec9880,base
A3JQVSZWD3QLO6,1,5,context,0,two_refs_egocentric,two_refs_egocentric_context,right of,left of,Ali is to the BLANK Mark. Mark looks to his right. Mark see Ali.,162a2775-ee11-5113-88b7-2c0428ec9880,base
A6KOTWP7N7RLU,1,5,context,1,two_refs_egocentric,two_refs_egocentric_context,right of,left of,Ali is to the BLANK Mark. Mark looks to his right. Mark see Ali.,162a2775-ee11-5113-88b7-2c0428ec9880,base
A7KJBEXITHVAS,1,5,context,0,two_refs_egocentric,two_refs_egocentric_context,right of,left of,Ali is to the BLANK Mark. Mark looks to his right. Mark see Ali.,162a2775-ee11-5113-88b7-2c0428ec9880,base
AV9M7394RRARU,1,5,context,1,two_refs_egocentric,two_refs_egocentric_context,right of,left of,Ali is to the BLANK Mark. Mark looks to his right. Mark see Ali.,162a2775-ee11-5113-88b7-2c0428ec9880,base
A12J4IRF5Z06BT,1,5,context,0,egocentric_distant,egocentric_distant_context,right of,left of,Chicago is BLANK Ali. Ali turns around. Chicago is left of Ali.,51131205-c4fb-50ee-89c0-28f617579e69,base
A19YRUF7K6FY78,1,5,context,1,egocentric_distant,egocentric_distant_context,right of,left of,Chicago is BLANK Ali. Ali turns around. Chicago is left of Ali.,51131205-c4fb-50ee-89c0-28f617579e69,base
A1B1SWNEKFBTPM,1,5,context,1,egocentric_distant,egocentric_distant_context,right of,left of,Chicago is BLANK Ali. Ali turns around. Chicago is left of Ali.,51131205-c4fb-50ee-89c0-28f617579e69,base
A1HGOFQI8TQCWB,1,5,context,1,egocentric_distant,egocentric_distant_context,right of,left of,Chicago is BLANK Ali. Ali turns around. Chicago is left of Ali.,51131205-c4fb-50ee-89c0-28f617579e69,base
A1LA6CIGBNDOH9,1,5,context,0,egocentric_distant,egocentric_distant_context,right of,left of,Chicago is BLANK Ali. Ali turns around. Chicago is left of Ali.,51131205-c4fb-50ee-89c0-28f617579e69,base
A1ROEDVMTO9Y3X,1,5,context,0,egocentric_distant,egocentric_distant_context,right of,left of,Chicago is BLANK Ali. Ali turns around. Chicago is left of Ali.,51131205-c4fb-50ee-89c0-28f617579e69,base
A214V7ZRX7LEWZ,1,5,context,0,egocentric_distant,egocentric_distant_context,right of,left of,Chicago is BLANK Ali. Ali turns around. Chicago is left of Ali.,51131205-c4fb-50ee-89c0-28f617579e69,base
A2616JPJO73667,1,5,context,1,egocentric_distant,egocentric_distant_context,right of,left of,Chicago is BLANK Ali. Ali turns around. Chicago is left of Ali.,51131205-c4fb-50ee-89c0-28f617579e69,base
A27EV0216FCLJW,1,5,context,1,egocentric_distant,egocentric_distant_context,right of,left of,Chicago is BLANK Ali. Ali turns around. Chicago is left of Ali.,51131205-c4fb-50ee-89c0-28f617579e69,base
A2NMAOYBBJTO0R,1,5,context,1,egocentric_distant,egocentric_distant_context,right of,left of,Chicago is BLANK Ali. Ali turns around. Chicago is left of Ali.,51131205-c4fb-50ee-89c0-28f617579e69,base
A2RCYLKY072XXO,1,5,context,1,egocentric_distant,egocentric_distant_context,right of,left of,Chicago is BLANK Ali. Ali turns around. Chicago is left of Ali.,51131205-c4fb-50ee-89c0-28f617579e69,base
A2TR30V5KYFFSI,1,5,context,1,egocentric_distant,egocentric_distant_context,right of,left of,Chicago is BLANK Ali. Ali turns around. Chicago is left of Ali.,51131205-c4fb-50ee-89c0-28f617579e69,base
A30BPQ2QGZOXN8,1,5,context,1,egocentric_distant,egocentric_distant_context,right of,left of,Chicago is BLANK Ali. Ali turns around. Chicago is left of Ali.,51131205-c4fb-50ee-89c0-28f617579e69,base
A3493E42N1JZVF,1,5,context,1,egocentric_distant,egocentric_distant_context,right of,left of,Chicago is BLANK Ali. Ali turns around. Chicago is left of Ali.,51131205-c4fb-50ee-89c0-28f617579e69,base
A39KJNWAFOD7N1,1,5,context,1,egocentric_distant,egocentric_distant_context,right of,left of,Chicago is BLANK Ali. Ali turns around. Chicago is left of Ali.,51131205-c4fb-50ee-89c0-28f617579e69,base
A3G7QQTQIKYI2O,1,5,context,0,egocentric_distant,egocentric_distant_context,right of,left of,Chicago is BLANK Ali. Ali turns around. Chicago is left of Ali.,51131205-c4fb-50ee-89c0-28f617579e69,base
A3GWRDHAURRNK6,1,5,context,1,egocentric_distant,egocentric_distant_context,right of,left of,Chicago is BLANK Ali. Ali turns around. Chicago is left of Ali.,51131205-c4fb-50ee-89c0-28f617579e69,base
A3JQVSZWD3QLO6,1,5,context,0,egocentric_distant,egocentric_distant_context,right of,left of,Chicago is BLANK Ali. Ali turns around. Chicago is left of Ali.,51131205-c4fb-50ee-89c0-28f617579e69,base
A6KOTWP7N7RLU,1,5,context,1,egocentric_distant,egocentric_distant_context,right of,left of,Chicago is BLANK Ali. Ali turns around. Chicago is left of Ali.,51131205-c4fb-50ee-89c0-28f617579e69,base
A7KJBEXITHVAS,1,5,context,0,egocentric_distant,egocentric_distant_context,right of,left of,Chicago is BLANK Ali. Ali turns around. Chicago is left of Ali.,51131205-c4fb-50ee-89c0-28f617579e69,base
AV9M7394RRARU,1,5,context,1,egocentric_distant,egocentric_distant_context,right of,left of,Chicago is BLANK Ali. Ali turns around. Chicago is left of Ali.,51131205-c4fb-50ee-89c0-28f617579e69,base
A12J4IRF5Z06BT,1,5,context,1,egocentric_distant,egocentric_distant_context,behind,in front of,Chicago is BLANK Ali. Ali turns left. Chicago is left of Ali.,67a9f12e-deda-5f51-b5e2-d24f0caec230,base
A19YRUF7K6FY78,1,5,context,0,egocentric_distant,egocentric_distant_context,behind,in front of,Chicago is BLANK Ali. Ali turns left. Chicago is left of Ali.,67a9f12e-deda-5f51-b5e2-d24f0caec230,base
A1B1SWNEKFBTPM,1,5,context,1,egocentric_distant,egocentric_distant_context,behind,in front of,Chicago is BLANK Ali. Ali turns left. Chicago is left of Ali.,67a9f12e-deda-5f51-b5e2-d24f0caec230,base
A1HGOFQI8TQCWB,1,5,context,0,egocentric_distant,egocentric_distant_context,behind,in front of,Chicago is BLANK Ali. Ali turns left. Chicago is left of Ali.,67a9f12e-deda-5f51-b5e2-d24f0caec230,base
A1LA6CIGBNDOH9,1,5,context,0,egocentric_distant,egocentric_distant_context,behind,in front of,Chicago is BLANK Ali. Ali turns left. Chicago is left of Ali.,67a9f12e-deda-5f51-b5e2-d24f0caec230,base
A1ROEDVMTO9Y3X,1,5,context,0,egocentric_distant,egocentric_distant_context,behind,in front of,Chicago is BLANK Ali. Ali turns left. Chicago is left of Ali.,67a9f12e-deda-5f51-b5e2-d24f0caec230,base
A214V7ZRX7LEWZ,1,5,context,1,egocentric_distant,egocentric_distant_context,behind,in front of,Chicago is BLANK Ali. Ali turns left. Chicago is left of Ali.,67a9f12e-deda-5f51-b5e2-d24f0caec230,base
A2616JPJO73667,1,5,context,0,egocentric_distant,egocentric_distant_context,behind,in front of,Chicago is BLANK Ali. Ali turns left. Chicago is left of Ali.,67a9f12e-deda-5f51-b5e2-d24f0caec230,base
A27EV0216FCLJW,1,5,context,0,egocentric_distant,egocentric_distant_context,behind,in front of,Chicago is BLANK Ali. Ali turns left. Chicago is left of Ali.,67a9f12e-deda-5f51-b5e2-d24f0caec230,base
A2NMAOYBBJTO0R,1,5,context,0,egocentric_distant,egocentric_distant_context,behind,in front of,Chicago is BLANK Ali. Ali turns left. Chicago is left of Ali.,67a9f12e-deda-5f51-b5e2-d24f0caec230,base
A2RCYLKY072XXO,1,5,context,0,egocentric_distant,egocentric_distant_context,behind,in front of,Chicago is BLANK Ali. Ali turns left. Chicago is left of Ali.,67a9f12e-deda-5f51-b5e2-d24f0caec230,base
A2TR30V5KYFFSI,1,5,context,0,egocentric_distant,egocentric_distant_context,behind,in front of,Chicago is BLANK Ali. Ali turns left. Chicago is left of Ali.,67a9f12e-deda-5f51-b5e2-d24f0caec230,base
A30BPQ2QGZOXN8,1,5,context,1,egocentric_distant,egocentric_distant_context,behind,in front of,Chicago is BLANK Ali. Ali turns left. Chicago is left of Ali.,67a9f12e-deda-5f51-b5e2-d24f0caec230,base
A3493E42N1JZVF,1,5,context,1,egocentric_distant,egocentric_distant_context,behind,in front of,Chicago is BLANK Ali. Ali turns left. Chicago is left of Ali.,67a9f12e-deda-5f51-b5e2-d24f0caec230,base
A39KJNWAFOD7N1,1,5,context,1,egocentric_distant,egocentric_distant_context,behind,in front of,Chicago is BLANK Ali. Ali turns left. Chicago is left of Ali.,67a9f12e-deda-5f51-b5e2-d24f0caec230,base
A3G7QQTQIKYI2O,1,5,context,0,egocentric_distant,egocentric_distant_context,behind,in front of,Chicago is BLANK Ali. Ali turns left. Chicago is left of Ali.,67a9f12e-deda-5f51-b5e2-d24f0caec230,base
A3GWRDHAURRNK6,1,5,context,1,egocentric_distant,egocentric_distant_context,behind,in front of,Chicago is BLANK Ali. Ali turns left. Chicago is left of Ali.,67a9f12e-deda-5f51-b5e2-d24f0caec230,base
A3JQVSZWD3QLO6,1,5,context,1,egocentric_distant,egocentric_distant_context,behind,in front of,Chicago is BLANK Ali. Ali turns left. Chicago is left of Ali.,67a9f12e-deda-5f51-b5e2-d24f0caec230,base
A6KOTWP7N7RLU,1,5,context,1,egocentric_distant,egocentric_distant_context,behind,in front of,Chicago is BLANK Ali. Ali turns left. Chicago is left of Ali.,67a9f12e-deda-5f51-b5e2-d24f0caec230,base
A7KJBEXITHVAS,1,5,context,1,egocentric_distant,egocentric_distant_context,behind,in front of,Chicago is BLANK Ali. Ali turns left. Chicago is left of Ali.,67a9f12e-deda-5f51-b5e2-d24f0caec230,base
AV9M7394RRARU,1,5,context,1,egocentric_distant,egocentric_distant_context,behind,in front of,Chicago is BLANK Ali. Ali turns left. Chicago is left of Ali.,67a9f12e-deda-5f51-b5e2-d24f0caec230,base
A12J4IRF5Z06BT,1,5,context,0,two_refs_egocentric,two_refs_egocentric_context,right,left,Mark and Ali are both facing BLANK. Ali turns to his left. Ali is facing away from Mark.,6b81874a-94f4-52ac-8699-24e6582fc7e8,base
A19YRUF7K6FY78,1,5,context,0,two_refs_egocentric,two_refs_egocentric_context,right,left,Mark and Ali are both facing BLANK. Ali turns to his left. Ali is facing away from Mark.,6b81874a-94f4-52ac-8699-24e6582fc7e8,base
A1B1SWNEKFBTPM,1,5,context,0,two_refs_egocentric,two_refs_egocentric_context,right,left,Mark and Ali are both facing BLANK. Ali turns to his left. Ali is facing away from Mark.,6b81874a-94f4-52ac-8699-24e6582fc7e8,base
A1HGOFQI8TQCWB,1,5,context,1,two_refs_egocentric,two_refs_egocentric_context,right,left,Mark and Ali are both facing BLANK. Ali turns to his left. Ali is facing away from Mark.,6b81874a-94f4-52ac-8699-24e6582fc7e8,base
A1LA6CIGBNDOH9,1,5,context,0,two_refs_egocentric,two_refs_egocentric_context,right,left,Mark and Ali are both facing BLANK. Ali turns to his left. Ali is facing away from Mark.,6b81874a-94f4-52ac-8699-24e6582fc7e8,base
A1ROEDVMTO9Y3X,1,5,context,1,two_refs_egocentric,two_refs_egocentric_context,right,left,Mark and Ali are both facing BLANK. Ali turns to his left. Ali is facing away from Mark.,6b81874a-94f4-52ac-8699-24e6582fc7e8,base
A214V7ZRX7LEWZ,1,5,context,0,two_refs_egocentric,two_refs_egocentric_context,right,left,Mark and Ali are both facing BLANK. Ali turns to his left. Ali is facing away from Mark.,6b81874a-94f4-52ac-8699-24e6582fc7e8,base
A2616JPJO73667,1,5,context,1,two_refs_egocentric,two_refs_egocentric_context,right,left,Mark and Ali are both facing BLANK. Ali turns to his left. Ali is facing away from Mark.,6b81874a-94f4-52ac-8699-24e6582fc7e8,base
A27EV0216FCLJW,1,5,context,1,two_refs_egocentric,two_refs_egocentric_context,right,left,Mark and Ali are both facing BLANK. Ali turns to his left. Ali is facing away from Mark.,6b81874a-94f4-52ac-8699-24e6582fc7e8,base
A2NMAOYBBJTO0R,1,5,context,1,two_refs_egocentric,two_refs_egocentric_context,right,left,Mark and Ali are both facing BLANK. Ali turns to his left. Ali is facing away from Mark.,6b81874a-94f4-52ac-8699-24e6582fc7e8,base
A2RCYLKY072XXO,1,5,context,1,two_refs_egocentric,two_refs_egocentric_context,right,left,Mark and Ali are both facing BLANK. Ali turns to his left. Ali is facing away from Mark.,6b81874a-94f4-52ac-8699-24e6582fc7e8,base
A2TR30V5KYFFSI,1,5,context,1,two_refs_egocentric,two_refs_egocentric_context,right,left,Mark and Ali are both facing BLANK. Ali turns to his left. Ali is facing away from Mark.,6b81874a-94f4-52ac-8699-24e6582fc7e8,base
A30BPQ2QGZOXN8,1,5,context,1,two_refs_egocentric,two_refs_egocentric_context,right,left,Mark and Ali are both facing BLANK. Ali turns to his left. Ali is facing away from Mark.,6b81874a-94f4-52ac-8699-24e6582fc7e8,base
A3493E42N1JZVF,1,5,context,0,two_refs_egocentric,two_refs_egocentric_context,right,left,Mark and Ali are both facing BLANK. Ali turns to his left. Ali is facing away from Mark.,6b81874a-94f4-52ac-8699-24e6582fc7e8,base
A39KJNWAFOD7N1,1,5,context,0,two_refs_egocentric,two_refs_egocentric_context,right,left,Mark and Ali are both facing BLANK. Ali turns to his left. Ali is facing away from Mark.,6b81874a-94f4-52ac-8699-24e6582fc7e8,base
A3G7QQTQIKYI2O,1,5,context,0,two_refs_egocentric,two_refs_egocentric_context,right,left,Mark and Ali are both facing BLANK. Ali turns to his left. Ali is facing away from Mark.,6b81874a-94f4-52ac-8699-24e6582fc7e8,base
A3GWRDHAURRNK6,1,5,context,0,two_refs_egocentric,two_refs_egocentric_context,right,left,Mark and Ali are both facing BLANK. Ali turns to his left. Ali is facing away from Mark.,6b81874a-94f4-52ac-8699-24e6582fc7e8,base
A3JQVSZWD3QLO6,1,5,context,0,two_refs_egocentric,two_refs_egocentric_context,right,left,Mark and Ali are both facing BLANK. Ali turns to his left. Ali is facing away from Mark.,6b81874a-94f4-52ac-8699-24e6582fc7e8,base
A6KOTWP7N7RLU,1,5,context,1,two_refs_egocentric,two_refs_egocentric_context,right,left,Mark and Ali are both facing BLANK. Ali turns to his left. Ali is facing away from Mark.,6b81874a-94f4-52ac-8699-24e6582fc7e8,base
A7KJBEXITHVAS,1,5,context,0,two_refs_egocentric,two_refs_egocentric_context,right,left,Mark and Ali are both facing BLANK. Ali turns to his left. Ali is facing away from Mark.,6b81874a-94f4-52ac-8699-24e6582fc7e8,base
AV9M7394RRARU,1,5,context,0,two_refs_egocentric,two_refs_egocentric_context,right,left,Mark and Ali are both facing BLANK. Ali turns to his left. Ali is facing away from Mark.,6b81874a-94f4-52ac-8699-24e6582fc7e8,base
A12J4IRF5Z06BT,1,5,context,0,two_refs_egocentric,two_refs_egocentric_context,away from,towards,Mark and Ali are facing BLANK eachother. Mark turns around. Ali is facing away from Mark.,7639e22f-157b-54af-bc89-d24f4f594fbc,base
A19YRUF7K6FY78,1,5,context,0,two_refs_egocentric,two_refs_egocentric_context,away from,towards,Mark and Ali are facing BLANK eachother. Mark turns around. Ali is facing away from Mark.,7639e22f-157b-54af-bc89-d24f4f594fbc,base
A1B1SWNEKFBTPM,1,5,context,0,two_refs_egocentric,two_refs_egocentric_context,away from,towards,Mark and Ali are facing BLANK eachother. Mark turns around. Ali is facing away from Mark.,7639e22f-157b-54af-bc89-d24f4f594fbc,base
A1HGOFQI8TQCWB,1,5,context,0,two_refs_egocentric,two_refs_egocentric_context,away from,towards,Mark and Ali are facing BLANK eachother. Mark turns around. Ali is facing away from Mark.,7639e22f-157b-54af-bc89-d24f4f594fbc,base
A1LA6CIGBNDOH9,1,5,context,0,two_refs_egocentric,two_refs_egocentric_context,away from,towards,Mark and Ali are facing BLANK eachother. Mark turns around. Ali is facing away from Mark.,7639e22f-157b-54af-bc89-d24f4f594fbc,base
A1ROEDVMTO9Y3X,1,5,context,0,two_refs_egocentric,two_refs_egocentric_context,away from,towards,Mark and Ali are facing BLANK eachother. Mark turns around. Ali is facing away from Mark.,7639e22f-157b-54af-bc89-d24f4f594fbc,base
A214V7ZRX7LEWZ,1,5,context,0,two_refs_egocentric,two_refs_egocentric_context,away from,towards,Mark and Ali are facing BLANK eachother. Mark turns around. Ali is facing away from Mark.,7639e22f-157b-54af-bc89-d24f4f594fbc,base
A2616JPJO73667,1,5,context,1,two_refs_egocentric,two_refs_egocentric_context,away from,towards,Mark and Ali are facing BLANK eachother. Mark turns around. Ali is facing away from Mark.,7639e22f-157b-54af-bc89-d24f4f594fbc,base
A27EV0216FCLJW,1,5,context,0,two_refs_egocentric,two_refs_egocentric_context,away from,towards,Mark and Ali are facing BLANK eachother. Mark turns around. Ali is facing away from Mark.,7639e22f-157b-54af-bc89-d24f4f594fbc,base
A2NMAOYBBJTO0R,1,5,context,1,two_refs_egocentric,two_refs_egocentric_context,away from,towards,Mark and Ali are facing BLANK eachother. Mark turns around. Ali is facing away from Mark.,7639e22f-157b-54af-bc89-d24f4f594fbc,base
A2RCYLKY072XXO,1,5,context,0,two_refs_egocentric,two_refs_egocentric_context,away from,towards,Mark and Ali are facing BLANK eachother. Mark turns around. Ali is facing away from Mark.,7639e22f-157b-54af-bc89-d24f4f594fbc,base
A2TR30V5KYFFSI,1,5,context,0,two_refs_egocentric,two_refs_egocentric_context,away from,towards,Mark and Ali are facing BLANK eachother. Mark turns around. Ali is facing away from Mark.,7639e22f-157b-54af-bc89-d24f4f594fbc,base
A30BPQ2QGZOXN8,1,5,context,0,two_refs_egocentric,two_refs_egocentric_context,away from,towards,Mark and Ali are facing BLANK eachother. Mark turns around. Ali is facing away from Mark.,7639e22f-157b-54af-bc89-d24f4f594fbc,base
A3493E42N1JZVF,1,5,context,0,two_refs_egocentric,two_refs_egocentric_context,away from,towards,Mark and Ali are facing BLANK eachother. Mark turns around. Ali is facing away from Mark.,7639e22f-157b-54af-bc89-d24f4f594fbc,base
A39KJNWAFOD7N1,1,5,context,0,two_refs_egocentric,two_refs_egocentric_context,away from,towards,Mark and Ali are facing BLANK eachother. Mark turns around. Ali is facing away from Mark.,7639e22f-157b-54af-bc89-d24f4f594fbc,base
A3G7QQTQIKYI2O,1,5,context,0,two_refs_egocentric,two_refs_egocentric_context,away from,towards,Mark and Ali are facing BLANK eachother. Mark turns around. Ali is facing away from Mark.,7639e22f-157b-54af-bc89-d24f4f594fbc,base
A3GWRDHAURRNK6,1,5,context,0,two_refs_egocentric,two_refs_egocentric_context,away from,towards,Mark and Ali are facing BLANK eachother. Mark turns around. Ali is facing away from Mark.,7639e22f-157b-54af-bc89-d24f4f594fbc,base
A3JQVSZWD3QLO6,1,5,context,1,two_refs_egocentric,two_refs_egocentric_context,away from,towards,Mark and Ali are facing BLANK eachother. Mark turns around. Ali is facing away from Mark.,7639e22f-157b-54af-bc89-d24f4f594fbc,base
A6KOTWP7N7RLU,1,5,context,0,two_refs_egocentric,two_refs_egocentric_context,away from,towards,Mark and Ali are facing BLANK eachother. Mark turns around. Ali is facing away from Mark.,7639e22f-157b-54af-bc89-d24f4f594fbc,base
A7KJBEXITHVAS,1,5,context,1,two_refs_egocentric,two_refs_egocentric_context,away from,towards,Mark and Ali are facing BLANK eachother. Mark turns around. Ali is facing away from Mark.,7639e22f-157b-54af-bc89-d24f4f594fbc,base
AV9M7394RRARU,1,5,context,0,two_refs_egocentric,two_refs_egocentric_context,away from,towards,Mark and Ali are facing BLANK eachother. Mark turns around. Ali is facing away from Mark.,7639e22f-157b-54af-bc89-d24f4f594fbc,base
A12J4IRF5Z06BT,1,5,context,1,two_refs_egocentric,two_refs_egocentric_context,behind,in front of,Mark is BLANK Ali. Mark walks backwards. Mark is getting further from Ali.,ecf7b885-f68f-5217-ad5e-060cd2931386,base
A19YRUF7K6FY78,1,5,context,0,two_refs_egocentric,two_refs_egocentric_context,behind,in front of,Mark is BLANK Ali. Mark walks backwards. Mark is getting further from Ali.,ecf7b885-f68f-5217-ad5e-060cd2931386,base
A1B1SWNEKFBTPM,1,5,context,0,two_refs_egocentric,two_refs_egocentric_context,behind,in front of,Mark is BLANK Ali. Mark walks backwards. Mark is getting further from Ali.,ecf7b885-f68f-5217-ad5e-060cd2931386,base
A1HGOFQI8TQCWB,1,5,context,0,two_refs_egocentric,two_refs_egocentric_context,behind,in front of,Mark is BLANK Ali. Mark walks backwards. Mark is getting further from Ali.,ecf7b885-f68f-5217-ad5e-060cd2931386,base
A1LA6CIGBNDOH9,1,5,context,1,two_refs_egocentric,two_refs_egocentric_context,behind,in front of,Mark is BLANK Ali. Mark walks backwards. Mark is getting further from Ali.,ecf7b885-f68f-5217-ad5e-060cd2931386,base
A1ROEDVMTO9Y3X,1,5,context,0,two_refs_egocentric,two_refs_egocentric_context,behind,in front of,Mark is BLANK Ali. Mark walks backwards. Mark is getting further from Ali.,ecf7b885-f68f-5217-ad5e-060cd2931386,base
A214V7ZRX7LEWZ,1,5,context,0,two_refs_egocentric,two_refs_egocentric_context,behind,in front of,Mark is BLANK Ali. Mark walks backwards. Mark is getting further from Ali.,ecf7b885-f68f-5217-ad5e-060cd2931386,base
A2616JPJO73667,1,5,context,0,two_refs_egocentric,two_refs_egocentric_context,behind,in front of,Mark is BLANK Ali. Mark walks backwards. Mark is getting further from Ali.,ecf7b885-f68f-5217-ad5e-060cd2931386,base
A27EV0216FCLJW,1,5,context,1,two_refs_egocentric,two_refs_egocentric_context,behind,in front of,Mark is BLANK Ali. Mark walks backwards. Mark is getting further from Ali.,ecf7b885-f68f-5217-ad5e-060cd2931386,base
A2NMAOYBBJTO0R,1,5,context,0,two_refs_egocentric,two_refs_egocentric_context,behind,in front of,Mark is BLANK Ali. Mark walks backwards. Mark is getting further from Ali.,ecf7b885-f68f-5217-ad5e-060cd2931386,base
A2RCYLKY072XXO,1,5,context,1,two_refs_egocentric,two_refs_egocentric_context,behind,in front of,Mark is BLANK Ali. Mark walks backwards. Mark is getting further from Ali.,ecf7b885-f68f-5217-ad5e-060cd2931386,base
A2TR30V5KYFFSI,1,5,context,1,two_refs_egocentric,two_refs_egocentric_context,behind,in front of,Mark is BLANK Ali. Mark walks backwards. Mark is getting further from Ali.,ecf7b885-f68f-5217-ad5e-060cd2931386,base
A30BPQ2QGZOXN8,1,5,context,0,two_refs_egocentric,two_refs_egocentric_context,behind,in front of,Mark is BLANK Ali. Mark walks backwards. Mark is getting further from Ali.,ecf7b885-f68f-5217-ad5e-060cd2931386,base
A3493E42N1JZVF,1,5,context,1,two_refs_egocentric,two_refs_egocentric_context,behind,in front of,Mark is BLANK Ali. Mark walks backwards. Mark is getting further from Ali.,ecf7b885-f68f-5217-ad5e-060cd2931386,base
A39KJNWAFOD7N1,1,5,context,1,two_refs_egocentric,two_refs_egocentric_context,behind,in front of,Mark is BLANK Ali. Mark walks backwards. Mark is getting further from Ali.,ecf7b885-f68f-5217-ad5e-060cd2931386,base
A3G7QQTQIKYI2O,1,5,context,1,two_refs_egocentric,two_refs_egocentric_context,behind,in front of,Mark is BLANK Ali. Mark walks backwards. Mark is getting further from Ali.,ecf7b885-f68f-5217-ad5e-060cd2931386,base
A3GWRDHAURRNK6,1,5,context,0,two_refs_egocentric,two_refs_egocentric_context,behind,in front of,Mark is BLANK Ali. Mark walks backwards. Mark is getting further from Ali.,ecf7b885-f68f-5217-ad5e-060cd2931386,base
A3JQVSZWD3QLO6,1,5,context,1,two_refs_egocentric,two_refs_egocentric_context,behind,in front of,Mark is BLANK Ali. Mark walks backwards. Mark is getting further from Ali.,ecf7b885-f68f-5217-ad5e-060cd2931386,base
A6KOTWP7N7RLU,1,5,context,0,two_refs_egocentric,two_refs_egocentric_context,behind,in front of,Mark is BLANK Ali. Mark walks backwards. Mark is getting further from Ali.,ecf7b885-f68f-5217-ad5e-060cd2931386,base
A7KJBEXITHVAS,1,5,context,1,two_refs_egocentric,two_refs_egocentric_context,behind,in front of,Mark is BLANK Ali. Mark walks backwards. Mark is getting further from Ali.,ecf7b885-f68f-5217-ad5e-060cd2931386,base
AV9M7394RRARU,1,5,context,0,two_refs_egocentric,two_refs_egocentric_context,behind,in front of,Mark is BLANK Ali. Mark walks backwards. Mark is getting further from Ali.,ecf7b885-f68f-5217-ad5e-060cd2931386,base
A12J4IRF5Z06BT,1,5,context,0,two_refs_geocentric,two_refs_geocentric_context,towards,away from,Mark is East of Budapest and Ali is West of Budapest. Mark walks directly BLANK Ali. Mark is heading West.,07d45d86-9d5e-5f76-a281-81fd6837ef87,base
A19YRUF7K6FY78,1,5,context,0,two_refs_geocentric,two_refs_geocentric_context,towards,away from,Mark is East of Budapest and Ali is West of Budapest. Mark walks directly BLANK Ali. Mark is heading West.,07d45d86-9d5e-5f76-a281-81fd6837ef87,base
A1B1SWNEKFBTPM,1,5,context,1,two_refs_geocentric,two_refs_geocentric_context,towards,away from,Mark is East of Budapest and Ali is West of Budapest. Mark walks directly BLANK Ali. Mark is heading West.,07d45d86-9d5e-5f76-a281-81fd6837ef87,base
A1HGOFQI8TQCWB,1,5,context,1,two_refs_geocentric,two_refs_geocentric_context,towards,away from,Mark is East of Budapest and Ali is West of Budapest. Mark walks directly BLANK Ali. Mark is heading West.,07d45d86-9d5e-5f76-a281-81fd6837ef87,base
A1LA6CIGBNDOH9,1,5,context,0,two_refs_geocentric,two_refs_geocentric_context,towards,away from,Mark is East of Budapest and Ali is West of Budapest. Mark walks directly BLANK Ali. Mark is heading West.,07d45d86-9d5e-5f76-a281-81fd6837ef87,base
A1ROEDVMTO9Y3X,1,5,context,0,two_refs_geocentric,two_refs_geocentric_context,towards,away from,Mark is East of Budapest and Ali is West of Budapest. Mark walks directly BLANK Ali. Mark is heading West.,07d45d86-9d5e-5f76-a281-81fd6837ef87,base
A214V7ZRX7LEWZ,1,5,context,0,two_refs_geocentric,two_refs_geocentric_context,towards,away from,Mark is East of Budapest and Ali is West of Budapest. Mark walks directly BLANK Ali. Mark is heading West.,07d45d86-9d5e-5f76-a281-81fd6837ef87,base
A2616JPJO73667,1,5,context,0,two_refs_geocentric,two_refs_geocentric_context,towards,away from,Mark is East of Budapest and Ali is West of Budapest. Mark walks directly BLANK Ali. Mark is heading West.,07d45d86-9d5e-5f76-a281-81fd6837ef87,base
A27EV0216FCLJW,1,5,context,1,two_refs_geocentric,two_refs_geocentric_context,towards,away from,Mark is East of Budapest and Ali is West of Budapest. Mark walks directly BLANK Ali. Mark is heading West.,07d45d86-9d5e-5f76-a281-81fd6837ef87,base
A2NMAOYBBJTO0R,1,5,context,0,two_refs_geocentric,two_refs_geocentric_context,towards,away from,Mark is East of Budapest and Ali is West of Budapest. Mark walks directly BLANK Ali. Mark is heading West.,07d45d86-9d5e-5f76-a281-81fd6837ef87,base
A2RCYLKY072XXO,1,5,context,1,two_refs_geocentric,two_refs_geocentric_context,towards,away from,Mark is East of Budapest and Ali is West of Budapest. Mark walks directly BLANK Ali. Mark is heading West.,07d45d86-9d5e-5f76-a281-81fd6837ef87,base
A2TR30V5KYFFSI,1,5,context,1,two_refs_geocentric,two_refs_geocentric_context,towards,away from,Mark is East of Budapest and Ali is West of Budapest. Mark walks directly BLANK Ali. Mark is heading West.,07d45d86-9d5e-5f76-a281-81fd6837ef87,base
A30BPQ2QGZOXN8,1,5,context,1,two_refs_geocentric,two_refs_geocentric_context,towards,away from,Mark is East of Budapest and Ali is West of Budapest. Mark walks directly BLANK Ali. Mark is heading West.,07d45d86-9d5e-5f76-a281-81fd6837ef87,base
A3493E42N1JZVF,1,5,context,1,two_refs_geocentric,two_refs_geocentric_context,towards,away from,Mark is East of Budapest and Ali is West of Budapest. Mark walks directly BLANK Ali. Mark is heading West.,07d45d86-9d5e-5f76-a281-81fd6837ef87,base
A39KJNWAFOD7N1,1,5,context,1,two_refs_geocentric,two_refs_geocentric_context,towards,away from,Mark is East of Budapest and Ali is West of Budapest. Mark walks directly BLANK Ali. Mark is heading West.,07d45d86-9d5e-5f76-a281-81fd6837ef87,base
A3G7QQTQIKYI2O,1,5,context,1,two_refs_geocentric,two_refs_geocentric_context,towards,away from,Mark is East of Budapest and Ali is West of Budapest. Mark walks directly BLANK Ali. Mark is heading West.,07d45d86-9d5e-5f76-a281-81fd6837ef87,base
A3GWRDHAURRNK6,1,5,context,0,two_refs_geocentric,two_refs_geocentric_context,towards,away from,Mark is East of Budapest and Ali is West of Budapest. Mark walks directly BLANK Ali. Mark is heading West.,07d45d86-9d5e-5f76-a281-81fd6837ef87,base
A3JQVSZWD3QLO6,1,5,context,0,two_refs_geocentric,two_refs_geocentric_context,towards,away from,Mark is East of Budapest and Ali is West of Budapest. Mark walks directly BLANK Ali. Mark is heading West.,07d45d86-9d5e-5f76-a281-81fd6837ef87,base
A6KOTWP7N7RLU,1,5,context,1,two_refs_geocentric,two_refs_geocentric_context,towards,away from,Mark is East of Budapest and Ali is West of Budapest. Mark walks directly BLANK Ali. Mark is heading West.,07d45d86-9d5e-5f76-a281-81fd6837ef87,base
A7KJBEXITHVAS,1,5,context,1,two_refs_geocentric,two_refs_geocentric_context,towards,away from,Mark is East of Budapest and Ali is West of Budapest. Mark walks directly BLANK Ali. Mark is heading West.,07d45d86-9d5e-5f76-a281-81fd6837ef87,base
AV9M7394RRARU,1,5,context,1,two_refs_geocentric,two_refs_geocentric_context,towards,away from,Mark is East of Budapest and Ali is West of Budapest. Mark walks directly BLANK Ali. Mark is heading West.,07d45d86-9d5e-5f76-a281-81fd6837ef87,base
A12J4IRF5Z06BT,1,5,context,0,geocentric_near,geocentric_near_context,South,North,Mark is facing BLANK. Mark turns 90 degrees to his right. Mark is facing West.,71d55d9d-7f72-50e7-9a53-e410341ef56d,base
A19YRUF7K6FY78,1,5,context,1,geocentric_near,geocentric_near_context,South,North,Mark is facing BLANK. Mark turns 90 degrees to his right. Mark is facing West.,71d55d9d-7f72-50e7-9a53-e410341ef56d,base
A1B1SWNEKFBTPM,1,5,context,1,geocentric_near,geocentric_near_context,South,North,Mark is facing BLANK. Mark turns 90 degrees to his right. Mark is facing West.,71d55d9d-7f72-50e7-9a53-e410341ef56d,base
A1HGOFQI8TQCWB,1,5,context,0,geocentric_near,geocentric_near_context,South,North,Mark is facing BLANK. Mark turns 90 degrees to his right. Mark is facing West.,71d55d9d-7f72-50e7-9a53-e410341ef56d,base
A1LA6CIGBNDOH9,1,5,context,1,geocentric_near,geocentric_near_context,South,North,Mark is facing BLANK. Mark turns 90 degrees to his right. Mark is facing West.,71d55d9d-7f72-50e7-9a53-e410341ef56d,base
A1ROEDVMTO9Y3X,1,5,context,0,geocentric_near,geocentric_near_context,South,North,Mark is facing BLANK. Mark turns 90 degrees to his right. Mark is facing West.,71d55d9d-7f72-50e7-9a53-e410341ef56d,base
A214V7ZRX7LEWZ,1,5,context,0,geocentric_near,geocentric_near_context,South,North,Mark is facing BLANK. Mark turns 90 degrees to his right. Mark is facing West.,71d55d9d-7f72-50e7-9a53-e410341ef56d,base
A2616JPJO73667,1,5,context,0,geocentric_near,geocentric_near_context,South,North,Mark is facing BLANK. Mark turns 90 degrees to his right. Mark is facing West.,71d55d9d-7f72-50e7-9a53-e410341ef56d,base
A27EV0216FCLJW,1,5,context,1,geocentric_near,geocentric_near_context,South,North,Mark is facing BLANK. Mark turns 90 degrees to his right. Mark is facing West.,71d55d9d-7f72-50e7-9a53-e410341ef56d,base
A2NMAOYBBJTO0R,1,5,context,1,geocentric_near,geocentric_near_context,South,North,Mark is facing BLANK. Mark turns 90 degrees to his right. Mark is facing West.,71d55d9d-7f72-50e7-9a53-e410341ef56d,base
A2RCYLKY072XXO,1,5,context,1,geocentric_near,geocentric_near_context,South,North,Mark is facing BLANK. Mark turns 90 degrees to his right. Mark is facing West.,71d55d9d-7f72-50e7-9a53-e410341ef56d,base
A2TR30V5KYFFSI,1,5,context,0,geocentric_near,geocentric_near_context,South,North,Mark is facing BLANK. Mark turns 90 degrees to his right. Mark is facing West.,71d55d9d-7f72-50e7-9a53-e410341ef56d,base
A30BPQ2QGZOXN8,1,5,context,1,geocentric_near,geocentric_near_context,South,North,Mark is facing BLANK. Mark turns 90 degrees to his right. Mark is facing West.,71d55d9d-7f72-50e7-9a53-e410341ef56d,base
A3493E42N1JZVF,1,5,context,0,geocentric_near,geocentric_near_context,South,North,Mark is facing BLANK. Mark turns 90 degrees to his right. Mark is facing West.,71d55d9d-7f72-50e7-9a53-e410341ef56d,base
A39KJNWAFOD7N1,1,5,context,0,geocentric_near,geocentric_near_context,South,North,Mark is facing BLANK. Mark turns 90 degrees to his right. Mark is facing West.,71d55d9d-7f72-50e7-9a53-e410341ef56d,base
A3G7QQTQIKYI2O,1,5,context,0,geocentric_near,geocentric_near_context,South,North,Mark is facing BLANK. Mark turns 90 degrees to his right. Mark is facing West.,71d55d9d-7f72-50e7-9a53-e410341ef56d,base
A3GWRDHAURRNK6,1,5,context,0,geocentric_near,geocentric_near_context,South,North,Mark is facing BLANK. Mark turns 90 degrees to his right. Mark is facing West.,71d55d9d-7f72-50e7-9a53-e410341ef56d,base
A3JQVSZWD3QLO6,1,5,context,1,geocentric_near,geocentric_near_context,South,North,Mark is facing BLANK. Mark turns 90 degrees to his right. Mark is facing West.,71d55d9d-7f72-50e7-9a53-e410341ef56d,base
A6KOTWP7N7RLU,1,5,context,1,geocentric_near,geocentric_near_context,South,North,Mark is facing BLANK. Mark turns 90 degrees to his right. Mark is facing West.,71d55d9d-7f72-50e7-9a53-e410341ef56d,base
A7KJBEXITHVAS,1,5,context,0,geocentric_near,geocentric_near_context,South,North,Mark is facing BLANK. Mark turns 90 degrees to his right. Mark is facing West.,71d55d9d-7f72-50e7-9a53-e410341ef56d,base
AV9M7394RRARU,1,5,context,1,geocentric_near,geocentric_near_context,South,North,Mark is facing BLANK. Mark turns 90 degrees to his right. Mark is facing West.,71d55d9d-7f72-50e7-9a53-e410341ef56d,base
A12J4IRF5Z06BT,1,5,context,0,two_refs_geocentric,two_refs_geocentric_context,East,West,Mark is facing South and Ali is facing BLANK. Mark turns 90 degrees to his right. Mark and Ali are facing different directions.,afb3e71e-dd5a-51dd-bdc0-e3e027d7048d,base
A19YRUF7K6FY78,1,5,context,0,two_refs_geocentric,two_refs_geocentric_context,East,West,Mark is facing South and Ali is facing BLANK. Mark turns 90 degrees to his right. Mark and Ali are facing different directions.,afb3e71e-dd5a-51dd-bdc0-e3e027d7048d,base
A1B1SWNEKFBTPM,1,5,context,0,two_refs_geocentric,two_refs_geocentric_context,East,West,Mark is facing South and Ali is facing BLANK. Mark turns 90 degrees to his right. Mark and Ali are facing different directions.,afb3e71e-dd5a-51dd-bdc0-e3e027d7048d,base
A1HGOFQI8TQCWB,1,5,context,0,two_refs_geocentric,two_refs_geocentric_context,East,West,Mark is facing South and Ali is facing BLANK. Mark turns 90 degrees to his right. Mark and Ali are facing different directions.,afb3e71e-dd5a-51dd-bdc0-e3e027d7048d,base
A1LA6CIGBNDOH9,1,5,context,1,two_refs_geocentric,two_refs_geocentric_context,East,West,Mark is facing South and Ali is facing BLANK. Mark turns 90 degrees to his right. Mark and Ali are facing different directions.,afb3e71e-dd5a-51dd-bdc0-e3e027d7048d,base
A1ROEDVMTO9Y3X,1,5,context,1,two_refs_geocentric,two_refs_geocentric_context,East,West,Mark is facing South and Ali is facing BLANK. Mark turns 90 degrees to his right. Mark and Ali are facing different directions.,afb3e71e-dd5a-51dd-bdc0-e3e027d7048d,base
A214V7ZRX7LEWZ,1,5,context,0,two_refs_geocentric,two_refs_geocentric_context,East,West,Mark is facing South and Ali is facing BLANK. Mark turns 90 degrees to his right. Mark and Ali are facing different directions.,afb3e71e-dd5a-51dd-bdc0-e3e027d7048d,base
A2616JPJO73667,1,5,context,1,two_refs_geocentric,two_refs_geocentric_context,East,West,Mark is facing South and Ali is facing BLANK. Mark turns 90 degrees to his right. Mark and Ali are facing different directions.,afb3e71e-dd5a-51dd-bdc0-e3e027d7048d,base
A27EV0216FCLJW,1,5,context,0,two_refs_geocentric,two_refs_geocentric_context,East,West,Mark is facing South and Ali is facing BLANK. Mark turns 90 degrees to his right. Mark and Ali are facing different directions.,afb3e71e-dd5a-51dd-bdc0-e3e027d7048d,base
A2NMAOYBBJTO0R,1,5,context,1,two_refs_geocentric,two_refs_geocentric_context,East,West,Mark is facing South and Ali is facing BLANK. Mark turns 90 degrees to his right. Mark and Ali are facing different directions.,afb3e71e-dd5a-51dd-bdc0-e3e027d7048d,base
A2RCYLKY072XXO,1,5,context,1,two_refs_geocentric,two_refs_geocentric_context,East,West,Mark is facing South and Ali is facing BLANK. Mark turns 90 degrees to his right. Mark and Ali are facing different directions.,afb3e71e-dd5a-51dd-bdc0-e3e027d7048d,base
A2TR30V5KYFFSI,1,5,context,1,two_refs_geocentric,two_refs_geocentric_context,East,West,Mark is facing South and Ali is facing BLANK. Mark turns 90 degrees to his right. Mark and Ali are facing different directions.,afb3e71e-dd5a-51dd-bdc0-e3e027d7048d,base
A30BPQ2QGZOXN8,1,5,context,1,two_refs_geocentric,two_refs_geocentric_context,East,West,Mark is facing South and Ali is facing BLANK. Mark turns 90 degrees to his right. Mark and Ali are facing different directions.,afb3e71e-dd5a-51dd-bdc0-e3e027d7048d,base
A3493E42N1JZVF,1,5,context,0,two_refs_geocentric,two_refs_geocentric_context,East,West,Mark is facing South and Ali is facing BLANK. Mark turns 90 degrees to his right. Mark and Ali are facing different directions.,afb3e71e-dd5a-51dd-bdc0-e3e027d7048d,base
A39KJNWAFOD7N1,1,5,context,0,two_refs_geocentric,two_refs_geocentric_context,East,West,Mark is facing South and Ali is facing BLANK. Mark turns 90 degrees to his right. Mark and Ali are facing different directions.,afb3e71e-dd5a-51dd-bdc0-e3e027d7048d,base
A3G7QQTQIKYI2O,1,5,context,0,two_refs_geocentric,two_refs_geocentric_context,East,West,Mark is facing South and Ali is facing BLANK. Mark turns 90 degrees to his right. Mark and Ali are facing different directions.,afb3e71e-dd5a-51dd-bdc0-e3e027d7048d,base
A3GWRDHAURRNK6,1,5,context,1,two_refs_geocentric,two_refs_geocentric_context,East,West,Mark is facing South and Ali is facing BLANK. Mark turns 90 degrees to his right. Mark and Ali are facing different directions.,afb3e71e-dd5a-51dd-bdc0-e3e027d7048d,base
A3JQVSZWD3QLO6,1,5,context,1,two_refs_geocentric,two_refs_geocentric_context,East,West,Mark is facing South and Ali is facing BLANK. Mark turns 90 degrees to his right. Mark and Ali are facing different directions.,afb3e71e-dd5a-51dd-bdc0-e3e027d7048d,base
A6KOTWP7N7RLU,1,5,context,1,two_refs_geocentric,two_refs_geocentric_context,East,West,Mark is facing South and Ali is facing BLANK. Mark turns 90 degrees to his right. Mark and Ali are facing different directions.,afb3e71e-dd5a-51dd-bdc0-e3e027d7048d,base
A7KJBEXITHVAS,1,5,context,1,two_refs_geocentric,two_refs_geocentric_context,East,West,Mark is facing South and Ali is facing BLANK. Mark turns 90 degrees to his right. Mark and Ali are facing different directions.,afb3e71e-dd5a-51dd-bdc0-e3e027d7048d,base
AV9M7394RRARU,1,5,context,1,two_refs_geocentric,two_refs_geocentric_context,East,West,Mark is facing South and Ali is facing BLANK. Mark turns 90 degrees to his right. Mark and Ali are facing different directions.,afb3e71e-dd5a-51dd-bdc0-e3e027d7048d,base
A12J4IRF5Z06BT,1,5,context,1,geocentric_distant,geocentric_distant_context,North of,South of,Milwaukee is BLANK Ali. Ali turns around. Milwaukee is North of Ali.,1c80ade4-3063-5830-8934-448a2e3ccdb3,base
A19YRUF7K6FY78,1,5,context,1,geocentric_distant,geocentric_distant_context,North of,South of,Milwaukee is BLANK Ali. Ali turns around. Milwaukee is North of Ali.,1c80ade4-3063-5830-8934-448a2e3ccdb3,base
A1B1SWNEKFBTPM,1,5,context,1,geocentric_distant,geocentric_distant_context,North of,South of,Milwaukee is BLANK Ali. Ali turns around. Milwaukee is North of Ali.,1c80ade4-3063-5830-8934-448a2e3ccdb3,base
A1HGOFQI8TQCWB,1,5,context,0,geocentric_distant,geocentric_distant_context,North of,South of,Milwaukee is BLANK Ali. Ali turns around. Milwaukee is North of Ali.,1c80ade4-3063-5830-8934-448a2e3ccdb3,base
A1LA6CIGBNDOH9,1,5,context,1,geocentric_distant,geocentric_distant_context,North of,South of,Milwaukee is BLANK Ali. Ali turns around. Milwaukee is North of Ali.,1c80ade4-3063-5830-8934-448a2e3ccdb3,base
A1ROEDVMTO9Y3X,1,5,context,1,geocentric_distant,geocentric_distant_context,North of,South of,Milwaukee is BLANK Ali. Ali turns around. Milwaukee is North of Ali.,1c80ade4-3063-5830-8934-448a2e3ccdb3,base
A214V7ZRX7LEWZ,1,5,context,1,geocentric_distant,geocentric_distant_context,North of,South of,Milwaukee is BLANK Ali. Ali turns around. Milwaukee is North of Ali.,1c80ade4-3063-5830-8934-448a2e3ccdb3,base
A2616JPJO73667,1,5,context,0,geocentric_distant,geocentric_distant_context,North of,South of,Milwaukee is BLANK Ali. Ali turns around. Milwaukee is North of Ali.,1c80ade4-3063-5830-8934-448a2e3ccdb3,base
A27EV0216FCLJW,1,5,context,0,geocentric_distant,geocentric_distant_context,North of,South of,Milwaukee is BLANK Ali. Ali turns around. Milwaukee is North of Ali.,1c80ade4-3063-5830-8934-448a2e3ccdb3,base
A2NMAOYBBJTO0R,1,5,context,1,geocentric_distant,geocentric_distant_context,North of,South of,Milwaukee is BLANK Ali. Ali turns around. Milwaukee is North of Ali.,1c80ade4-3063-5830-8934-448a2e3ccdb3,base
A2RCYLKY072XXO,1,5,context,1,geocentric_distant,geocentric_distant_context,North of,South of,Milwaukee is BLANK Ali. Ali turns around. Milwaukee is North of Ali.,1c80ade4-3063-5830-8934-448a2e3ccdb3,base
A2TR30V5KYFFSI,1,5,context,0,geocentric_distant,geocentric_distant_context,North of,South of,Milwaukee is BLANK Ali. Ali turns around. Milwaukee is North of Ali.,1c80ade4-3063-5830-8934-448a2e3ccdb3,base
A30BPQ2QGZOXN8,1,5,context,0,geocentric_distant,geocentric_distant_context,North of,South of,Milwaukee is BLANK Ali. Ali turns around. Milwaukee is North of Ali.,1c80ade4-3063-5830-8934-448a2e3ccdb3,base
A3493E42N1JZVF,1,5,context,1,geocentric_distant,geocentric_distant_context,North of,South of,Milwaukee is BLANK Ali. Ali turns around. Milwaukee is North of Ali.,1c80ade4-3063-5830-8934-448a2e3ccdb3,base
A39KJNWAFOD7N1,1,5,context,0,geocentric_distant,geocentric_distant_context,North of,South of,Milwaukee is BLANK Ali. Ali turns around. Milwaukee is North of Ali.,1c80ade4-3063-5830-8934-448a2e3ccdb3,base
A3G7QQTQIKYI2O,1,5,context,0,geocentric_distant,geocentric_distant_context,North of,South of,Milwaukee is BLANK Ali. Ali turns around. Milwaukee is North of Ali.,1c80ade4-3063-5830-8934-448a2e3ccdb3,base
A3GWRDHAURRNK6,1,5,context,1,geocentric_distant,geocentric_distant_context,North of,South of,Milwaukee is BLANK Ali. Ali turns around. Milwaukee is North of Ali.,1c80ade4-3063-5830-8934-448a2e3ccdb3,base
A3JQVSZWD3QLO6,1,5,context,0,geocentric_distant,geocentric_distant_context,North of,South of,Milwaukee is BLANK Ali. Ali turns around. Milwaukee is North of Ali.,1c80ade4-3063-5830-8934-448a2e3ccdb3,base
A6KOTWP7N7RLU,1,5,context,1,geocentric_distant,geocentric_distant_context,North of,South of,Milwaukee is BLANK Ali. Ali turns around. Milwaukee is North of Ali.,1c80ade4-3063-5830-8934-448a2e3ccdb3,base
A7KJBEXITHVAS,1,5,context,1,geocentric_distant,geocentric_distant_context,North of,South of,Milwaukee is BLANK Ali. Ali turns around. Milwaukee is North of Ali.,1c80ade4-3063-5830-8934-448a2e3ccdb3,base
AV9M7394RRARU,1,5,context,1,geocentric_distant,geocentric_distant_context,North of,South of,Milwaukee is BLANK Ali. Ali turns around. Milwaukee is North of Ali.,1c80ade4-3063-5830-8934-448a2e3ccdb3,base
A12J4IRF5Z06BT,1,5,context,0,geocentric_distant,geocentric_distant_context,East of,North of,Milwaukee is BLANK Ali. Ali turns left. Milwaukee is East of Ali.,b1c9a0f0-680c-58c2-8a69-4c63ee969cad,base
A19YRUF7K6FY78,1,5,context,0,geocentric_distant,geocentric_distant_context,East of,North of,Milwaukee is BLANK Ali. Ali turns left. Milwaukee is East of Ali.,b1c9a0f0-680c-58c2-8a69-4c63ee969cad,base
A1B1SWNEKFBTPM,1,5,context,0,geocentric_distant,geocentric_distant_context,East of,North of,Milwaukee is BLANK Ali. Ali turns left. Milwaukee is East of Ali.,b1c9a0f0-680c-58c2-8a69-4c63ee969cad,base
A1HGOFQI8TQCWB,1,5,context,1,geocentric_distant,geocentric_distant_context,East of,North of,Milwaukee is BLANK Ali. Ali turns left. Milwaukee is East of Ali.,b1c9a0f0-680c-58c2-8a69-4c63ee969cad,base
A1LA6CIGBNDOH9,1,5,context,1,geocentric_distant,geocentric_distant_context,East of,North of,Milwaukee is BLANK Ali. Ali turns left. Milwaukee is East of Ali.,b1c9a0f0-680c-58c2-8a69-4c63ee969cad,base
A1ROEDVMTO9Y3X,1,5,context,0,geocentric_distant,geocentric_distant_context,East of,North of,Milwaukee is BLANK Ali. Ali turns left. Milwaukee is East of Ali.,b1c9a0f0-680c-58c2-8a69-4c63ee969cad,base
A214V7ZRX7LEWZ,1,5,context,0,geocentric_distant,geocentric_distant_context,East of,North of,Milwaukee is BLANK Ali. Ali turns left. Milwaukee is East of Ali.,b1c9a0f0-680c-58c2-8a69-4c63ee969cad,base
A2616JPJO73667,1,5,context,1,geocentric_distant,geocentric_distant_context,East of,North of,Milwaukee is BLANK Ali. Ali turns left. Milwaukee is East of Ali.,b1c9a0f0-680c-58c2-8a69-4c63ee969cad,base
A27EV0216FCLJW,1,5,context,1,geocentric_distant,geocentric_distant_context,East of,North of,Milwaukee is BLANK Ali. Ali turns left. Milwaukee is East of Ali.,b1c9a0f0-680c-58c2-8a69-4c63ee969cad,base
A2NMAOYBBJTO0R,1,5,context,1,geocentric_distant,geocentric_distant_context,East of,North of,Milwaukee is BLANK Ali. Ali turns left. Milwaukee is East of Ali.,b1c9a0f0-680c-58c2-8a69-4c63ee969cad,base
A2RCYLKY072XXO,1,5,context,1,geocentric_distant,geocentric_distant_context,East of,North of,Milwaukee is BLANK Ali. Ali turns left. Milwaukee is East of Ali.,b1c9a0f0-680c-58c2-8a69-4c63ee969cad,base
A2TR30V5KYFFSI,1,5,context,0,geocentric_distant,geocentric_distant_context,East of,North of,Milwaukee is BLANK Ali. Ali turns left. Milwaukee is East of Ali.,b1c9a0f0-680c-58c2-8a69-4c63ee969cad,base
A30BPQ2QGZOXN8,1,5,context,1,geocentric_distant,geocentric_distant_context,East of,North of,Milwaukee is BLANK Ali. Ali turns left. Milwaukee is East of Ali.,b1c9a0f0-680c-58c2-8a69-4c63ee969cad,base
A3493E42N1JZVF,1,5,context,0,geocentric_distant,geocentric_distant_context,East of,North of,Milwaukee is BLANK Ali. Ali turns left. Milwaukee is East of Ali.,b1c9a0f0-680c-58c2-8a69-4c63ee969cad,base
A39KJNWAFOD7N1,1,5,context,0,geocentric_distant,geocentric_distant_context,East of,North of,Milwaukee is BLANK Ali. Ali turns left. Milwaukee is East of Ali.,b1c9a0f0-680c-58c2-8a69-4c63ee969cad,base
A3G7QQTQIKYI2O,1,5,context,1,geocentric_distant,geocentric_distant_context,East of,North of,Milwaukee is BLANK Ali. Ali turns left. Milwaukee is East of Ali.,b1c9a0f0-680c-58c2-8a69-4c63ee969cad,base
A3GWRDHAURRNK6,1,5,context,1,geocentric_distant,geocentric_distant_context,East of,North of,Milwaukee is BLANK Ali. Ali turns left. Milwaukee is East of Ali.,b1c9a0f0-680c-58c2-8a69-4c63ee969cad,base
A3JQVSZWD3QLO6,1,5,context,1,geocentric_distant,geocentric_distant_context,East of,North of,Milwaukee is BLANK Ali. Ali turns left. Milwaukee is East of Ali.,b1c9a0f0-680c-58c2-8a69-4c63ee969cad,base
A6KOTWP7N7RLU,1,5,context,1,geocentric_distant,geocentric_distant_context,East of,North of,Milwaukee is BLANK Ali. Ali turns left. Milwaukee is East of Ali.,b1c9a0f0-680c-58c2-8a69-4c63ee969cad,base
A7KJBEXITHVAS,1,5,context,1,geocentric_distant,geocentric_distant_context,East of,North of,Milwaukee is BLANK Ali. Ali turns left. Milwaukee is East of Ali.,b1c9a0f0-680c-58c2-8a69-4c63ee969cad,base
AV9M7394RRARU,1,5,context,1,geocentric_distant,geocentric_distant_context,East of,North of,Milwaukee is BLANK Ali. Ali turns left. Milwaukee is East of Ali.,b1c9a0f0-680c-58c2-8a69-4c63ee969cad,base
A12J4IRF5Z06BT,1,5,context,1,geocentric_distant,geocentric_distant_context,East of,South of,Milwaukee is BLANK Ali. Ali turns right. Milwaukee is East of Ali.,b9877f9e-1fa9-545f-ac6d-fe640fc90d29,base
A19YRUF7K6FY78,1,5,context,0,geocentric_distant,geocentric_distant_context,East of,South of,Milwaukee is BLANK Ali. Ali turns right. Milwaukee is East of Ali.,b9877f9e-1fa9-545f-ac6d-fe640fc90d29,base
A1B1SWNEKFBTPM,1,5,context,0,geocentric_distant,geocentric_distant_context,East of,South of,Milwaukee is BLANK Ali. Ali turns right. Milwaukee is East of Ali.,b9877f9e-1fa9-545f-ac6d-fe640fc90d29,base
A1HGOFQI8TQCWB,1,5,context,1,geocentric_distant,geocentric_distant_context,East of,South of,Milwaukee is BLANK Ali. Ali turns right. Milwaukee is East of Ali.,b9877f9e-1fa9-545f-ac6d-fe640fc90d29,base
A1LA6CIGBNDOH9,1,5,context,0,geocentric_distant,geocentric_distant_context,East of,South of,Milwaukee is BLANK Ali. Ali turns right. Milwaukee is East of Ali.,b9877f9e-1fa9-545f-ac6d-fe640fc90d29,base
A1ROEDVMTO9Y3X,1,5,context,0,geocentric_distant,geocentric_distant_context,East of,South of,Milwaukee is BLANK Ali. Ali turns right. Milwaukee is East of Ali.,b9877f9e-1fa9-545f-ac6d-fe640fc90d29,base
A214V7ZRX7LEWZ,1,5,context,1,geocentric_distant,geocentric_distant_context,East of,South of,Milwaukee is BLANK Ali. Ali turns right. Milwaukee is East of Ali.,b9877f9e-1fa9-545f-ac6d-fe640fc90d29,base
A2616JPJO73667,1,5,context,1,geocentric_distant,geocentric_distant_context,East of,South of,Milwaukee is BLANK Ali. Ali turns right. Milwaukee is East of Ali.,b9877f9e-1fa9-545f-ac6d-fe640fc90d29,base
A27EV0216FCLJW,1,5,context,0,geocentric_distant,geocentric_distant_context,East of,South of,Milwaukee is BLANK Ali. Ali turns right. Milwaukee is East of Ali.,b9877f9e-1fa9-545f-ac6d-fe640fc90d29,base
A2NMAOYBBJTO0R,1,5,context,0,geocentric_distant,geocentric_distant_context,East of,South of,Milwaukee is BLANK Ali. Ali turns right. Milwaukee is East of Ali.,b9877f9e-1fa9-545f-ac6d-fe640fc90d29,base
A2RCYLKY072XXO,1,5,context,1,geocentric_distant,geocentric_distant_context,East of,South of,Milwaukee is BLANK Ali. Ali turns right. Milwaukee is East of Ali.,b9877f9e-1fa9-545f-ac6d-fe640fc90d29,base
A2TR30V5KYFFSI,1,5,context,0,geocentric_distant,geocentric_distant_context,East of,South of,Milwaukee is BLANK Ali. Ali turns right. Milwaukee is East of Ali.,b9877f9e-1fa9-545f-ac6d-fe640fc90d29,base
A30BPQ2QGZOXN8,1,5,context,0,geocentric_distant,geocentric_distant_context,East of,South of,Milwaukee is BLANK Ali. Ali turns right. Milwaukee is East of Ali.,b9877f9e-1fa9-545f-ac6d-fe640fc90d29,base
A3493E42N1JZVF,1,5,context,1,geocentric_distant,geocentric_distant_context,East of,South of,Milwaukee is BLANK Ali. Ali turns right. Milwaukee is East of Ali.,b9877f9e-1fa9-545f-ac6d-fe640fc90d29,base
A39KJNWAFOD7N1,1,5,context,0,geocentric_distant,geocentric_distant_context,East of,South of,Milwaukee is BLANK Ali. Ali turns right. Milwaukee is East of Ali.,b9877f9e-1fa9-545f-ac6d-fe640fc90d29,base
A3G7QQTQIKYI2O,1,5,context,0,geocentric_distant,geocentric_distant_context,East of,South of,Milwaukee is BLANK Ali. Ali turns right. Milwaukee is East of Ali.,b9877f9e-1fa9-545f-ac6d-fe640fc90d29,base
A3GWRDHAURRNK6,1,5,context,1,geocentric_distant,geocentric_distant_context,East of,South of,Milwaukee is BLANK Ali. Ali turns right. Milwaukee is East of Ali.,b9877f9e-1fa9-545f-ac6d-fe640fc90d29,base
A3JQVSZWD3QLO6,1,5,context,1,geocentric_distant,geocentric_distant_context,East of,South of,Milwaukee is BLANK Ali. Ali turns right. Milwaukee is East of Ali.,b9877f9e-1fa9-545f-ac6d-fe640fc90d29,base
A6KOTWP7N7RLU,1,5,context,1,geocentric_distant,geocentric_distant_context,East of,South of,Milwaukee is BLANK Ali. Ali turns right. Milwaukee is East of Ali.,b9877f9e-1fa9-545f-ac6d-fe640fc90d29,base
A7KJBEXITHVAS,1,5,context,1,geocentric_distant,geocentric_distant_context,East of,South of,Milwaukee is BLANK Ali. Ali turns right. Milwaukee is East of Ali.,b9877f9e-1fa9-545f-ac6d-fe640fc90d29,base
AV9M7394RRARU,1,5,context,1,geocentric_distant,geocentric_distant_context,East of,South of,Milwaukee is BLANK Ali. Ali turns right. Milwaukee is East of Ali.,b9877f9e-1fa9-545f-ac6d-fe640fc90d29,base
A12J4IRF5Z06BT,1,5,context,1,geocentric_distant,geocentric_distant_context,West,East,Milwaukee is BLANK of Ali. Ali walks East. Ali is getting further from Milwaukee.,19fa119e-2211-5354-8990-a7b00faec3f1,base
A19YRUF7K6FY78,1,5,context,1,geocentric_distant,geocentric_distant_context,West,East,Milwaukee is BLANK of Ali. Ali walks East. Ali is getting further from Milwaukee.,19fa119e-2211-5354-8990-a7b00faec3f1,base
A1B1SWNEKFBTPM,1,5,context,1,geocentric_distant,geocentric_distant_context,West,East,Milwaukee is BLANK of Ali. Ali walks East. Ali is getting further from Milwaukee.,19fa119e-2211-5354-8990-a7b00faec3f1,base
A1HGOFQI8TQCWB,1,5,context,0,geocentric_distant,geocentric_distant_context,West,East,Milwaukee is BLANK of Ali. Ali walks East. Ali is getting further from Milwaukee.,19fa119e-2211-5354-8990-a7b00faec3f1,base
A1LA6CIGBNDOH9,1,5,context,1,geocentric_distant,geocentric_distant_context,West,East,Milwaukee is BLANK of Ali. Ali walks East. Ali is getting further from Milwaukee.,19fa119e-2211-5354-8990-a7b00faec3f1,base
A1ROEDVMTO9Y3X,1,5,context,1,geocentric_distant,geocentric_distant_context,West,East,Milwaukee is BLANK of Ali. Ali walks East. Ali is getting further from Milwaukee.,19fa119e-2211-5354-8990-a7b00faec3f1,base
A214V7ZRX7LEWZ,1,5,context,1,geocentric_distant,geocentric_distant_context,West,East,Milwaukee is BLANK of Ali. Ali walks East. Ali is getting further from Milwaukee.,19fa119e-2211-5354-8990-a7b00faec3f1,base
A2616JPJO73667,1,5,context,1,geocentric_distant,geocentric_distant_context,West,East,Milwaukee is BLANK of Ali. Ali walks East. Ali is getting further from Milwaukee.,19fa119e-2211-5354-8990-a7b00faec3f1,base
A27EV0216FCLJW,1,5,context,1,geocentric_distant,geocentric_distant_context,West,East,Milwaukee is BLANK of Ali. Ali walks East. Ali is getting further from Milwaukee.,19fa119e-2211-5354-8990-a7b00faec3f1,base
A2NMAOYBBJTO0R,1,5,context,1,geocentric_distant,geocentric_distant_context,West,East,Milwaukee is BLANK of Ali. Ali walks East. Ali is getting further from Milwaukee.,19fa119e-2211-5354-8990-a7b00faec3f1,base
A2RCYLKY072XXO,1,5,context,1,geocentric_distant,geocentric_distant_context,West,East,Milwaukee is BLANK of Ali. Ali walks East. Ali is getting further from Milwaukee.,19fa119e-2211-5354-8990-a7b00faec3f1,base
A2TR30V5KYFFSI,1,5,context,1,geocentric_distant,geocentric_distant_context,West,East,Milwaukee is BLANK of Ali. Ali walks East. Ali is getting further from Milwaukee.,19fa119e-2211-5354-8990-a7b00faec3f1,base
A30BPQ2QGZOXN8,1,5,context,1,geocentric_distant,geocentric_distant_context,West,East,Milwaukee is BLANK of Ali. Ali walks East. Ali is getting further from Milwaukee.,19fa119e-2211-5354-8990-a7b00faec3f1,base
A3493E42N1JZVF,1,5,context,1,geocentric_distant,geocentric_distant_context,West,East,Milwaukee is BLANK of Ali. Ali walks East. Ali is getting further from Milwaukee.,19fa119e-2211-5354-8990-a7b00faec3f1,base
A39KJNWAFOD7N1,1,5,context,1,geocentric_distant,geocentric_distant_context,West,East,Milwaukee is BLANK of Ali. Ali walks East. Ali is getting further from Milwaukee.,19fa119e-2211-5354-8990-a7b00faec3f1,base
A3G7QQTQIKYI2O,1,5,context,1,geocentric_distant,geocentric_distant_context,West,East,Milwaukee is BLANK of Ali. Ali walks East. Ali is getting further from Milwaukee.,19fa119e-2211-5354-8990-a7b00faec3f1,base
A3GWRDHAURRNK6,1,5,context,0,geocentric_distant,geocentric_distant_context,West,East,Milwaukee is BLANK of Ali. Ali walks East. Ali is getting further from Milwaukee.,19fa119e-2211-5354-8990-a7b00faec3f1,base
A3JQVSZWD3QLO6,1,5,context,1,geocentric_distant,geocentric_distant_context,West,East,Milwaukee is BLANK of Ali. Ali walks East. Ali is getting further from Milwaukee.,19fa119e-2211-5354-8990-a7b00faec3f1,base
A6KOTWP7N7RLU,1,5,context,1,geocentric_distant,geocentric_distant_context,West,East,Milwaukee is BLANK of Ali. Ali walks East. Ali is getting further from Milwaukee.,19fa119e-2211-5354-8990-a7b00faec3f1,base
A7KJBEXITHVAS,1,5,context,1,geocentric_distant,geocentric_distant_context,West,East,Milwaukee is BLANK of Ali. Ali walks East. Ali is getting further from Milwaukee.,19fa119e-2211-5354-8990-a7b00faec3f1,base
AV9M7394RRARU,1,5,context,1,geocentric_distant,geocentric_distant_context,West,East,Milwaukee is BLANK of Ali. Ali walks East. Ali is getting further from Milwaukee.,19fa119e-2211-5354-8990-a7b00faec3f1,base
A12J4IRF5Z06BT,1,5,context,0,two_refs_geocentric,two_refs_geocentric_context,East,West,Milwaukee is North of Mark. Mark goes BLANK. Milwaukee is Northwest of Mark.,a4e641f8-8936-52ee-87ee-a034509bc15f,base
A19YRUF7K6FY78,1,5,context,0,two_refs_geocentric,two_refs_geocentric_context,East,West,Milwaukee is North of Mark. Mark goes BLANK. Milwaukee is Northwest of Mark.,a4e641f8-8936-52ee-87ee-a034509bc15f,base
A1B1SWNEKFBTPM,1,5,context,0,two_refs_geocentric,two_refs_geocentric_context,East,West,Milwaukee is North of Mark. Mark goes BLANK. Milwaukee is Northwest of Mark.,a4e641f8-8936-52ee-87ee-a034509bc15f,base
A1HGOFQI8TQCWB,1,5,context,0,two_refs_geocentric,two_refs_geocentric_context,East,West,Milwaukee is North of Mark. Mark goes BLANK. Milwaukee is Northwest of Mark.,a4e641f8-8936-52ee-87ee-a034509bc15f,base
A1LA6CIGBNDOH9,1,5,context,0,two_refs_geocentric,two_refs_geocentric_context,East,West,Milwaukee is North of Mark. Mark goes BLANK. Milwaukee is Northwest of Mark.,a4e641f8-8936-52ee-87ee-a034509bc15f,base
A1ROEDVMTO9Y3X,1,5,context,0,two_refs_geocentric,two_refs_geocentric_context,East,West,Milwaukee is North of Mark. Mark goes BLANK. Milwaukee is Northwest of Mark.,a4e641f8-8936-52ee-87ee-a034509bc15f,base
A214V7ZRX7LEWZ,1,5,context,0,two_refs_geocentric,two_refs_geocentric_context,East,West,Milwaukee is North of Mark. Mark goes BLANK. Milwaukee is Northwest of Mark.,a4e641f8-8936-52ee-87ee-a034509bc15f,base
A2616JPJO73667,1,5,context,1,two_refs_geocentric,two_refs_geocentric_context,East,West,Milwaukee is North of Mark. Mark goes BLANK. Milwaukee is Northwest of Mark.,a4e641f8-8936-52ee-87ee-a034509bc15f,base
A27EV0216FCLJW,1,5,context,0,two_refs_geocentric,two_refs_geocentric_context,East,West,Milwaukee is North of Mark. Mark goes BLANK. Milwaukee is Northwest of Mark.,a4e641f8-8936-52ee-87ee-a034509bc15f,base
A2NMAOYBBJTO0R,1,5,context,0,two_refs_geocentric,two_refs_geocentric_context,East,West,Milwaukee is North of Mark. Mark goes BLANK. Milwaukee is Northwest of Mark.,a4e641f8-8936-52ee-87ee-a034509bc15f,base
A2RCYLKY072XXO,1,5,context,0,two_refs_geocentric,two_refs_geocentric_context,East,West,Milwaukee is North of Mark. Mark goes BLANK. Milwaukee is Northwest of Mark.,a4e641f8-8936-52ee-87ee-a034509bc15f,base
A2TR30V5KYFFSI,1,5,context,0,two_refs_geocentric,two_refs_geocentric_context,East,West,Milwaukee is North of Mark. Mark goes BLANK. Milwaukee is Northwest of Mark.,a4e641f8-8936-52ee-87ee-a034509bc15f,base
A30BPQ2QGZOXN8,1,5,context,0,two_refs_geocentric,two_refs_geocentric_context,East,West,Milwaukee is North of Mark. Mark goes BLANK. Milwaukee is Northwest of Mark.,a4e641f8-8936-52ee-87ee-a034509bc15f,base
A3493E42N1JZVF,1,5,context,0,two_refs_geocentric,two_refs_geocentric_context,East,West,Milwaukee is North of Mark. Mark goes BLANK. Milwaukee is Northwest of Mark.,a4e641f8-8936-52ee-87ee-a034509bc15f,base
A39KJNWAFOD7N1,1,5,context,0,two_refs_geocentric,two_refs_geocentric_context,East,West,Milwaukee is North of Mark. Mark goes BLANK. Milwaukee is Northwest of Mark.,a4e641f8-8936-52ee-87ee-a034509bc15f,base
A3G7QQTQIKYI2O,1,5,context,0,two_refs_geocentric,two_refs_geocentric_context,East,West,Milwaukee is North of Mark. Mark goes BLANK. Milwaukee is Northwest of Mark.,a4e641f8-8936-52ee-87ee-a034509bc15f,base
A3GWRDHAURRNK6,1,5,context,1,two_refs_geocentric,two_refs_geocentric_context,East,West,Milwaukee is North of Mark. Mark goes BLANK. Milwaukee is Northwest of Mark.,a4e641f8-8936-52ee-87ee-a034509bc15f,base
A3JQVSZWD3QLO6,1,5,context,1,two_refs_geocentric,two_refs_geocentric_context,East,West,Milwaukee is North of Mark. Mark goes BLANK. Milwaukee is Northwest of Mark.,a4e641f8-8936-52ee-87ee-a034509bc15f,base
A6KOTWP7N7RLU,1,5,context,1,two_refs_geocentric,two_refs_geocentric_context,East,West,Milwaukee is North of Mark. Mark goes BLANK. Milwaukee is Northwest of Mark.,a4e641f8-8936-52ee-87ee-a034509bc15f,base
A7KJBEXITHVAS,1,5,context,1,two_refs_geocentric,two_refs_geocentric_context,East,West,Milwaukee is North of Mark. Mark goes BLANK. Milwaukee is Northwest of Mark.,a4e641f8-8936-52ee-87ee-a034509bc15f,base
AV9M7394RRARU,1,5,context,1,two_refs_geocentric,two_refs_geocentric_context,East,West,Milwaukee is North of Mark. Mark goes BLANK. Milwaukee is Northwest of Mark.,a4e641f8-8936-52ee-87ee-a034509bc15f,base
A12J4IRF5Z06BT,1,5,context,1,egocentric_distant,egocentric_distant_context,right,left,Milwaukee is to Ali's BLANK. Ali turns left. Ali is facing away from Milwaukee.,c197738c-2b0f-563f-a553-cbd2456d488a,base
A19YRUF7K6FY78,1,5,context,0,egocentric_distant,egocentric_distant_context,right,left,Milwaukee is to Ali's BLANK. Ali turns left. Ali is facing away from Milwaukee.,c197738c-2b0f-563f-a553-cbd2456d488a,base
A1B1SWNEKFBTPM,1,5,context,1,egocentric_distant,egocentric_distant_context,right,left,Milwaukee is to Ali's BLANK. Ali turns left. Ali is facing away from Milwaukee.,c197738c-2b0f-563f-a553-cbd2456d488a,base
A1HGOFQI8TQCWB,1,5,context,1,egocentric_distant,egocentric_distant_context,right,left,Milwaukee is to Ali's BLANK. Ali turns left. Ali is facing away from Milwaukee.,c197738c-2b0f-563f-a553-cbd2456d488a,base
A1LA6CIGBNDOH9,1,5,context,1,egocentric_distant,egocentric_distant_context,right,left,Milwaukee is to Ali's BLANK. Ali turns left. Ali is facing away from Milwaukee.,c197738c-2b0f-563f-a553-cbd2456d488a,base
A1ROEDVMTO9Y3X,1,5,context,1,egocentric_distant,egocentric_distant_context,right,left,Milwaukee is to Ali's BLANK. Ali turns left. Ali is facing away from Milwaukee.,c197738c-2b0f-563f-a553-cbd2456d488a,base
A214V7ZRX7LEWZ,1,5,context,1,egocentric_distant,egocentric_distant_context,right,left,Milwaukee is to Ali's BLANK. Ali turns left. Ali is facing away from Milwaukee.,c197738c-2b0f-563f-a553-cbd2456d488a,base
A2616JPJO73667,1,5,context,0,egocentric_distant,egocentric_distant_context,right,left,Milwaukee is to Ali's BLANK. Ali turns left. Ali is facing away from Milwaukee.,c197738c-2b0f-563f-a553-cbd2456d488a,base
A27EV0216FCLJW,1,5,context,0,egocentric_distant,egocentric_distant_context,right,left,Milwaukee is to Ali's BLANK. Ali turns left. Ali is facing away from Milwaukee.,c197738c-2b0f-563f-a553-cbd2456d488a,base
A2NMAOYBBJTO0R,1,5,context,1,egocentric_distant,egocentric_distant_context,right,left,Milwaukee is to Ali's BLANK. Ali turns left. Ali is facing away from Milwaukee.,c197738c-2b0f-563f-a553-cbd2456d488a,base
A2RCYLKY072XXO,1,5,context,1,egocentric_distant,egocentric_distant_context,right,left,Milwaukee is to Ali's BLANK. Ali turns left. Ali is facing away from Milwaukee.,c197738c-2b0f-563f-a553-cbd2456d488a,base
A2TR30V5KYFFSI,1,5,context,1,egocentric_distant,egocentric_distant_context,right,left,Milwaukee is to Ali's BLANK. Ali turns left. Ali is facing away from Milwaukee.,c197738c-2b0f-563f-a553-cbd2456d488a,base
A30BPQ2QGZOXN8,1,5,context,1,egocentric_distant,egocentric_distant_context,right,left,Milwaukee is to Ali's BLANK. Ali turns left. Ali is facing away from Milwaukee.,c197738c-2b0f-563f-a553-cbd2456d488a,base
A3493E42N1JZVF,1,5,context,1,egocentric_distant,egocentric_distant_context,right,left,Milwaukee is to Ali's BLANK. Ali turns left. Ali is facing away from Milwaukee.,c197738c-2b0f-563f-a553-cbd2456d488a,base
A39KJNWAFOD7N1,1,5,context,1,egocentric_distant,egocentric_distant_context,right,left,Milwaukee is to Ali's BLANK. Ali turns left. Ali is facing away from Milwaukee.,c197738c-2b0f-563f-a553-cbd2456d488a,base
A3G7QQTQIKYI2O,1,5,context,0,egocentric_distant,egocentric_distant_context,right,left,Milwaukee is to Ali's BLANK. Ali turns left. Ali is facing away from Milwaukee.,c197738c-2b0f-563f-a553-cbd2456d488a,base
A3GWRDHAURRNK6,1,5,context,1,egocentric_distant,egocentric_distant_context,right,left,Milwaukee is to Ali's BLANK. Ali turns left. Ali is facing away from Milwaukee.,c197738c-2b0f-563f-a553-cbd2456d488a,base
A3JQVSZWD3QLO6,1,5,context,0,egocentric_distant,egocentric_distant_context,right,left,Milwaukee is to Ali's BLANK. Ali turns left. Ali is facing away from Milwaukee.,c197738c-2b0f-563f-a553-cbd2456d488a,base
A6KOTWP7N7RLU,1,5,context,1,egocentric_distant,egocentric_distant_context,right,left,Milwaukee is to Ali's BLANK. Ali turns left. Ali is facing away from Milwaukee.,c197738c-2b0f-563f-a553-cbd2456d488a,base
A7KJBEXITHVAS,1,5,context,1,egocentric_distant,egocentric_distant_context,right,left,Milwaukee is to Ali's BLANK. Ali turns left. Ali is facing away from Milwaukee.,c197738c-2b0f-563f-a553-cbd2456d488a,base
AV9M7394RRARU,1,5,context,1,egocentric_distant,egocentric_distant_context,right,left,Milwaukee is to Ali's BLANK. Ali turns left. Ali is facing away from Milwaukee.,c197738c-2b0f-563f-a553-cbd2456d488a,base
A12J4IRF5Z06BT,1,5,context,1,relative_pos,relative_pos_context,ball,box,The ball and the box are on top of the ramp. The BLANK goes down the ramp. The ball is lower than the box.,e849025a-33fd-52ae-85fe-ebf65622a048,base
A19YRUF7K6FY78,1,5,context,1,relative_pos,relative_pos_context,ball,box,The ball and the box are on top of the ramp. The BLANK goes down the ramp. The ball is lower than the box.,e849025a-33fd-52ae-85fe-ebf65622a048,base
A1B1SWNEKFBTPM,1,5,context,0,relative_pos,relative_pos_context,ball,box,The ball and the box are on top of the ramp. The BLANK goes down the ramp. The ball is lower than the box.,e849025a-33fd-52ae-85fe-ebf65622a048,base
A1HGOFQI8TQCWB,1,5,context,1,relative_pos,relative_pos_context,ball,box,The ball and the box are on top of the ramp. The BLANK goes down the ramp. The ball is lower than the box.,e849025a-33fd-52ae-85fe-ebf65622a048,base
A1LA6CIGBNDOH9,1,5,context,1,relative_pos,relative_pos_context,ball,box,The ball and the box are on top of the ramp. The BLANK goes down the ramp. The ball is lower than the box.,e849025a-33fd-52ae-85fe-ebf65622a048,base
A1ROEDVMTO9Y3X,1,5,context,1,relative_pos,relative_pos_context,ball,box,The ball and the box are on top of the ramp. The BLANK goes down the ramp. The ball is lower than the box.,e849025a-33fd-52ae-85fe-ebf65622a048,base
A214V7ZRX7LEWZ,1,5,context,0,relative_pos,relative_pos_context,ball,box,The ball and the box are on top of the ramp. The BLANK goes down the ramp. The ball is lower than the box.,e849025a-33fd-52ae-85fe-ebf65622a048,base
A2616JPJO73667,1,5,context,1,relative_pos,relative_pos_context,ball,box,The ball and the box are on top of the ramp. The BLANK goes down the ramp. The ball is lower than the box.,e849025a-33fd-52ae-85fe-ebf65622a048,base
A27EV0216FCLJW,1,5,context,1,relative_pos,relative_pos_context,ball,box,The ball and the box are on top of the ramp. The BLANK goes down the ramp. The ball is lower than the box.,e849025a-33fd-52ae-85fe-ebf65622a048,base
A2NMAOYBBJTO0R,1,5,context,1,relative_pos,relative_pos_context,ball,box,The ball and the box are on top of the ramp. The BLANK goes down the ramp. The ball is lower than the box.,e849025a-33fd-52ae-85fe-ebf65622a048,base
A2RCYLKY072XXO,1,5,context,1,relative_pos,relative_pos_context,ball,box,The ball and the box are on top of the ramp. The BLANK goes down the ramp. The ball is lower than the box.,e849025a-33fd-52ae-85fe-ebf65622a048,base
A2TR30V5KYFFSI,1,5,context,1,relative_pos,relative_pos_context,ball,box,The ball and the box are on top of the ramp. The BLANK goes down the ramp. The ball is lower than the box.,e849025a-33fd-52ae-85fe-ebf65622a048,base
A30BPQ2QGZOXN8,1,5,context,1,relative_pos,relative_pos_context,ball,box,The ball and the box are on top of the ramp. The BLANK goes down the ramp. The ball is lower than the box.,e849025a-33fd-52ae-85fe-ebf65622a048,base
A3493E42N1JZVF,1,5,context,1,relative_pos,relative_pos_context,ball,box,The ball and the box are on top of the ramp. The BLANK goes down the ramp. The ball is lower than the box.,e849025a-33fd-52ae-85fe-ebf65622a048,base
A39KJNWAFOD7N1,1,5,context,1,relative_pos,relative_pos_context,ball,box,The ball and the box are on top of the ramp. The BLANK goes down the ramp. The ball is lower than the box.,e849025a-33fd-52ae-85fe-ebf65622a048,base
A3G7QQTQIKYI2O,1,5,context,1,relative_pos,relative_pos_context,ball,box,The ball and the box are on top of the ramp. The BLANK goes down the ramp. The ball is lower than the box.,e849025a-33fd-52ae-85fe-ebf65622a048,base
A3GWRDHAURRNK6,1,5,context,1,relative_pos,relative_pos_context,ball,box,The ball and the box are on top of the ramp. The BLANK goes down the ramp. The ball is lower than the box.,e849025a-33fd-52ae-85fe-ebf65622a048,base
A3JQVSZWD3QLO6,1,5,context,0,relative_pos,relative_pos_context,ball,box,The ball and the box are on top of the ramp. The BLANK goes down the ramp. The ball is lower than the box.,e849025a-33fd-52ae-85fe-ebf65622a048,base
A6KOTWP7N7RLU,1,5,context,1,relative_pos,relative_pos_context,ball,box,The ball and the box are on top of the ramp. The BLANK goes down the ramp. The ball is lower than the box.,e849025a-33fd-52ae-85fe-ebf65622a048,base
A7KJBEXITHVAS,1,5,context,0,relative_pos,relative_pos_context,ball,box,The ball and the box are on top of the ramp. The BLANK goes down the ramp. The ball is lower than the box.,e849025a-33fd-52ae-85fe-ebf65622a048,base
AV9M7394RRARU,1,5,context,1,relative_pos,relative_pos_context,ball,box,The ball and the box are on top of the ramp. The BLANK goes down the ramp. The ball is lower than the box.,e849025a-33fd-52ae-85fe-ebf65622a048,base
A12J4IRF5Z06BT,1,5,context,0,action_nonfollows,action_nonfollows_context,far from,touching,The ball is BLANK the box. Ali moves the box. The ball doesn't move.,c3650617-8199-590c-8d8b-d16df14b77b1,base
A19YRUF7K6FY78,1,5,context,1,action_nonfollows,action_nonfollows_context,far from,touching,The ball is BLANK the box. Ali moves the box. The ball doesn't move.,c3650617-8199-590c-8d8b-d16df14b77b1,base
A1B1SWNEKFBTPM,1,5,context,1,action_nonfollows,action_nonfollows_context,far from,touching,The ball is BLANK the box. Ali moves the box. The ball doesn't move.,c3650617-8199-590c-8d8b-d16df14b77b1,base
A1HGOFQI8TQCWB,1,5,context,1,action_nonfollows,action_nonfollows_context,far from,touching,The ball is BLANK the box. Ali moves the box. The ball doesn't move.,c3650617-8199-590c-8d8b-d16df14b77b1,base
A1LA6CIGBNDOH9,1,5,context,1,action_nonfollows,action_nonfollows_context,far from,touching,The ball is BLANK the box. Ali moves the box. The ball doesn't move.,c3650617-8199-590c-8d8b-d16df14b77b1,base
A1ROEDVMTO9Y3X,1,5,context,0,action_nonfollows,action_nonfollows_context,far from,touching,The ball is BLANK the box. Ali moves the box. The ball doesn't move.,c3650617-8199-590c-8d8b-d16df14b77b1,base
A214V7ZRX7LEWZ,1,5,context,0,action_nonfollows,action_nonfollows_context,far from,touching,The ball is BLANK the box. Ali moves the box. The ball doesn't move.,c3650617-8199-590c-8d8b-d16df14b77b1,base
A2616JPJO73667,1,5,context,1,action_nonfollows,action_nonfollows_context,far from,touching,The ball is BLANK the box. Ali moves the box. The ball doesn't move.,c3650617-8199-590c-8d8b-d16df14b77b1,base
A27EV0216FCLJW,1,5,context,1,action_nonfollows,action_nonfollows_context,far from,touching,The ball is BLANK the box. Ali moves the box. The ball doesn't move.,c3650617-8199-590c-8d8b-d16df14b77b1,base
A2NMAOYBBJTO0R,1,5,context,0,action_nonfollows,action_nonfollows_context,far from,touching,The ball is BLANK the box. Ali moves the box. The ball doesn't move.,c3650617-8199-590c-8d8b-d16df14b77b1,base
A2RCYLKY072XXO,1,5,context,1,action_nonfollows,action_nonfollows_context,far from,touching,The ball is BLANK the box. Ali moves the box. The ball doesn't move.,c3650617-8199-590c-8d8b-d16df14b77b1,base
A2TR30V5KYFFSI,1,5,context,1,action_nonfollows,action_nonfollows_context,far from,touching,The ball is BLANK the box. Ali moves the box. The ball doesn't move.,c3650617-8199-590c-8d8b-d16df14b77b1,base
A30BPQ2QGZOXN8,1,5,context,0,action_nonfollows,action_nonfollows_context,far from,touching,The ball is BLANK the box. Ali moves the box. The ball doesn't move.,c3650617-8199-590c-8d8b-d16df14b77b1,base
A3493E42N1JZVF,1,5,context,1,action_nonfollows,action_nonfollows_context,far from,touching,The ball is BLANK the box. Ali moves the box. The ball doesn't move.,c3650617-8199-590c-8d8b-d16df14b77b1,base
A39KJNWAFOD7N1,1,5,context,1,action_nonfollows,action_nonfollows_context,far from,touching,The ball is BLANK the box. Ali moves the box. The ball doesn't move.,c3650617-8199-590c-8d8b-d16df14b77b1,base
A3G7QQTQIKYI2O,1,5,context,0,action_nonfollows,action_nonfollows_context,far from,touching,The ball is BLANK the box. Ali moves the box. The ball doesn't move.,c3650617-8199-590c-8d8b-d16df14b77b1,base
A3GWRDHAURRNK6,1,5,context,1,action_nonfollows,action_nonfollows_context,far from,touching,The ball is BLANK the box. Ali moves the box. The ball doesn't move.,c3650617-8199-590c-8d8b-d16df14b77b1,base
A3JQVSZWD3QLO6,1,5,context,1,action_nonfollows,action_nonfollows_context,far from,touching,The ball is BLANK the box. Ali moves the box. The ball doesn't move.,c3650617-8199-590c-8d8b-d16df14b77b1,base
A6KOTWP7N7RLU,1,5,context,1,action_nonfollows,action_nonfollows_context,far from,touching,The ball is BLANK the box. Ali moves the box. The ball doesn't move.,c3650617-8199-590c-8d8b-d16df14b77b1,base
A7KJBEXITHVAS,1,5,context,1,action_nonfollows,action_nonfollows_context,far from,touching,The ball is BLANK the box. Ali moves the box. The ball doesn't move.,c3650617-8199-590c-8d8b-d16df14b77b1,base
AV9M7394RRARU,1,5,context,1,action_nonfollows,action_nonfollows_context,far from,touching,The ball is BLANK the box. Ali moves the box. The ball doesn't move.,c3650617-8199-590c-8d8b-d16df14b77b1,base
A12J4IRF5Z06BT,1,5,context,0,action_nonfollows,action_nonfollows_context,under,on,The book is BLANK the table. Ali moves the table. The book doesn't move.,daae5815-074e-5b9c-a1b7-d2704748305c,base
A19YRUF7K6FY78,1,5,context,0,action_nonfollows,action_nonfollows_context,under,on,The book is BLANK the table. Ali moves the table. The book doesn't move.,daae5815-074e-5b9c-a1b7-d2704748305c,base
A1B1SWNEKFBTPM,1,5,context,1,action_nonfollows,action_nonfollows_context,under,on,The book is BLANK the table. Ali moves the table. The book doesn't move.,daae5815-074e-5b9c-a1b7-d2704748305c,base
A1HGOFQI8TQCWB,1,5,context,0,action_nonfollows,action_nonfollows_context,under,on,The book is BLANK the table. Ali moves the table. The book doesn't move.,daae5815-074e-5b9c-a1b7-d2704748305c,base
A1LA6CIGBNDOH9,1,5,context,1,action_nonfollows,action_nonfollows_context,under,on,The book is BLANK the table. Ali moves the table. The book doesn't move.,daae5815-074e-5b9c-a1b7-d2704748305c,base
A1ROEDVMTO9Y3X,1,5,context,0,action_nonfollows,action_nonfollows_context,under,on,The book is BLANK the table. Ali moves the table. The book doesn't move.,daae5815-074e-5b9c-a1b7-d2704748305c,base
A214V7ZRX7LEWZ,1,5,context,1,action_nonfollows,action_nonfollows_context,under,on,The book is BLANK the table. Ali moves the table. The book doesn't move.,daae5815-074e-5b9c-a1b7-d2704748305c,base
A2616JPJO73667,1,5,context,0,action_nonfollows,action_nonfollows_context,under,on,The book is BLANK the table. Ali moves the table. The book doesn't move.,daae5815-074e-5b9c-a1b7-d2704748305c,base
A27EV0216FCLJW,1,5,context,0,action_nonfollows,action_nonfollows_context,under,on,The book is BLANK the table. Ali moves the table. The book doesn't move.,daae5815-074e-5b9c-a1b7-d2704748305c,base
A2NMAOYBBJTO0R,1,5,context,1,action_nonfollows,action_nonfollows_context,under,on,The book is BLANK the table. Ali moves the table. The book doesn't move.,daae5815-074e-5b9c-a1b7-d2704748305c,base
A2RCYLKY072XXO,1,5,context,0,action_nonfollows,action_nonfollows_context,under,on,The book is BLANK the table. Ali moves the table. The book doesn't move.,daae5815-074e-5b9c-a1b7-d2704748305c,base
A2TR30V5KYFFSI,1,5,context,1,action_nonfollows,action_nonfollows_context,under,on,The book is BLANK the table. Ali moves the table. The book doesn't move.,daae5815-074e-5b9c-a1b7-d2704748305c,base
A30BPQ2QGZOXN8,1,5,context,1,action_nonfollows,action_nonfollows_context,under,on,The book is BLANK the table. Ali moves the table. The book doesn't move.,daae5815-074e-5b9c-a1b7-d2704748305c,base
A3493E42N1JZVF,1,5,context,1,action_nonfollows,action_nonfollows_context,under,on,The book is BLANK the table. Ali moves the table. The book doesn't move.,daae5815-074e-5b9c-a1b7-d2704748305c,base
A39KJNWAFOD7N1,1,5,context,1,action_nonfollows,action_nonfollows_context,under,on,The book is BLANK the table. Ali moves the table. The book doesn't move.,daae5815-074e-5b9c-a1b7-d2704748305c,base
A3G7QQTQIKYI2O,1,5,context,1,action_nonfollows,action_nonfollows_context,under,on,The book is BLANK the table. Ali moves the table. The book doesn't move.,daae5815-074e-5b9c-a1b7-d2704748305c,base
A3GWRDHAURRNK6,1,5,context,1,action_nonfollows,action_nonfollows_context,under,on,The book is BLANK the table. Ali moves the table. The book doesn't move.,daae5815-074e-5b9c-a1b7-d2704748305c,base
A3JQVSZWD3QLO6,1,5,context,1,action_nonfollows,action_nonfollows_context,under,on,The book is BLANK the table. Ali moves the table. The book doesn't move.,daae5815-074e-5b9c-a1b7-d2704748305c,base
A6KOTWP7N7RLU,1,5,context,1,action_nonfollows,action_nonfollows_context,under,on,The book is BLANK the table. Ali moves the table. The book doesn't move.,daae5815-074e-5b9c-a1b7-d2704748305c,base
A7KJBEXITHVAS,1,5,context,1,action_nonfollows,action_nonfollows_context,under,on,The book is BLANK the table. Ali moves the table. The book doesn't move.,daae5815-074e-5b9c-a1b7-d2704748305c,base
AV9M7394RRARU,1,5,context,1,action_nonfollows,action_nonfollows_context,under,on,The book is BLANK the table. Ali moves the table. The book doesn't move.,daae5815-074e-5b9c-a1b7-d2704748305c,base
A12J4IRF5Z06BT,1,5,context,0,geocentric_near,geocentric_near_context,North of,South of,The box is BLANK Ali. Ali turns around. The box is North of Ali.,cdb36630-3e0a-5c82-9cdf-40f72ff02544,base
A19YRUF7K6FY78,1,5,context,1,geocentric_near,geocentric_near_context,North of,South of,The box is BLANK Ali. Ali turns around. The box is North of Ali.,cdb36630-3e0a-5c82-9cdf-40f72ff02544,base
A1B1SWNEKFBTPM,1,5,context,0,geocentric_near,geocentric_near_context,North of,South of,The box is BLANK Ali. Ali turns around. The box is North of Ali.,cdb36630-3e0a-5c82-9cdf-40f72ff02544,base
A1HGOFQI8TQCWB,1,5,context,0,geocentric_near,geocentric_near_context,North of,South of,The box is BLANK Ali. Ali turns around. The box is North of Ali.,cdb36630-3e0a-5c82-9cdf-40f72ff02544,base
A1LA6CIGBNDOH9,1,5,context,1,geocentric_near,geocentric_near_context,North of,South of,The box is BLANK Ali. Ali turns around. The box is North of Ali.,cdb36630-3e0a-5c82-9cdf-40f72ff02544,base
A1ROEDVMTO9Y3X,1,5,context,0,geocentric_near,geocentric_near_context,North of,South of,The box is BLANK Ali. Ali turns around. The box is North of Ali.,cdb36630-3e0a-5c82-9cdf-40f72ff02544,base
A214V7ZRX7LEWZ,1,5,context,0,geocentric_near,geocentric_near_context,North of,South of,The box is BLANK Ali. Ali turns around. The box is North of Ali.,cdb36630-3e0a-5c82-9cdf-40f72ff02544,base
A2616JPJO73667,1,5,context,0,geocentric_near,geocentric_near_context,North of,South of,The box is BLANK Ali. Ali turns around. The box is North of Ali.,cdb36630-3e0a-5c82-9cdf-40f72ff02544,base
A27EV0216FCLJW,1,5,context,0,geocentric_near,geocentric_near_context,North of,South of,The box is BLANK Ali. Ali turns around. The box is North of Ali.,cdb36630-3e0a-5c82-9cdf-40f72ff02544,base
A2NMAOYBBJTO0R,1,5,context,0,geocentric_near,geocentric_near_context,North of,South of,The box is BLANK Ali. Ali turns around. The box is North of Ali.,cdb36630-3e0a-5c82-9cdf-40f72ff02544,base
A2RCYLKY072XXO,1,5,context,1,geocentric_near,geocentric_near_context,North of,South of,The box is BLANK Ali. Ali turns around. The box is North of Ali.,cdb36630-3e0a-5c82-9cdf-40f72ff02544,base
A2TR30V5KYFFSI,1,5,context,0,geocentric_near,geocentric_near_context,North of,South of,The box is BLANK Ali. Ali turns around. The box is North of Ali.,cdb36630-3e0a-5c82-9cdf-40f72ff02544,base
A30BPQ2QGZOXN8,1,5,context,0,geocentric_near,geocentric_near_context,North of,South of,The box is BLANK Ali. Ali turns around. The box is North of Ali.,cdb36630-3e0a-5c82-9cdf-40f72ff02544,base
A3493E42N1JZVF,1,5,context,1,geocentric_near,geocentric_near_context,North of,South of,The box is BLANK Ali. Ali turns around. The box is North of Ali.,cdb36630-3e0a-5c82-9cdf-40f72ff02544,base
A39KJNWAFOD7N1,1,5,context,1,geocentric_near,geocentric_near_context,North of,South of,The box is BLANK Ali. Ali turns around. The box is North of Ali.,cdb36630-3e0a-5c82-9cdf-40f72ff02544,base
A3G7QQTQIKYI2O,1,5,context,1,geocentric_near,geocentric_near_context,North of,South of,The box is BLANK Ali. Ali turns around. The box is North of Ali.,cdb36630-3e0a-5c82-9cdf-40f72ff02544,base
A3GWRDHAURRNK6,1,5,context,0,geocentric_near,geocentric_near_context,North of,South of,The box is BLANK Ali. Ali turns around. The box is North of Ali.,cdb36630-3e0a-5c82-9cdf-40f72ff02544,base
A3JQVSZWD3QLO6,1,5,context,0,geocentric_near,geocentric_near_context,North of,South of,The box is BLANK Ali. Ali turns around. The box is North of Ali.,cdb36630-3e0a-5c82-9cdf-40f72ff02544,base
A6KOTWP7N7RLU,1,5,context,1,geocentric_near,geocentric_near_context,North of,South of,The box is BLANK Ali. Ali turns around. The box is North of Ali.,cdb36630-3e0a-5c82-9cdf-40f72ff02544,base
A7KJBEXITHVAS,1,5,context,1,geocentric_near,geocentric_near_context,North of,South of,The box is BLANK Ali. Ali turns around. The box is North of Ali.,cdb36630-3e0a-5c82-9cdf-40f72ff02544,base
AV9M7394RRARU,1,5,context,1,geocentric_near,geocentric_near_context,North of,South of,The box is BLANK Ali. Ali turns around. The box is North of Ali.,cdb36630-3e0a-5c82-9cdf-40f72ff02544,base
A12J4IRF5Z06BT,1,5,context,1,action_nonfollows,action_nonfollows_context,ball,box,The box is close to Ali. Ali throws the BLANK. The box is close to Ali.,97f1b8d8-8f88-575a-a82e-5557d245f329,base
A19YRUF7K6FY78,1,5,context,0,action_nonfollows,action_nonfollows_context,ball,box,The box is close to Ali. Ali throws the BLANK. The box is close to Ali.,97f1b8d8-8f88-575a-a82e-5557d245f329,base
A1B1SWNEKFBTPM,1,5,context,1,action_nonfollows,action_nonfollows_context,ball,box,The box is close to Ali. Ali throws the BLANK. The box is close to Ali.,97f1b8d8-8f88-575a-a82e-5557d245f329,base
A1HGOFQI8TQCWB,1,5,context,0,action_nonfollows,action_nonfollows_context,ball,box,The box is close to Ali. Ali throws the BLANK. The box is close to Ali.,97f1b8d8-8f88-575a-a82e-5557d245f329,base
A1LA6CIGBNDOH9,1,5,context,1,action_nonfollows,action_nonfollows_context,ball,box,The box is close to Ali. Ali throws the BLANK. The box is close to Ali.,97f1b8d8-8f88-575a-a82e-5557d245f329,base
A1ROEDVMTO9Y3X,1,5,context,1,action_nonfollows,action_nonfollows_context,ball,box,The box is close to Ali. Ali throws the BLANK. The box is close to Ali.,97f1b8d8-8f88-575a-a82e-5557d245f329,base
A214V7ZRX7LEWZ,1,5,context,1,action_nonfollows,action_nonfollows_context,ball,box,The box is close to Ali. Ali throws the BLANK. The box is close to Ali.,97f1b8d8-8f88-575a-a82e-5557d245f329,base
A2616JPJO73667,1,5,context,1,action_nonfollows,action_nonfollows_context,ball,box,The box is close to Ali. Ali throws the BLANK. The box is close to Ali.,97f1b8d8-8f88-575a-a82e-5557d245f329,base
A27EV0216FCLJW,1,5,context,1,action_nonfollows,action_nonfollows_context,ball,box,The box is close to Ali. Ali throws the BLANK. The box is close to Ali.,97f1b8d8-8f88-575a-a82e-5557d245f329,base
A2NMAOYBBJTO0R,1,5,context,1,action_nonfollows,action_nonfollows_context,ball,box,The box is close to Ali. Ali throws the BLANK. The box is close to Ali.,97f1b8d8-8f88-575a-a82e-5557d245f329,base
A2RCYLKY072XXO,1,5,context,1,action_nonfollows,action_nonfollows_context,ball,box,The box is close to Ali. Ali throws the BLANK. The box is close to Ali.,97f1b8d8-8f88-575a-a82e-5557d245f329,base
A2TR30V5KYFFSI,1,5,context,0,action_nonfollows,action_nonfollows_context,ball,box,The box is close to Ali. Ali throws the BLANK. The box is close to Ali.,97f1b8d8-8f88-575a-a82e-5557d245f329,base
A30BPQ2QGZOXN8,1,5,context,1,action_nonfollows,action_nonfollows_context,ball,box,The box is close to Ali. Ali throws the BLANK. The box is close to Ali.,97f1b8d8-8f88-575a-a82e-5557d245f329,base
A3493E42N1JZVF,1,5,context,1,action_nonfollows,action_nonfollows_context,ball,box,The box is close to Ali. Ali throws the BLANK. The box is close to Ali.,97f1b8d8-8f88-575a-a82e-5557d245f329,base
A39KJNWAFOD7N1,1,5,context,1,action_nonfollows,action_nonfollows_context,ball,box,The box is close to Ali. Ali throws the BLANK. The box is close to Ali.,97f1b8d8-8f88-575a-a82e-5557d245f329,base
A3G7QQTQIKYI2O,1,5,context,0,action_nonfollows,action_nonfollows_context,ball,box,The box is close to Ali. Ali throws the BLANK. The box is close to Ali.,97f1b8d8-8f88-575a-a82e-5557d245f329,base
A3GWRDHAURRNK6,1,5,context,1,action_nonfollows,action_nonfollows_context,ball,box,The box is close to Ali. Ali throws the BLANK. The box is close to Ali.,97f1b8d8-8f88-575a-a82e-5557d245f329,base
A3JQVSZWD3QLO6,1,5,context,0,action_nonfollows,action_nonfollows_context,ball,box,The box is close to Ali. Ali throws the BLANK. The box is close to Ali.,97f1b8d8-8f88-575a-a82e-5557d245f329,base
A6KOTWP7N7RLU,1,5,context,1,action_nonfollows,action_nonfollows_context,ball,box,The box is close to Ali. Ali throws the BLANK. The box is close to Ali.,97f1b8d8-8f88-575a-a82e-5557d245f329,base
A7KJBEXITHVAS,1,5,context,0,action_nonfollows,action_nonfollows_context,ball,box,The box is close to Ali. Ali throws the BLANK. The box is close to Ali.,97f1b8d8-8f88-575a-a82e-5557d245f329,base
AV9M7394RRARU,1,5,context,1,action_nonfollows,action_nonfollows_context,ball,box,The box is close to Ali. Ali throws the BLANK. The box is close to Ali.,97f1b8d8-8f88-575a-a82e-5557d245f329,base
A12J4IRF5Z06BT,1,5,context,1,relative_pos,relative_pos_context,away from,into,The box is in front of the ball. Ali pushes the box BLANK the ball. The ball is not touching the box.,9a050967-0800-5e1a-ad2b-5b5ff0b872b5,base
A19YRUF7K6FY78,1,5,context,1,relative_pos,relative_pos_context,away from,into,The box is in front of the ball. Ali pushes the box BLANK the ball. The ball is not touching the box.,9a050967-0800-5e1a-ad2b-5b5ff0b872b5,base
A1B1SWNEKFBTPM,1,5,context,1,relative_pos,relative_pos_context,away from,into,The box is in front of the ball. Ali pushes the box BLANK the ball. The ball is not touching the box.,9a050967-0800-5e1a-ad2b-5b5ff0b872b5,base
A1HGOFQI8TQCWB,1,5,context,1,relative_pos,relative_pos_context,away from,into,The box is in front of the ball. Ali pushes the box BLANK the ball. The ball is not touching the box.,9a050967-0800-5e1a-ad2b-5b5ff0b872b5,base
A1LA6CIGBNDOH9,1,5,context,1,relative_pos,relative_pos_context,away from,into,The box is in front of the ball. Ali pushes the box BLANK the ball. The ball is not touching the box.,9a050967-0800-5e1a-ad2b-5b5ff0b872b5,base
A1ROEDVMTO9Y3X,1,5,context,0,relative_pos,relative_pos_context,away from,into,The box is in front of the ball. Ali pushes the box BLANK the ball. The ball is not touching the box.,9a050967-0800-5e1a-ad2b-5b5ff0b872b5,base
A214V7ZRX7LEWZ,1,5,context,1,relative_pos,relative_pos_context,away from,into,The box is in front of the ball. Ali pushes the box BLANK the ball. The ball is not touching the box.,9a050967-0800-5e1a-ad2b-5b5ff0b872b5,base
A2616JPJO73667,1,5,context,1,relative_pos,relative_pos_context,away from,into,The box is in front of the ball. Ali pushes the box BLANK the ball. The ball is not touching the box.,9a050967-0800-5e1a-ad2b-5b5ff0b872b5,base
A27EV0216FCLJW,1,5,context,1,relative_pos,relative_pos_context,away from,into,The box is in front of the ball. Ali pushes the box BLANK the ball. The ball is not touching the box.,9a050967-0800-5e1a-ad2b-5b5ff0b872b5,base
A2NMAOYBBJTO0R,1,5,context,1,relative_pos,relative_pos_context,away from,into,The box is in front of the ball. Ali pushes the box BLANK the ball. The ball is not touching the box.,9a050967-0800-5e1a-ad2b-5b5ff0b872b5,base
A2RCYLKY072XXO,1,5,context,1,relative_pos,relative_pos_context,away from,into,The box is in front of the ball. Ali pushes the box BLANK the ball. The ball is not touching the box.,9a050967-0800-5e1a-ad2b-5b5ff0b872b5,base
A2TR30V5KYFFSI,1,5,context,1,relative_pos,relative_pos_context,away from,into,The box is in front of the ball. Ali pushes the box BLANK the ball. The ball is not touching the box.,9a050967-0800-5e1a-ad2b-5b5ff0b872b5,base
A30BPQ2QGZOXN8,1,5,context,1,relative_pos,relative_pos_context,away from,into,The box is in front of the ball. Ali pushes the box BLANK the ball. The ball is not touching the box.,9a050967-0800-5e1a-ad2b-5b5ff0b872b5,base
A3493E42N1JZVF,1,5,context,1,relative_pos,relative_pos_context,away from,into,The box is in front of the ball. Ali pushes the box BLANK the ball. The ball is not touching the box.,9a050967-0800-5e1a-ad2b-5b5ff0b872b5,base
A39KJNWAFOD7N1,1,5,context,1,relative_pos,relative_pos_context,away from,into,The box is in front of the ball. Ali pushes the box BLANK the ball. The ball is not touching the box.,9a050967-0800-5e1a-ad2b-5b5ff0b872b5,base
A3G7QQTQIKYI2O,1,5,context,0,relative_pos,relative_pos_context,away from,into,The box is in front of the ball. Ali pushes the box BLANK the ball. The ball is not touching the box.,9a050967-0800-5e1a-ad2b-5b5ff0b872b5,base
A3GWRDHAURRNK6,1,5,context,1,relative_pos,relative_pos_context,away from,into,The box is in front of the ball. Ali pushes the box BLANK the ball. The ball is not touching the box.,9a050967-0800-5e1a-ad2b-5b5ff0b872b5,base
A3JQVSZWD3QLO6,1,5,context,1,relative_pos,relative_pos_context,away from,into,The box is in front of the ball. Ali pushes the box BLANK the ball. The ball is not touching the box.,9a050967-0800-5e1a-ad2b-5b5ff0b872b5,base
A6KOTWP7N7RLU,1,5,context,1,relative_pos,relative_pos_context,away from,into,The box is in front of the ball. Ali pushes the box BLANK the ball. The ball is not touching the box.,9a050967-0800-5e1a-ad2b-5b5ff0b872b5,base
A7KJBEXITHVAS,1,5,context,1,relative_pos,relative_pos_context,away from,into,The box is in front of the ball. Ali pushes the box BLANK the ball. The ball is not touching the box.,9a050967-0800-5e1a-ad2b-5b5ff0b872b5,base
AV9M7394RRARU,1,5,context,1,relative_pos,relative_pos_context,away from,into,The box is in front of the ball. Ali pushes the box BLANK the ball. The ball is not touching the box.,9a050967-0800-5e1a-ad2b-5b5ff0b872b5,base
A12J4IRF5Z06BT,1,5,context,0,relative_pos,relative_pos_context,box inside the ball,ball inside the box,The box is next to the ball. Ali puts the BLANK. the ball is larger than the box.,d0f6e14f-c11f-5129-a06d-757d2ef1f3e0,base
A19YRUF7K6FY78,1,5,context,1,relative_pos,relative_pos_context,box inside the ball,ball inside the box,The box is next to the ball. Ali puts the BLANK. the ball is larger than the box.,d0f6e14f-c11f-5129-a06d-757d2ef1f3e0,base
A1B1SWNEKFBTPM,1,5,context,1,relative_pos,relative_pos_context,box inside the ball,ball inside the box,The box is next to the ball. Ali puts the BLANK. the ball is larger than the box.,d0f6e14f-c11f-5129-a06d-757d2ef1f3e0,base
A1HGOFQI8TQCWB,1,5,context,0,relative_pos,relative_pos_context,box inside the ball,ball inside the box,The box is next to the ball. Ali puts the BLANK. the ball is larger than the box.,d0f6e14f-c11f-5129-a06d-757d2ef1f3e0,base
A1LA6CIGBNDOH9,1,5,context,0,relative_pos,relative_pos_context,box inside the ball,ball inside the box,The box is next to the ball. Ali puts the BLANK. the ball is larger than the box.,d0f6e14f-c11f-5129-a06d-757d2ef1f3e0,base
A1ROEDVMTO9Y3X,1,5,context,0,relative_pos,relative_pos_context,box inside the ball,ball inside the box,The box is next to the ball. Ali puts the BLANK. the ball is larger than the box.,d0f6e14f-c11f-5129-a06d-757d2ef1f3e0,base
A214V7ZRX7LEWZ,1,5,context,1,relative_pos,relative_pos_context,box inside the ball,ball inside the box,The box is next to the ball. Ali puts the BLANK. the ball is larger than the box.,d0f6e14f-c11f-5129-a06d-757d2ef1f3e0,base
A2616JPJO73667,1,5,context,1,relative_pos,relative_pos_context,box inside the ball,ball inside the box,The box is next to the ball. Ali puts the BLANK. the ball is larger than the box.,d0f6e14f-c11f-5129-a06d-757d2ef1f3e0,base
A27EV0216FCLJW,1,5,context,0,relative_pos,relative_pos_context,box inside the ball,ball inside the box,The box is next to the ball. Ali puts the BLANK. the ball is larger than the box.,d0f6e14f-c11f-5129-a06d-757d2ef1f3e0,base
A2NMAOYBBJTO0R,1,5,context,1,relative_pos,relative_pos_context,box inside the ball,ball inside the box,The box is next to the ball. Ali puts the BLANK. the ball is larger than the box.,d0f6e14f-c11f-5129-a06d-757d2ef1f3e0,base
A2RCYLKY072XXO,1,5,context,0,relative_pos,relative_pos_context,box inside the ball,ball inside the box,The box is next to the ball. Ali puts the BLANK. the ball is larger than the box.,d0f6e14f-c11f-5129-a06d-757d2ef1f3e0,base
A2TR30V5KYFFSI,1,5,context,0,relative_pos,relative_pos_context,box inside the ball,ball inside the box,The box is next to the ball. Ali puts the BLANK. the ball is larger than the box.,d0f6e14f-c11f-5129-a06d-757d2ef1f3e0,base
A30BPQ2QGZOXN8,1,5,context,1,relative_pos,relative_pos_context,box inside the ball,ball inside the box,The box is next to the ball. Ali puts the BLANK. the ball is larger than the box.,d0f6e14f-c11f-5129-a06d-757d2ef1f3e0,base
A3493E42N1JZVF,1,5,context,1,relative_pos,relative_pos_context,box inside the ball,ball inside the box,The box is next to the ball. Ali puts the BLANK. the ball is larger than the box.,d0f6e14f-c11f-5129-a06d-757d2ef1f3e0,base
A39KJNWAFOD7N1,1,5,context,0,relative_pos,relative_pos_context,box inside the ball,ball inside the box,The box is next to the ball. Ali puts the BLANK. the ball is larger than the box.,d0f6e14f-c11f-5129-a06d-757d2ef1f3e0,base
A3G7QQTQIKYI2O,1,5,context,0,relative_pos,relative_pos_context,box inside the ball,ball inside the box,The box is next to the ball. Ali puts the BLANK. the ball is larger than the box.,d0f6e14f-c11f-5129-a06d-757d2ef1f3e0,base
A3GWRDHAURRNK6,1,5,context,1,relative_pos,relative_pos_context,box inside the ball,ball inside the box,The box is next to the ball. Ali puts the BLANK. the ball is larger than the box.,d0f6e14f-c11f-5129-a06d-757d2ef1f3e0,base
A3JQVSZWD3QLO6,1,5,context,1,relative_pos,relative_pos_context,box inside the ball,ball inside the box,The box is next to the ball. Ali puts the BLANK. the ball is larger than the box.,d0f6e14f-c11f-5129-a06d-757d2ef1f3e0,base
A6KOTWP7N7RLU,1,5,context,1,relative_pos,relative_pos_context,box inside the ball,ball inside the box,The box is next to the ball. Ali puts the BLANK. the ball is larger than the box.,d0f6e14f-c11f-5129-a06d-757d2ef1f3e0,base
A7KJBEXITHVAS,1,5,context,0,relative_pos,relative_pos_context,box inside the ball,ball inside the box,The box is next to the ball. Ali puts the BLANK. the ball is larger than the box.,d0f6e14f-c11f-5129-a06d-757d2ef1f3e0,base
AV9M7394RRARU,1,5,context,0,relative_pos,relative_pos_context,box inside the ball,ball inside the box,The box is next to the ball. Ali puts the BLANK. the ball is larger than the box.,d0f6e14f-c11f-5129-a06d-757d2ef1f3e0,base
A12J4IRF5Z06BT,1,5,context,1,relative_pos,relative_pos_context,desk on the box,box on the desk,The box is next to the desk. Ali stacks the BLANK. The box is below the desk.,c2788238-3365-5292-9d47-fe45ebf9d292,base
A19YRUF7K6FY78,1,5,context,0,relative_pos,relative_pos_context,desk on the box,box on the desk,The box is next to the desk. Ali stacks the BLANK. The box is below the desk.,c2788238-3365-5292-9d47-fe45ebf9d292,base
A1B1SWNEKFBTPM,1,5,context,1,relative_pos,relative_pos_context,desk on the box,box on the desk,The box is next to the desk. Ali stacks the BLANK. The box is below the desk.,c2788238-3365-5292-9d47-fe45ebf9d292,base
A1HGOFQI8TQCWB,1,5,context,0,relative_pos,relative_pos_context,desk on the box,box on the desk,The box is next to the desk. Ali stacks the BLANK. The box is below the desk.,c2788238-3365-5292-9d47-fe45ebf9d292,base
A1LA6CIGBNDOH9,1,5,context,0,relative_pos,relative_pos_context,desk on the box,box on the desk,The box is next to the desk. Ali stacks the BLANK. The box is below the desk.,c2788238-3365-5292-9d47-fe45ebf9d292,base
A1ROEDVMTO9Y3X,1,5,context,0,relative_pos,relative_pos_context,desk on the box,box on the desk,The box is next to the desk. Ali stacks the BLANK. The box is below the desk.,c2788238-3365-5292-9d47-fe45ebf9d292,base
A214V7ZRX7LEWZ,1,5,context,1,relative_pos,relative_pos_context,desk on the box,box on the desk,The box is next to the desk. Ali stacks the BLANK. The box is below the desk.,c2788238-3365-5292-9d47-fe45ebf9d292,base
A2616JPJO73667,1,5,context,1,relative_pos,relative_pos_context,desk on the box,box on the desk,The box is next to the desk. Ali stacks the BLANK. The box is below the desk.,c2788238-3365-5292-9d47-fe45ebf9d292,base
A27EV0216FCLJW,1,5,context,0,relative_pos,relative_pos_context,desk on the box,box on the desk,The box is next to the desk. Ali stacks the BLANK. The box is below the desk.,c2788238-3365-5292-9d47-fe45ebf9d292,base
A2NMAOYBBJTO0R,1,5,context,0,relative_pos,relative_pos_context,desk on the box,box on the desk,The box is next to the desk. Ali stacks the BLANK. The box is below the desk.,c2788238-3365-5292-9d47-fe45ebf9d292,base
A2RCYLKY072XXO,1,5,context,1,relative_pos,relative_pos_context,desk on the box,box on the desk,The box is next to the desk. Ali stacks the BLANK. The box is below the desk.,c2788238-3365-5292-9d47-fe45ebf9d292,base
A2TR30V5KYFFSI,1,5,context,0,relative_pos,relative_pos_context,desk on the box,box on the desk,The box is next to the desk. Ali stacks the BLANK. The box is below the desk.,c2788238-3365-5292-9d47-fe45ebf9d292,base
A30BPQ2QGZOXN8,1,5,context,1,relative_pos,relative_pos_context,desk on the box,box on the desk,The box is next to the desk. Ali stacks the BLANK. The box is below the desk.,c2788238-3365-5292-9d47-fe45ebf9d292,base
A3493E42N1JZVF,1,5,context,1,relative_pos,relative_pos_context,desk on the box,box on the desk,The box is next to the desk. Ali stacks the BLANK. The box is below the desk.,c2788238-3365-5292-9d47-fe45ebf9d292,base
A39KJNWAFOD7N1,1,5,context,1,relative_pos,relative_pos_context,desk on the box,box on the desk,The box is next to the desk. Ali stacks the BLANK. The box is below the desk.,c2788238-3365-5292-9d47-fe45ebf9d292,base
A3G7QQTQIKYI2O,1,5,context,0,relative_pos,relative_pos_context,desk on the box,box on the desk,The box is next to the desk. Ali stacks the BLANK. The box is below the desk.,c2788238-3365-5292-9d47-fe45ebf9d292,base
A3GWRDHAURRNK6,1,5,context,1,relative_pos,relative_pos_context,desk on the box,box on the desk,The box is next to the desk. Ali stacks the BLANK. The box is below the desk.,c2788238-3365-5292-9d47-fe45ebf9d292,base
A3JQVSZWD3QLO6,1,5,context,1,relative_pos,relative_pos_context,desk on the box,box on the desk,The box is next to the desk. Ali stacks the BLANK. The box is below the desk.,c2788238-3365-5292-9d47-fe45ebf9d292,base
A6KOTWP7N7RLU,1,5,context,1,relative_pos,relative_pos_context,desk on the box,box on the desk,The box is next to the desk. Ali stacks the BLANK. The box is below the desk.,c2788238-3365-5292-9d47-fe45ebf9d292,base
A7KJBEXITHVAS,1,5,context,0,relative_pos,relative_pos_context,desk on the box,box on the desk,The box is next to the desk. Ali stacks the BLANK. The box is below the desk.,c2788238-3365-5292-9d47-fe45ebf9d292,base
AV9M7394RRARU,1,5,context,1,relative_pos,relative_pos_context,desk on the box,box on the desk,The box is next to the desk. Ali stacks the BLANK. The box is below the desk.,c2788238-3365-5292-9d47-fe45ebf9d292,base
A12J4IRF5Z06BT,1,5,context,1,state_nonfollows,state_nonfollows_context,sand,water,The cup is empty. Ali pours BLANK in the cup. The cup is dry.,2a40e046-fe88-5ea9-b0a5-e06a55f09649,base
A19YRUF7K6FY78,1,5,context,1,state_nonfollows,state_nonfollows_context,sand,water,The cup is empty. Ali pours BLANK in the cup. The cup is dry.,2a40e046-fe88-5ea9-b0a5-e06a55f09649,base
A1B1SWNEKFBTPM,1,5,context,1,state_nonfollows,state_nonfollows_context,sand,water,The cup is empty. Ali pours BLANK in the cup. The cup is dry.,2a40e046-fe88-5ea9-b0a5-e06a55f09649,base
A1HGOFQI8TQCWB,1,5,context,1,state_nonfollows,state_nonfollows_context,sand,water,The cup is empty. Ali pours BLANK in the cup. The cup is dry.,2a40e046-fe88-5ea9-b0a5-e06a55f09649,base
A1LA6CIGBNDOH9,1,5,context,1,state_nonfollows,state_nonfollows_context,sand,water,The cup is empty. Ali pours BLANK in the cup. The cup is dry.,2a40e046-fe88-5ea9-b0a5-e06a55f09649,base
A1ROEDVMTO9Y3X,1,5,context,1,state_nonfollows,state_nonfollows_context,sand,water,The cup is empty. Ali pours BLANK in the cup. The cup is dry.,2a40e046-fe88-5ea9-b0a5-e06a55f09649,base
A214V7ZRX7LEWZ,1,5,context,1,state_nonfollows,state_nonfollows_context,sand,water,The cup is empty. Ali pours BLANK in the cup. The cup is dry.,2a40e046-fe88-5ea9-b0a5-e06a55f09649,base
A2616JPJO73667,1,5,context,1,state_nonfollows,state_nonfollows_context,sand,water,The cup is empty. Ali pours BLANK in the cup. The cup is dry.,2a40e046-fe88-5ea9-b0a5-e06a55f09649,base
A27EV0216FCLJW,1,5,context,1,state_nonfollows,state_nonfollows_context,sand,water,The cup is empty. Ali pours BLANK in the cup. The cup is dry.,2a40e046-fe88-5ea9-b0a5-e06a55f09649,base
A2NMAOYBBJTO0R,1,5,context,0,state_nonfollows,state_nonfollows_context,sand,water,The cup is empty. Ali pours BLANK in the cup. The cup is dry.,2a40e046-fe88-5ea9-b0a5-e06a55f09649,base
A2RCYLKY072XXO,1,5,context,1,state_nonfollows,state_nonfollows_context,sand,water,The cup is empty. Ali pours BLANK in the cup. The cup is dry.,2a40e046-fe88-5ea9-b0a5-e06a55f09649,base
A2TR30V5KYFFSI,1,5,context,0,state_nonfollows,state_nonfollows_context,sand,water,The cup is empty. Ali pours BLANK in the cup. The cup is dry.,2a40e046-fe88-5ea9-b0a5-e06a55f09649,base
A30BPQ2QGZOXN8,1,5,context,1,state_nonfollows,state_nonfollows_context,sand,water,The cup is empty. Ali pours BLANK in the cup. The cup is dry.,2a40e046-fe88-5ea9-b0a5-e06a55f09649,base
A3493E42N1JZVF,1,5,context,1,state_nonfollows,state_nonfollows_context,sand,water,The cup is empty. Ali pours BLANK in the cup. The cup is dry.,2a40e046-fe88-5ea9-b0a5-e06a55f09649,base
A39KJNWAFOD7N1,1,5,context,1,state_nonfollows,state_nonfollows_context,sand,water,The cup is empty. Ali pours BLANK in the cup. The cup is dry.,2a40e046-fe88-5ea9-b0a5-e06a55f09649,base
A3G7QQTQIKYI2O,1,5,context,0,state_nonfollows,state_nonfollows_context,sand,water,The cup is empty. Ali pours BLANK in the cup. The cup is dry.,2a40e046-fe88-5ea9-b0a5-e06a55f09649,base
A3GWRDHAURRNK6,1,5,context,1,state_nonfollows,state_nonfollows_context,sand,water,The cup is empty. Ali pours BLANK in the cup. The cup is dry.,2a40e046-fe88-5ea9-b0a5-e06a55f09649,base
A3JQVSZWD3QLO6,1,5,context,0,state_nonfollows,state_nonfollows_context,sand,water,The cup is empty. Ali pours BLANK in the cup. The cup is dry.,2a40e046-fe88-5ea9-b0a5-e06a55f09649,base
A6KOTWP7N7RLU,1,5,context,1,state_nonfollows,state_nonfollows_context,sand,water,The cup is empty. Ali pours BLANK in the cup. The cup is dry.,2a40e046-fe88-5ea9-b0a5-e06a55f09649,base
A7KJBEXITHVAS,1,5,context,0,state_nonfollows,state_nonfollows_context,sand,water,The cup is empty. Ali pours BLANK in the cup. The cup is dry.,2a40e046-fe88-5ea9-b0a5-e06a55f09649,base
AV9M7394RRARU,1,5,context,1,state_nonfollows,state_nonfollows_context,sand,water,The cup is empty. Ali pours BLANK in the cup. The cup is dry.,2a40e046-fe88-5ea9-b0a5-e06a55f09649,base
A12J4IRF5Z06BT,1,5,context,1,state_nonfollows,state_nonfollows_context,cup,glass,The glass and the cup are on the table. Ali pushes the BLANK off the table. The glass doesn't break.,88e4c11a-0766-534e-843f-4d59c387d497,base
A19YRUF7K6FY78,1,5,context,0,state_nonfollows,state_nonfollows_context,cup,glass,The glass and the cup are on the table. Ali pushes the BLANK off the table. The glass doesn't break.,88e4c11a-0766-534e-843f-4d59c387d497,base
A1B1SWNEKFBTPM,1,5,context,1,state_nonfollows,state_nonfollows_context,cup,glass,The glass and the cup are on the table. Ali pushes the BLANK off the table. The glass doesn't break.,88e4c11a-0766-534e-843f-4d59c387d497,base
A1HGOFQI8TQCWB,1,5,context,1,state_nonfollows,state_nonfollows_context,cup,glass,The glass and the cup are on the table. Ali pushes the BLANK off the table. The glass doesn't break.,88e4c11a-0766-534e-843f-4d59c387d497,base
A1LA6CIGBNDOH9,1,5,context,1,state_nonfollows,state_nonfollows_context,cup,glass,The glass and the cup are on the table. Ali pushes the BLANK off the table. The glass doesn't break.,88e4c11a-0766-534e-843f-4d59c387d497,base
A1ROEDVMTO9Y3X,1,5,context,0,state_nonfollows,state_nonfollows_context,cup,glass,The glass and the cup are on the table. Ali pushes the BLANK off the table. The glass doesn't break.,88e4c11a-0766-534e-843f-4d59c387d497,base
A214V7ZRX7LEWZ,1,5,context,0,state_nonfollows,state_nonfollows_context,cup,glass,The glass and the cup are on the table. Ali pushes the BLANK off the table. The glass doesn't break.,88e4c11a-0766-534e-843f-4d59c387d497,base
A2616JPJO73667,1,5,context,0,state_nonfollows,state_nonfollows_context,cup,glass,The glass and the cup are on the table. Ali pushes the BLANK off the table. The glass doesn't break.,88e4c11a-0766-534e-843f-4d59c387d497,base
A27EV0216FCLJW,1,5,context,0,state_nonfollows,state_nonfollows_context,cup,glass,The glass and the cup are on the table. Ali pushes the BLANK off the table. The glass doesn't break.,88e4c11a-0766-534e-843f-4d59c387d497,base
A2NMAOYBBJTO0R,1,5,context,1,state_nonfollows,state_nonfollows_context,cup,glass,The glass and the cup are on the table. Ali pushes the BLANK off the table. The glass doesn't break.,88e4c11a-0766-534e-843f-4d59c387d497,base
A2RCYLKY072XXO,1,5,context,0,state_nonfollows,state_nonfollows_context,cup,glass,The glass and the cup are on the table. Ali pushes the BLANK off the table. The glass doesn't break.,88e4c11a-0766-534e-843f-4d59c387d497,base
A2TR30V5KYFFSI,1,5,context,1,state_nonfollows,state_nonfollows_context,cup,glass,The glass and the cup are on the table. Ali pushes the BLANK off the table. The glass doesn't break.,88e4c11a-0766-534e-843f-4d59c387d497,base
A30BPQ2QGZOXN8,1,5,context,0,state_nonfollows,state_nonfollows_context,cup,glass,The glass and the cup are on the table. Ali pushes the BLANK off the table. The glass doesn't break.,88e4c11a-0766-534e-843f-4d59c387d497,base
A3493E42N1JZVF,1,5,context,1,state_nonfollows,state_nonfollows_context,cup,glass,The glass and the cup are on the table. Ali pushes the BLANK off the table. The glass doesn't break.,88e4c11a-0766-534e-843f-4d59c387d497,base
A39KJNWAFOD7N1,1,5,context,1,state_nonfollows,state_nonfollows_context,cup,glass,The glass and the cup are on the table. Ali pushes the BLANK off the table. The glass doesn't break.,88e4c11a-0766-534e-843f-4d59c387d497,base
A3G7QQTQIKYI2O,1,5,context,0,state_nonfollows,state_nonfollows_context,cup,glass,The glass and the cup are on the table. Ali pushes the BLANK off the table. The glass doesn't break.,88e4c11a-0766-534e-843f-4d59c387d497,base
A3GWRDHAURRNK6,1,5,context,1,state_nonfollows,state_nonfollows_context,cup,glass,The glass and the cup are on the table. Ali pushes the BLANK off the table. The glass doesn't break.,88e4c11a-0766-534e-843f-4d59c387d497,base
A3JQVSZWD3QLO6,1,5,context,0,state_nonfollows,state_nonfollows_context,cup,glass,The glass and the cup are on the table. Ali pushes the BLANK off the table. The glass doesn't break.,88e4c11a-0766-534e-843f-4d59c387d497,base
A6KOTWP7N7RLU,1,5,context,1,state_nonfollows,state_nonfollows_context,cup,glass,The glass and the cup are on the table. Ali pushes the BLANK off the table. The glass doesn't break.,88e4c11a-0766-534e-843f-4d59c387d497,base
A7KJBEXITHVAS,1,5,context,0,state_nonfollows,state_nonfollows_context,cup,glass,The glass and the cup are on the table. Ali pushes the BLANK off the table. The glass doesn't break.,88e4c11a-0766-534e-843f-4d59c387d497,base
AV9M7394RRARU,1,5,context,1,state_nonfollows,state_nonfollows_context,cup,glass,The glass and the cup are on the table. Ali pushes the BLANK off the table. The glass doesn't break.,88e4c11a-0766-534e-843f-4d59c387d497,base
A12J4IRF5Z06BT,1,5,context,1,state_nonfollows,state_nonfollows_context,halfway,over full,The glass is on the table. Ali fills the glass BLANK. The table is dry.,ab6bd352-e54d-53a5-bdc0-1de88ab17af4,base
A19YRUF7K6FY78,1,5,context,1,state_nonfollows,state_nonfollows_context,halfway,over full,The glass is on the table. Ali fills the glass BLANK. The table is dry.,ab6bd352-e54d-53a5-bdc0-1de88ab17af4,base
A1B1SWNEKFBTPM,1,5,context,1,state_nonfollows,state_nonfollows_context,halfway,over full,The glass is on the table. Ali fills the glass BLANK. The table is dry.,ab6bd352-e54d-53a5-bdc0-1de88ab17af4,base
A1HGOFQI8TQCWB,1,5,context,0,state_nonfollows,state_nonfollows_context,halfway,over full,The glass is on the table. Ali fills the glass BLANK. The table is dry.,ab6bd352-e54d-53a5-bdc0-1de88ab17af4,base
A1LA6CIGBNDOH9,1,5,context,1,state_nonfollows,state_nonfollows_context,halfway,over full,The glass is on the table. Ali fills the glass BLANK. The table is dry.,ab6bd352-e54d-53a5-bdc0-1de88ab17af4,base
A1ROEDVMTO9Y3X,1,5,context,1,state_nonfollows,state_nonfollows_context,halfway,over full,The glass is on the table. Ali fills the glass BLANK. The table is dry.,ab6bd352-e54d-53a5-bdc0-1de88ab17af4,base
A214V7ZRX7LEWZ,1,5,context,1,state_nonfollows,state_nonfollows_context,halfway,over full,The glass is on the table. Ali fills the glass BLANK. The table is dry.,ab6bd352-e54d-53a5-bdc0-1de88ab17af4,base
A2616JPJO73667,1,5,context,1,state_nonfollows,state_nonfollows_context,halfway,over full,The glass is on the table. Ali fills the glass BLANK. The table is dry.,ab6bd352-e54d-53a5-bdc0-1de88ab17af4,base
A27EV0216FCLJW,1,5,context,1,state_nonfollows,state_nonfollows_context,halfway,over full,The glass is on the table. Ali fills the glass BLANK. The table is dry.,ab6bd352-e54d-53a5-bdc0-1de88ab17af4,base
A2NMAOYBBJTO0R,1,5,context,1,state_nonfollows,state_nonfollows_context,halfway,over full,The glass is on the table. Ali fills the glass BLANK. The table is dry.,ab6bd352-e54d-53a5-bdc0-1de88ab17af4,base
A2RCYLKY072XXO,1,5,context,1,state_nonfollows,state_nonfollows_context,halfway,over full,The glass is on the table. Ali fills the glass BLANK. The table is dry.,ab6bd352-e54d-53a5-bdc0-1de88ab17af4,base
A2TR30V5KYFFSI,1,5,context,1,state_nonfollows,state_nonfollows_context,halfway,over full,The glass is on the table. Ali fills the glass BLANK. The table is dry.,ab6bd352-e54d-53a5-bdc0-1de88ab17af4,base
A30BPQ2QGZOXN8,1,5,context,1,state_nonfollows,state_nonfollows_context,halfway,over full,The glass is on the table. Ali fills the glass BLANK. The table is dry.,ab6bd352-e54d-53a5-bdc0-1de88ab17af4,base
A3493E42N1JZVF,1,5,context,1,state_nonfollows,state_nonfollows_context,halfway,over full,The glass is on the table. Ali fills the glass BLANK. The table is dry.,ab6bd352-e54d-53a5-bdc0-1de88ab17af4,base
A39KJNWAFOD7N1,1,5,context,1,state_nonfollows,state_nonfollows_context,halfway,over full,The glass is on the table. Ali fills the glass BLANK. The table is dry.,ab6bd352-e54d-53a5-bdc0-1de88ab17af4,base
A3G7QQTQIKYI2O,1,5,context,0,state_nonfollows,state_nonfollows_context,halfway,over full,The glass is on the table. Ali fills the glass BLANK. The table is dry.,ab6bd352-e54d-53a5-bdc0-1de88ab17af4,base
A3GWRDHAURRNK6,1,5,context,1,state_nonfollows,state_nonfollows_context,halfway,over full,The glass is on the table. Ali fills the glass BLANK. The table is dry.,ab6bd352-e54d-53a5-bdc0-1de88ab17af4,base
A3JQVSZWD3QLO6,1,5,context,0,state_nonfollows,state_nonfollows_context,halfway,over full,The glass is on the table. Ali fills the glass BLANK. The table is dry.,ab6bd352-e54d-53a5-bdc0-1de88ab17af4,base
A6KOTWP7N7RLU,1,5,context,1,state_nonfollows,state_nonfollows_context,halfway,over full,The glass is on the table. Ali fills the glass BLANK. The table is dry.,ab6bd352-e54d-53a5-bdc0-1de88ab17af4,base
A7KJBEXITHVAS,1,5,context,1,state_nonfollows,state_nonfollows_context,halfway,over full,The glass is on the table. Ali fills the glass BLANK. The table is dry.,ab6bd352-e54d-53a5-bdc0-1de88ab17af4,base
AV9M7394RRARU,1,5,context,1,state_nonfollows,state_nonfollows_context,halfway,over full,The glass is on the table. Ali fills the glass BLANK. The table is dry.,ab6bd352-e54d-53a5-bdc0-1de88ab17af4,base
A12J4IRF5Z06BT,1,5,context,1,state_nonfollows,state_nonfollows_context,banana,ice cube,The ice cube and the banana are in the fridge. Ali takes the BLANK out of the fridge. The ice cube doesn't melt.,36c076db-ae0e-5966-819d-9d048054999d,base
A19YRUF7K6FY78,1,5,context,0,state_nonfollows,state_nonfollows_context,banana,ice cube,The ice cube and the banana are in the fridge. Ali takes the BLANK out of the fridge. The ice cube doesn't melt.,36c076db-ae0e-5966-819d-9d048054999d,base
A1B1SWNEKFBTPM,1,5,context,1,state_nonfollows,state_nonfollows_context,banana,ice cube,The ice cube and the banana are in the fridge. Ali takes the BLANK out of the fridge. The ice cube doesn't melt.,36c076db-ae0e-5966-819d-9d048054999d,base
A1HGOFQI8TQCWB,1,5,context,1,state_nonfollows,state_nonfollows_context,banana,ice cube,The ice cube and the banana are in the fridge. Ali takes the BLANK out of the fridge. The ice cube doesn't melt.,36c076db-ae0e-5966-819d-9d048054999d,base
A1LA6CIGBNDOH9,1,5,context,1,state_nonfollows,state_nonfollows_context,banana,ice cube,The ice cube and the banana are in the fridge. Ali takes the BLANK out of the fridge. The ice cube doesn't melt.,36c076db-ae0e-5966-819d-9d048054999d,base
A1ROEDVMTO9Y3X,1,5,context,1,state_nonfollows,state_nonfollows_context,banana,ice cube,The ice cube and the banana are in the fridge. Ali takes the BLANK out of the fridge. The ice cube doesn't melt.,36c076db-ae0e-5966-819d-9d048054999d,base
A214V7ZRX7LEWZ,1,5,context,1,state_nonfollows,state_nonfollows_context,banana,ice cube,The ice cube and the banana are in the fridge. Ali takes the BLANK out of the fridge. The ice cube doesn't melt.,36c076db-ae0e-5966-819d-9d048054999d,base
A2616JPJO73667,1,5,context,1,state_nonfollows,state_nonfollows_context,banana,ice cube,The ice cube and the banana are in the fridge. Ali takes the BLANK out of the fridge. The ice cube doesn't melt.,36c076db-ae0e-5966-819d-9d048054999d,base
A27EV0216FCLJW,1,5,context,1,state_nonfollows,state_nonfollows_context,banana,ice cube,The ice cube and the banana are in the fridge. Ali takes the BLANK out of the fridge. The ice cube doesn't melt.,36c076db-ae0e-5966-819d-9d048054999d,base
A2NMAOYBBJTO0R,1,5,context,0,state_nonfollows,state_nonfollows_context,banana,ice cube,The ice cube and the banana are in the fridge. Ali takes the BLANK out of the fridge. The ice cube doesn't melt.,36c076db-ae0e-5966-819d-9d048054999d,base
A2RCYLKY072XXO,1,5,context,0,state_nonfollows,state_nonfollows_context,banana,ice cube,The ice cube and the banana are in the fridge. Ali takes the BLANK out of the fridge. The ice cube doesn't melt.,36c076db-ae0e-5966-819d-9d048054999d,base
A2TR30V5KYFFSI,1,5,context,0,state_nonfollows,state_nonfollows_context,banana,ice cube,The ice cube and the banana are in the fridge. Ali takes the BLANK out of the fridge. The ice cube doesn't melt.,36c076db-ae0e-5966-819d-9d048054999d,base
A30BPQ2QGZOXN8,1,5,context,1,state_nonfollows,state_nonfollows_context,banana,ice cube,The ice cube and the banana are in the fridge. Ali takes the BLANK out of the fridge. The ice cube doesn't melt.,36c076db-ae0e-5966-819d-9d048054999d,base
A3493E42N1JZVF,1,5,context,1,state_nonfollows,state_nonfollows_context,banana,ice cube,The ice cube and the banana are in the fridge. Ali takes the BLANK out of the fridge. The ice cube doesn't melt.,36c076db-ae0e-5966-819d-9d048054999d,base
A39KJNWAFOD7N1,1,5,context,0,state_nonfollows,state_nonfollows_context,banana,ice cube,The ice cube and the banana are in the fridge. Ali takes the BLANK out of the fridge. The ice cube doesn't melt.,36c076db-ae0e-5966-819d-9d048054999d,base
A3G7QQTQIKYI2O,1,5,context,1,state_nonfollows,state_nonfollows_context,banana,ice cube,The ice cube and the banana are in the fridge. Ali takes the BLANK out of the fridge. The ice cube doesn't melt.,36c076db-ae0e-5966-819d-9d048054999d,base
A3GWRDHAURRNK6,1,5,context,1,state_nonfollows,state_nonfollows_context,banana,ice cube,The ice cube and the banana are in the fridge. Ali takes the BLANK out of the fridge. The ice cube doesn't melt.,36c076db-ae0e-5966-819d-9d048054999d,base
A3JQVSZWD3QLO6,1,5,context,0,state_nonfollows,state_nonfollows_context,banana,ice cube,The ice cube and the banana are in the fridge. Ali takes the BLANK out of the fridge. The ice cube doesn't melt.,36c076db-ae0e-5966-819d-9d048054999d,base
A6KOTWP7N7RLU,1,5,context,0,state_nonfollows,state_nonfollows_context,banana,ice cube,The ice cube and the banana are in the fridge. Ali takes the BLANK out of the fridge. The ice cube doesn't melt.,36c076db-ae0e-5966-819d-9d048054999d,base
A7KJBEXITHVAS,1,5,context,0,state_nonfollows,state_nonfollows_context,banana,ice cube,The ice cube and the banana are in the fridge. Ali takes the BLANK out of the fridge. The ice cube doesn't melt.,36c076db-ae0e-5966-819d-9d048054999d,base
AV9M7394RRARU,1,5,context,1,state_nonfollows,state_nonfollows_context,banana,ice cube,The ice cube and the banana are in the fridge. Ali takes the BLANK out of the fridge. The ice cube doesn't melt.,36c076db-ae0e-5966-819d-9d048054999d,base
A12J4IRF5Z06BT,1,5,context,1,state_follows,state_follows_context,frying pan,snow,The icecube is in the freezer. Ali puts the icecube in the BLANK. The icecube melts.,96ad58a5-f1d5-55b0-a57f-95208182e9bc,base
A19YRUF7K6FY78,1,5,context,1,state_follows,state_follows_context,frying pan,snow,The icecube is in the freezer. Ali puts the icecube in the BLANK. The icecube melts.,96ad58a5-f1d5-55b0-a57f-95208182e9bc,base
A1B1SWNEKFBTPM,1,5,context,1,state_follows,state_follows_context,frying pan,snow,The icecube is in the freezer. Ali puts the icecube in the BLANK. The icecube melts.,96ad58a5-f1d5-55b0-a57f-95208182e9bc,base
A1HGOFQI8TQCWB,1,5,context,1,state_follows,state_follows_context,frying pan,snow,The icecube is in the freezer. Ali puts the icecube in the BLANK. The icecube melts.,96ad58a5-f1d5-55b0-a57f-95208182e9bc,base
A1LA6CIGBNDOH9,1,5,context,1,state_follows,state_follows_context,frying pan,snow,The icecube is in the freezer. Ali puts the icecube in the BLANK. The icecube melts.,96ad58a5-f1d5-55b0-a57f-95208182e9bc,base
A1ROEDVMTO9Y3X,1,5,context,1,state_follows,state_follows_context,frying pan,snow,The icecube is in the freezer. Ali puts the icecube in the BLANK. The icecube melts.,96ad58a5-f1d5-55b0-a57f-95208182e9bc,base
A214V7ZRX7LEWZ,1,5,context,0,state_follows,state_follows_context,frying pan,snow,The icecube is in the freezer. Ali puts the icecube in the BLANK. The icecube melts.,96ad58a5-f1d5-55b0-a57f-95208182e9bc,base
A2616JPJO73667,1,5,context,1,state_follows,state_follows_context,frying pan,snow,The icecube is in the freezer. Ali puts the icecube in the BLANK. The icecube melts.,96ad58a5-f1d5-55b0-a57f-95208182e9bc,base
A27EV0216FCLJW,1,5,context,1,state_follows,state_follows_context,frying pan,snow,The icecube is in the freezer. Ali puts the icecube in the BLANK. The icecube melts.,96ad58a5-f1d5-55b0-a57f-95208182e9bc,base
A2NMAOYBBJTO0R,1,5,context,0,state_follows,state_follows_context,frying pan,snow,The icecube is in the freezer. Ali puts the icecube in the BLANK. The icecube melts.,96ad58a5-f1d5-55b0-a57f-95208182e9bc,base
A2RCYLKY072XXO,1,5,context,1,state_follows,state_follows_context,frying pan,snow,The icecube is in the freezer. Ali puts the icecube in the BLANK. The icecube melts.,96ad58a5-f1d5-55b0-a57f-95208182e9bc,base
A2TR30V5KYFFSI,1,5,context,1,state_follows,state_follows_context,frying pan,snow,The icecube is in the freezer. Ali puts the icecube in the BLANK. The icecube melts.,96ad58a5-f1d5-55b0-a57f-95208182e9bc,base
A30BPQ2QGZOXN8,1,5,context,1,state_follows,state_follows_context,frying pan,snow,The icecube is in the freezer. Ali puts the icecube in the BLANK. The icecube melts.,96ad58a5-f1d5-55b0-a57f-95208182e9bc,base
A3493E42N1JZVF,1,5,context,1,state_follows,state_follows_context,frying pan,snow,The icecube is in the freezer. Ali puts the icecube in the BLANK. The icecube melts.,96ad58a5-f1d5-55b0-a57f-95208182e9bc,base
A39KJNWAFOD7N1,1,5,context,1,state_follows,state_follows_context,frying pan,snow,The icecube is in the freezer. Ali puts the icecube in the BLANK. The icecube melts.,96ad58a5-f1d5-55b0-a57f-95208182e9bc,base
A3G7QQTQIKYI2O,1,5,context,0,state_follows,state_follows_context,frying pan,snow,The icecube is in the freezer. Ali puts the icecube in the BLANK. The icecube melts.,96ad58a5-f1d5-55b0-a57f-95208182e9bc,base
A3GWRDHAURRNK6,1,5,context,1,state_follows,state_follows_context,frying pan,snow,The icecube is in the freezer. Ali puts the icecube in the BLANK. The icecube melts.,96ad58a5-f1d5-55b0-a57f-95208182e9bc,base
A3JQVSZWD3QLO6,1,5,context,0,state_follows,state_follows_context,frying pan,snow,The icecube is in the freezer. Ali puts the icecube in the BLANK. The icecube melts.,96ad58a5-f1d5-55b0-a57f-95208182e9bc,base
A6KOTWP7N7RLU,1,5,context,1,state_follows,state_follows_context,frying pan,snow,The icecube is in the freezer. Ali puts the icecube in the BLANK. The icecube melts.,96ad58a5-f1d5-55b0-a57f-95208182e9bc,base
A7KJBEXITHVAS,1,5,context,1,state_follows,state_follows_context,frying pan,snow,The icecube is in the freezer. Ali puts the icecube in the BLANK. The icecube melts.,96ad58a5-f1d5-55b0-a57f-95208182e9bc,base
AV9M7394RRARU,1,5,context,1,state_follows,state_follows_context,frying pan,snow,The icecube is in the freezer. Ali puts the icecube in the BLANK. The icecube melts.,96ad58a5-f1d5-55b0-a57f-95208182e9bc,base
A12J4IRF5Z06BT,1,5,context,0,geocentric_near,geocentric_near_context,North of,South of,The painting is BLANK Ali. Ali turns around. The painting is North of Ali.,6f999144-fcd0-52e0-acea-ca152a4a32a9,base
A19YRUF7K6FY78,1,5,context,1,geocentric_near,geocentric_near_context,North of,South of,The painting is BLANK Ali. Ali turns around. The painting is North of Ali.,6f999144-fcd0-52e0-acea-ca152a4a32a9,base
A1B1SWNEKFBTPM,1,5,context,0,geocentric_near,geocentric_near_context,North of,South of,The painting is BLANK Ali. Ali turns around. The painting is North of Ali.,6f999144-fcd0-52e0-acea-ca152a4a32a9,base
A1HGOFQI8TQCWB,1,5,context,0,geocentric_near,geocentric_near_context,North of,South of,The painting is BLANK Ali. Ali turns around. The painting is North of Ali.,6f999144-fcd0-52e0-acea-ca152a4a32a9,base
A1LA6CIGBNDOH9,1,5,context,1,geocentric_near,geocentric_near_context,North of,South of,The painting is BLANK Ali. Ali turns around. The painting is North of Ali.,6f999144-fcd0-52e0-acea-ca152a4a32a9,base
A1ROEDVMTO9Y3X,1,5,context,0,geocentric_near,geocentric_near_context,North of,South of,The painting is BLANK Ali. Ali turns around. The painting is North of Ali.,6f999144-fcd0-52e0-acea-ca152a4a32a9,base
A214V7ZRX7LEWZ,1,5,context,1,geocentric_near,geocentric_near_context,North of,South of,The painting is BLANK Ali. Ali turns around. The painting is North of Ali.,6f999144-fcd0-52e0-acea-ca152a4a32a9,base
A2616JPJO73667,1,5,context,0,geocentric_near,geocentric_near_context,North of,South of,The painting is BLANK Ali. Ali turns around. The painting is North of Ali.,6f999144-fcd0-52e0-acea-ca152a4a32a9,base
A27EV0216FCLJW,1,5,context,0,geocentric_near,geocentric_near_context,North of,South of,The painting is BLANK Ali. Ali turns around. The painting is North of Ali.,6f999144-fcd0-52e0-acea-ca152a4a32a9,base
A2NMAOYBBJTO0R,1,5,context,0,geocentric_near,geocentric_near_context,North of,South of,The painting is BLANK Ali. Ali turns around. The painting is North of Ali.,6f999144-fcd0-52e0-acea-ca152a4a32a9,base
A2RCYLKY072XXO,1,5,context,1,geocentric_near,geocentric_near_context,North of,South of,The painting is BLANK Ali. Ali turns around. The painting is North of Ali.,6f999144-fcd0-52e0-acea-ca152a4a32a9,base
A2TR30V5KYFFSI,1,5,context,0,geocentric_near,geocentric_near_context,North of,South of,The painting is BLANK Ali. Ali turns around. The painting is North of Ali.,6f999144-fcd0-52e0-acea-ca152a4a32a9,base
A30BPQ2QGZOXN8,1,5,context,1,geocentric_near,geocentric_near_context,North of,South of,The painting is BLANK Ali. Ali turns around. The painting is North of Ali.,6f999144-fcd0-52e0-acea-ca152a4a32a9,base
A3493E42N1JZVF,1,5,context,1,geocentric_near,geocentric_near_context,North of,South of,The painting is BLANK Ali. Ali turns around. The painting is North of Ali.,6f999144-fcd0-52e0-acea-ca152a4a32a9,base
A39KJNWAFOD7N1,1,5,context,0,geocentric_near,geocentric_near_context,North of,South of,The painting is BLANK Ali. Ali turns around. The painting is North of Ali.,6f999144-fcd0-52e0-acea-ca152a4a32a9,base
A3G7QQTQIKYI2O,1,5,context,0,geocentric_near,geocentric_near_context,North of,South of,The painting is BLANK Ali. Ali turns around. The painting is North of Ali.,6f999144-fcd0-52e0-acea-ca152a4a32a9,base
A3GWRDHAURRNK6,1,5,context,0,geocentric_near,geocentric_near_context,North of,South of,The painting is BLANK Ali. Ali turns around. The painting is North of Ali.,6f999144-fcd0-52e0-acea-ca152a4a32a9,base
A3JQVSZWD3QLO6,1,5,context,0,geocentric_near,geocentric_near_context,North of,South of,The painting is BLANK Ali. Ali turns around. The painting is North of Ali.,6f999144-fcd0-52e0-acea-ca152a4a32a9,base
A6KOTWP7N7RLU,1,5,context,1,geocentric_near,geocentric_near_context,North of,South of,The painting is BLANK Ali. Ali turns around. The painting is North of Ali.,6f999144-fcd0-52e0-acea-ca152a4a32a9,base
A7KJBEXITHVAS,1,5,context,1,geocentric_near,geocentric_near_context,North of,South of,The painting is BLANK Ali. Ali turns around. The painting is North of Ali.,6f999144-fcd0-52e0-acea-ca152a4a32a9,base
AV9M7394RRARU,1,5,context,0,geocentric_near,geocentric_near_context,North of,South of,The painting is BLANK Ali. Ali turns around. The painting is North of Ali.,6f999144-fcd0-52e0-acea-ca152a4a32a9,base
A12J4IRF5Z06BT,1,5,context,1,egocentric_near,egocentric_near_context,in front of,behind,The painting is BLANK Ali. Ali turns around. The painting is behind Ali.,dc87613d-0c9e-5501-b486-80196d9a7ad8,base
A19YRUF7K6FY78,1,5,context,0,egocentric_near,egocentric_near_context,in front of,behind,The painting is BLANK Ali. Ali turns around. The painting is behind Ali.,dc87613d-0c9e-5501-b486-80196d9a7ad8,base
A1B1SWNEKFBTPM,1,5,context,1,egocentric_near,egocentric_near_context,in front of,behind,The painting is BLANK Ali. Ali turns around. The painting is behind Ali.,dc87613d-0c9e-5501-b486-80196d9a7ad8,base
A1HGOFQI8TQCWB,1,5,context,1,egocentric_near,egocentric_near_context,in front of,behind,The painting is BLANK Ali. Ali turns around. The painting is behind Ali.,dc87613d-0c9e-5501-b486-80196d9a7ad8,base
A1LA6CIGBNDOH9,1,5,context,1,egocentric_near,egocentric_near_context,in front of,behind,The painting is BLANK Ali. Ali turns around. The painting is behind Ali.,dc87613d-0c9e-5501-b486-80196d9a7ad8,base
A1ROEDVMTO9Y3X,1,5,context,1,egocentric_near,egocentric_near_context,in front of,behind,The painting is BLANK Ali. Ali turns around. The painting is behind Ali.,dc87613d-0c9e-5501-b486-80196d9a7ad8,base
A214V7ZRX7LEWZ,1,5,context,1,egocentric_near,egocentric_near_context,in front of,behind,The painting is BLANK Ali. Ali turns around. The painting is behind Ali.,dc87613d-0c9e-5501-b486-80196d9a7ad8,base
A2616JPJO73667,1,5,context,1,egocentric_near,egocentric_near_context,in front of,behind,The painting is BLANK Ali. Ali turns around. The painting is behind Ali.,dc87613d-0c9e-5501-b486-80196d9a7ad8,base
A27EV0216FCLJW,1,5,context,1,egocentric_near,egocentric_near_context,in front of,behind,The painting is BLANK Ali. Ali turns around. The painting is behind Ali.,dc87613d-0c9e-5501-b486-80196d9a7ad8,base
A2NMAOYBBJTO0R,1,5,context,1,egocentric_near,egocentric_near_context,in front of,behind,The painting is BLANK Ali. Ali turns around. The painting is behind Ali.,dc87613d-0c9e-5501-b486-80196d9a7ad8,base
A2RCYLKY072XXO,1,5,context,1,egocentric_near,egocentric_near_context,in front of,behind,The painting is BLANK Ali. Ali turns around. The painting is behind Ali.,dc87613d-0c9e-5501-b486-80196d9a7ad8,base
A2TR30V5KYFFSI,1,5,context,1,egocentric_near,egocentric_near_context,in front of,behind,The painting is BLANK Ali. Ali turns around. The painting is behind Ali.,dc87613d-0c9e-5501-b486-80196d9a7ad8,base
A30BPQ2QGZOXN8,1,5,context,1,egocentric_near,egocentric_near_context,in front of,behind,The painting is BLANK Ali. Ali turns around. The painting is behind Ali.,dc87613d-0c9e-5501-b486-80196d9a7ad8,base
A3493E42N1JZVF,1,5,context,1,egocentric_near,egocentric_near_context,in front of,behind,The painting is BLANK Ali. Ali turns around. The painting is behind Ali.,dc87613d-0c9e-5501-b486-80196d9a7ad8,base
A39KJNWAFOD7N1,1,5,context,1,egocentric_near,egocentric_near_context,in front of,behind,The painting is BLANK Ali. Ali turns around. The painting is behind Ali.,dc87613d-0c9e-5501-b486-80196d9a7ad8,base
A3G7QQTQIKYI2O,1,5,context,0,egocentric_near,egocentric_near_context,in front of,behind,The painting is BLANK Ali. Ali turns around. The painting is behind Ali.,dc87613d-0c9e-5501-b486-80196d9a7ad8,base
A3GWRDHAURRNK6,1,5,context,1,egocentric_near,egocentric_near_context,in front of,behind,The painting is BLANK Ali. Ali turns around. The painting is behind Ali.,dc87613d-0c9e-5501-b486-80196d9a7ad8,base
A3JQVSZWD3QLO6,1,5,context,0,egocentric_near,egocentric_near_context,in front of,behind,The painting is BLANK Ali. Ali turns around. The painting is behind Ali.,dc87613d-0c9e-5501-b486-80196d9a7ad8,base
A6KOTWP7N7RLU,1,5,context,1,egocentric_near,egocentric_near_context,in front of,behind,The painting is BLANK Ali. Ali turns around. The painting is behind Ali.,dc87613d-0c9e-5501-b486-80196d9a7ad8,base
A7KJBEXITHVAS,1,5,context,0,egocentric_near,egocentric_near_context,in front of,behind,The painting is BLANK Ali. Ali turns around. The painting is behind Ali.,dc87613d-0c9e-5501-b486-80196d9a7ad8,base
AV9M7394RRARU,1,5,context,1,egocentric_near,egocentric_near_context,in front of,behind,The painting is BLANK Ali. Ali turns around. The painting is behind Ali.,dc87613d-0c9e-5501-b486-80196d9a7ad8,base
A12J4IRF5Z06BT,1,5,context,0,geocentric_near,geocentric_near_context,East of,North of,The painting is BLANK Ali. Ali turns left. The painting is East of Ali.,6739b82c-779d-5d65-91f9-d9be398a0575,base
A19YRUF7K6FY78,1,5,context,0,geocentric_near,geocentric_near_context,East of,North of,The painting is BLANK Ali. Ali turns left. The painting is East of Ali.,6739b82c-779d-5d65-91f9-d9be398a0575,base
A1B1SWNEKFBTPM,1,5,context,1,geocentric_near,geocentric_near_context,East of,North of,The painting is BLANK Ali. Ali turns left. The painting is East of Ali.,6739b82c-779d-5d65-91f9-d9be398a0575,base
A1HGOFQI8TQCWB,1,5,context,0,geocentric_near,geocentric_near_context,East of,North of,The painting is BLANK Ali. Ali turns left. The painting is East of Ali.,6739b82c-779d-5d65-91f9-d9be398a0575,base
A1LA6CIGBNDOH9,1,5,context,1,geocentric_near,geocentric_near_context,East of,North of,The painting is BLANK Ali. Ali turns left. The painting is East of Ali.,6739b82c-779d-5d65-91f9-d9be398a0575,base
A1ROEDVMTO9Y3X,1,5,context,0,geocentric_near,geocentric_near_context,East of,North of,The painting is BLANK Ali. Ali turns left. The painting is East of Ali.,6739b82c-779d-5d65-91f9-d9be398a0575,base
A214V7ZRX7LEWZ,1,5,context,1,geocentric_near,geocentric_near_context,East of,North of,The painting is BLANK Ali. Ali turns left. The painting is East of Ali.,6739b82c-779d-5d65-91f9-d9be398a0575,base
A2616JPJO73667,1,5,context,1,geocentric_near,geocentric_near_context,East of,North of,The painting is BLANK Ali. Ali turns left. The painting is East of Ali.,6739b82c-779d-5d65-91f9-d9be398a0575,base
A27EV0216FCLJW,1,5,context,0,geocentric_near,geocentric_near_context,East of,North of,The painting is BLANK Ali. Ali turns left. The painting is East of Ali.,6739b82c-779d-5d65-91f9-d9be398a0575,base
A2NMAOYBBJTO0R,1,5,context,0,geocentric_near,geocentric_near_context,East of,North of,The painting is BLANK Ali. Ali turns left. The painting is East of Ali.,6739b82c-779d-5d65-91f9-d9be398a0575,base
A2RCYLKY072XXO,1,5,context,1,geocentric_near,geocentric_near_context,East of,North of,The painting is BLANK Ali. Ali turns left. The painting is East of Ali.,6739b82c-779d-5d65-91f9-d9be398a0575,base
A2TR30V5KYFFSI,1,5,context,1,geocentric_near,geocentric_near_context,East of,North of,The painting is BLANK Ali. Ali turns left. The painting is East of Ali.,6739b82c-779d-5d65-91f9-d9be398a0575,base
A30BPQ2QGZOXN8,1,5,context,0,geocentric_near,geocentric_near_context,East of,North of,The painting is BLANK Ali. Ali turns left. The painting is East of Ali.,6739b82c-779d-5d65-91f9-d9be398a0575,base
A3493E42N1JZVF,1,5,context,0,geocentric_near,geocentric_near_context,East of,North of,The painting is BLANK Ali. Ali turns left. The painting is East of Ali.,6739b82c-779d-5d65-91f9-d9be398a0575,base
A39KJNWAFOD7N1,1,5,context,1,geocentric_near,geocentric_near_context,East of,North of,The painting is BLANK Ali. Ali turns left. The painting is East of Ali.,6739b82c-779d-5d65-91f9-d9be398a0575,base
A3G7QQTQIKYI2O,1,5,context,0,geocentric_near,geocentric_near_context,East of,North of,The painting is BLANK Ali. Ali turns left. The painting is East of Ali.,6739b82c-779d-5d65-91f9-d9be398a0575,base
A3GWRDHAURRNK6,1,5,context,1,geocentric_near,geocentric_near_context,East of,North of,The painting is BLANK Ali. Ali turns left. The painting is East of Ali.,6739b82c-779d-5d65-91f9-d9be398a0575,base
A3JQVSZWD3QLO6,1,5,context,0,geocentric_near,geocentric_near_context,East of,North of,The painting is BLANK Ali. Ali turns left. The painting is East of Ali.,6739b82c-779d-5d65-91f9-d9be398a0575,base
A6KOTWP7N7RLU,1,5,context,1,geocentric_near,geocentric_near_context,East of,North of,The painting is BLANK Ali. Ali turns left. The painting is East of Ali.,6739b82c-779d-5d65-91f9-d9be398a0575,base
A7KJBEXITHVAS,1,5,context,0,geocentric_near,geocentric_near_context,East of,North of,The painting is BLANK Ali. Ali turns left. The painting is East of Ali.,6739b82c-779d-5d65-91f9-d9be398a0575,base
AV9M7394RRARU,1,5,context,1,geocentric_near,geocentric_near_context,East of,North of,The painting is BLANK Ali. Ali turns left. The painting is East of Ali.,6739b82c-779d-5d65-91f9-d9be398a0575,base
A12J4IRF5Z06BT,1,5,context,1,geocentric_near,geocentric_near_context,East of,South of,The painting is BLANK Ali. Ali turns right. The painting is East of Ali.,bbe1c4e0-6ae6-53c2-8e3d-2d90016d6cde,base
A19YRUF7K6FY78,1,5,context,1,geocentric_near,geocentric_near_context,East of,South of,The painting is BLANK Ali. Ali turns right. The painting is East of Ali.,bbe1c4e0-6ae6-53c2-8e3d-2d90016d6cde,base
A1B1SWNEKFBTPM,1,5,context,0,geocentric_near,geocentric_near_context,East of,South of,The painting is BLANK Ali. Ali turns right. The painting is East of Ali.,bbe1c4e0-6ae6-53c2-8e3d-2d90016d6cde,base
A1HGOFQI8TQCWB,1,5,context,1,geocentric_near,geocentric_near_context,East of,South of,The painting is BLANK Ali. Ali turns right. The painting is East of Ali.,bbe1c4e0-6ae6-53c2-8e3d-2d90016d6cde,base
A1LA6CIGBNDOH9,1,5,context,1,geocentric_near,geocentric_near_context,East of,South of,The painting is BLANK Ali. Ali turns right. The painting is East of Ali.,bbe1c4e0-6ae6-53c2-8e3d-2d90016d6cde,base
A1ROEDVMTO9Y3X,1,5,context,0,geocentric_near,geocentric_near_context,East of,South of,The painting is BLANK Ali. Ali turns right. The painting is East of Ali.,bbe1c4e0-6ae6-53c2-8e3d-2d90016d6cde,base
A214V7ZRX7LEWZ,1,5,context,0,geocentric_near,geocentric_near_context,East of,South of,The painting is BLANK Ali. Ali turns right. The painting is East of Ali.,bbe1c4e0-6ae6-53c2-8e3d-2d90016d6cde,base
A2616JPJO73667,1,5,context,0,geocentric_near,geocentric_near_context,East of,South of,The painting is BLANK Ali. Ali turns right. The painting is East of Ali.,bbe1c4e0-6ae6-53c2-8e3d-2d90016d6cde,base
A27EV0216FCLJW,1,5,context,0,geocentric_near,geocentric_near_context,East of,South of,The painting is BLANK Ali. Ali turns right. The painting is East of Ali.,bbe1c4e0-6ae6-53c2-8e3d-2d90016d6cde,base
A2NMAOYBBJTO0R,1,5,context,1,geocentric_near,geocentric_near_context,East of,South of,The painting is BLANK Ali. Ali turns right. The painting is East of Ali.,bbe1c4e0-6ae6-53c2-8e3d-2d90016d6cde,base
A2RCYLKY072XXO,1,5,context,1,geocentric_near,geocentric_near_context,East of,South of,The painting is BLANK Ali. Ali turns right. The painting is East of Ali.,bbe1c4e0-6ae6-53c2-8e3d-2d90016d6cde,base
A2TR30V5KYFFSI,1,5,context,0,geocentric_near,geocentric_near_context,East of,South of,The painting is BLANK Ali. Ali turns right. The painting is East of Ali.,bbe1c4e0-6ae6-53c2-8e3d-2d90016d6cde,base
A30BPQ2QGZOXN8,1,5,context,0,geocentric_near,geocentric_near_context,East of,South of,The painting is BLANK Ali. Ali turns right. The painting is East of Ali.,bbe1c4e0-6ae6-53c2-8e3d-2d90016d6cde,base
A3493E42N1JZVF,1,5,context,1,geocentric_near,geocentric_near_context,East of,South of,The painting is BLANK Ali. Ali turns right. The painting is East of Ali.,bbe1c4e0-6ae6-53c2-8e3d-2d90016d6cde,base
A39KJNWAFOD7N1,1,5,context,0,geocentric_near,geocentric_near_context,East of,South of,The painting is BLANK Ali. Ali turns right. The painting is East of Ali.,bbe1c4e0-6ae6-53c2-8e3d-2d90016d6cde,base
A3G7QQTQIKYI2O,1,5,context,0,geocentric_near,geocentric_near_context,East of,South of,The painting is BLANK Ali. Ali turns right. The painting is East of Ali.,bbe1c4e0-6ae6-53c2-8e3d-2d90016d6cde,base
A3GWRDHAURRNK6,1,5,context,0,geocentric_near,geocentric_near_context,East of,South of,The painting is BLANK Ali. Ali turns right. The painting is East of Ali.,bbe1c4e0-6ae6-53c2-8e3d-2d90016d6cde,base
A3JQVSZWD3QLO6,1,5,context,0,geocentric_near,geocentric_near_context,East of,South of,The painting is BLANK Ali. Ali turns right. The painting is East of Ali.,bbe1c4e0-6ae6-53c2-8e3d-2d90016d6cde,base
A6KOTWP7N7RLU,1,5,context,1,geocentric_near,geocentric_near_context,East of,South of,The painting is BLANK Ali. Ali turns right. The painting is East of Ali.,bbe1c4e0-6ae6-53c2-8e3d-2d90016d6cde,base
A7KJBEXITHVAS,1,5,context,0,geocentric_near,geocentric_near_context,East of,South of,The painting is BLANK Ali. Ali turns right. The painting is East of Ali.,bbe1c4e0-6ae6-53c2-8e3d-2d90016d6cde,base
AV9M7394RRARU,1,5,context,1,geocentric_near,geocentric_near_context,East of,South of,The painting is BLANK Ali. Ali turns right. The painting is East of Ali.,bbe1c4e0-6ae6-53c2-8e3d-2d90016d6cde,base
A12J4IRF5Z06BT,1,5,context,1,egocentric_near,egocentric_near_context,right,left,The painting is BLANK of Ali. Ali turns left. The painting is behind Ali.,968e2dfd-68f0-576e-8463-bed7428cbc75,base
A19YRUF7K6FY78,1,5,context,0,egocentric_near,egocentric_near_context,right,left,The painting is BLANK of Ali. Ali turns left. The painting is behind Ali.,968e2dfd-68f0-576e-8463-bed7428cbc75,base
A1B1SWNEKFBTPM,1,5,context,1,egocentric_near,egocentric_near_context,right,left,The painting is BLANK of Ali. Ali turns left. The painting is behind Ali.,968e2dfd-68f0-576e-8463-bed7428cbc75,base
A1HGOFQI8TQCWB,1,5,context,1,egocentric_near,egocentric_near_context,right,left,The painting is BLANK of Ali. Ali turns left. The painting is behind Ali.,968e2dfd-68f0-576e-8463-bed7428cbc75,base
A1LA6CIGBNDOH9,1,5,context,0,egocentric_near,egocentric_near_context,right,left,The painting is BLANK of Ali. Ali turns left. The painting is behind Ali.,968e2dfd-68f0-576e-8463-bed7428cbc75,base
A1ROEDVMTO9Y3X,1,5,context,1,egocentric_near,egocentric_near_context,right,left,The painting is BLANK of Ali. Ali turns left. The painting is behind Ali.,968e2dfd-68f0-576e-8463-bed7428cbc75,base
A214V7ZRX7LEWZ,1,5,context,0,egocentric_near,egocentric_near_context,right,left,The painting is BLANK of Ali. Ali turns left. The painting is behind Ali.,968e2dfd-68f0-576e-8463-bed7428cbc75,base
A2616JPJO73667,1,5,context,1,egocentric_near,egocentric_near_context,right,left,The painting is BLANK of Ali. Ali turns left. The painting is behind Ali.,968e2dfd-68f0-576e-8463-bed7428cbc75,base
A27EV0216FCLJW,1,5,context,1,egocentric_near,egocentric_near_context,right,left,The painting is BLANK of Ali. Ali turns left. The painting is behind Ali.,968e2dfd-68f0-576e-8463-bed7428cbc75,base
A2NMAOYBBJTO0R,1,5,context,1,egocentric_near,egocentric_near_context,right,left,The painting is BLANK of Ali. Ali turns left. The painting is behind Ali.,968e2dfd-68f0-576e-8463-bed7428cbc75,base
A2RCYLKY072XXO,1,5,context,1,egocentric_near,egocentric_near_context,right,left,The painting is BLANK of Ali. Ali turns left. The painting is behind Ali.,968e2dfd-68f0-576e-8463-bed7428cbc75,base
A2TR30V5KYFFSI,1,5,context,1,egocentric_near,egocentric_near_context,right,left,The painting is BLANK of Ali. Ali turns left. The painting is behind Ali.,968e2dfd-68f0-576e-8463-bed7428cbc75,base
A30BPQ2QGZOXN8,1,5,context,1,egocentric_near,egocentric_near_context,right,left,The painting is BLANK of Ali. Ali turns left. The painting is behind Ali.,968e2dfd-68f0-576e-8463-bed7428cbc75,base
A3493E42N1JZVF,1,5,context,1,egocentric_near,egocentric_near_context,right,left,The painting is BLANK of Ali. Ali turns left. The painting is behind Ali.,968e2dfd-68f0-576e-8463-bed7428cbc75,base
A39KJNWAFOD7N1,1,5,context,1,egocentric_near,egocentric_near_context,right,left,The painting is BLANK of Ali. Ali turns left. The painting is behind Ali.,968e2dfd-68f0-576e-8463-bed7428cbc75,base
A3G7QQTQIKYI2O,1,5,context,0,egocentric_near,egocentric_near_context,right,left,The painting is BLANK of Ali. Ali turns left. The painting is behind Ali.,968e2dfd-68f0-576e-8463-bed7428cbc75,base
A3GWRDHAURRNK6,1,5,context,1,egocentric_near,egocentric_near_context,right,left,The painting is BLANK of Ali. Ali turns left. The painting is behind Ali.,968e2dfd-68f0-576e-8463-bed7428cbc75,base
A3JQVSZWD3QLO6,1,5,context,1,egocentric_near,egocentric_near_context,right,left,The painting is BLANK of Ali. Ali turns left. The painting is behind Ali.,968e2dfd-68f0-576e-8463-bed7428cbc75,base
A6KOTWP7N7RLU,1,5,context,1,egocentric_near,egocentric_near_context,right,left,The painting is BLANK of Ali. Ali turns left. The painting is behind Ali.,968e2dfd-68f0-576e-8463-bed7428cbc75,base
A7KJBEXITHVAS,1,5,context,1,egocentric_near,egocentric_near_context,right,left,The painting is BLANK of Ali. Ali turns left. The painting is behind Ali.,968e2dfd-68f0-576e-8463-bed7428cbc75,base
AV9M7394RRARU,1,5,context,1,egocentric_near,egocentric_near_context,right,left,The painting is BLANK of Ali. Ali turns left. The painting is behind Ali.,968e2dfd-68f0-576e-8463-bed7428cbc75,base
A12J4IRF5Z06BT,1,5,context,0,egocentric_near,egocentric_near_context,right,left,The painting is BLANK of Ali. Ali turns right. The painting is in front of Ali.,a4994f26-9ec4-577d-ba9a-8dcdae74b3a7,base
A19YRUF7K6FY78,1,5,context,1,egocentric_near,egocentric_near_context,right,left,The painting is BLANK of Ali. Ali turns right. The painting is in front of Ali.,a4994f26-9ec4-577d-ba9a-8dcdae74b3a7,base
A1B1SWNEKFBTPM,1,5,context,1,egocentric_near,egocentric_near_context,right,left,The painting is BLANK of Ali. Ali turns right. The painting is in front of Ali.,a4994f26-9ec4-577d-ba9a-8dcdae74b3a7,base
A1HGOFQI8TQCWB,1,5,context,1,egocentric_near,egocentric_near_context,right,left,The painting is BLANK of Ali. Ali turns right. The painting is in front of Ali.,a4994f26-9ec4-577d-ba9a-8dcdae74b3a7,base
A1LA6CIGBNDOH9,1,5,context,1,egocentric_near,egocentric_near_context,right,left,The painting is BLANK of Ali. Ali turns right. The painting is in front of Ali.,a4994f26-9ec4-577d-ba9a-8dcdae74b3a7,base
A1ROEDVMTO9Y3X,1,5,context,0,egocentric_near,egocentric_near_context,right,left,The painting is BLANK of Ali. Ali turns right. The painting is in front of Ali.,a4994f26-9ec4-577d-ba9a-8dcdae74b3a7,base
A214V7ZRX7LEWZ,1,5,context,1,egocentric_near,egocentric_near_context,right,left,The painting is BLANK of Ali. Ali turns right. The painting is in front of Ali.,a4994f26-9ec4-577d-ba9a-8dcdae74b3a7,base
A2616JPJO73667,1,5,context,1,egocentric_near,egocentric_near_context,right,left,The painting is BLANK of Ali. Ali turns right. The painting is in front of Ali.,a4994f26-9ec4-577d-ba9a-8dcdae74b3a7,base
A27EV0216FCLJW,1,5,context,0,egocentric_near,egocentric_near_context,right,left,The painting is BLANK of Ali. Ali turns right. The painting is in front of Ali.,a4994f26-9ec4-577d-ba9a-8dcdae74b3a7,base
A2NMAOYBBJTO0R,1,5,context,0,egocentric_near,egocentric_near_context,right,left,The painting is BLANK of Ali. Ali turns right. The painting is in front of Ali.,a4994f26-9ec4-577d-ba9a-8dcdae74b3a7,base
A2RCYLKY072XXO,1,5,context,1,egocentric_near,egocentric_near_context,right,left,The painting is BLANK of Ali. Ali turns right. The painting is in front of Ali.,a4994f26-9ec4-577d-ba9a-8dcdae74b3a7,base
A2TR30V5KYFFSI,1,5,context,0,egocentric_near,egocentric_near_context,right,left,The painting is BLANK of Ali. Ali turns right. The painting is in front of Ali.,a4994f26-9ec4-577d-ba9a-8dcdae74b3a7,base
A30BPQ2QGZOXN8,1,5,context,1,egocentric_near,egocentric_near_context,right,left,The painting is BLANK of Ali. Ali turns right. The painting is in front of Ali.,a4994f26-9ec4-577d-ba9a-8dcdae74b3a7,base
A3493E42N1JZVF,1,5,context,0,egocentric_near,egocentric_near_context,right,left,The painting is BLANK of Ali. Ali turns right. The painting is in front of Ali.,a4994f26-9ec4-577d-ba9a-8dcdae74b3a7,base
A39KJNWAFOD7N1,1,5,context,0,egocentric_near,egocentric_near_context,right,left,The painting is BLANK of Ali. Ali turns right. The painting is in front of Ali.,a4994f26-9ec4-577d-ba9a-8dcdae74b3a7,base
A3G7QQTQIKYI2O,1,5,context,0,egocentric_near,egocentric_near_context,right,left,The painting is BLANK of Ali. Ali turns right. The painting is in front of Ali.,a4994f26-9ec4-577d-ba9a-8dcdae74b3a7,base
A3GWRDHAURRNK6,1,5,context,1,egocentric_near,egocentric_near_context,right,left,The painting is BLANK of Ali. Ali turns right. The painting is in front of Ali.,a4994f26-9ec4-577d-ba9a-8dcdae74b3a7,base
A3JQVSZWD3QLO6,1,5,context,1,egocentric_near,egocentric_near_context,right,left,The painting is BLANK of Ali. Ali turns right. The painting is in front of Ali.,a4994f26-9ec4-577d-ba9a-8dcdae74b3a7,base
A6KOTWP7N7RLU,1,5,context,1,egocentric_near,egocentric_near_context,right,left,The painting is BLANK of Ali. Ali turns right. The painting is in front of Ali.,a4994f26-9ec4-577d-ba9a-8dcdae74b3a7,base
A7KJBEXITHVAS,1,5,context,0,egocentric_near,egocentric_near_context,right,left,The painting is BLANK of Ali. Ali turns right. The painting is in front of Ali.,a4994f26-9ec4-577d-ba9a-8dcdae74b3a7,base
AV9M7394RRARU,1,5,context,1,egocentric_near,egocentric_near_context,right,left,The painting is BLANK of Ali. Ali turns right. The painting is in front of Ali.,a4994f26-9ec4-577d-ba9a-8dcdae74b3a7,base
A12J4IRF5Z06BT,1,5,context,1,state_follows,state_follows_context,on,off,The room is bright. Ali turns BLANK a light. The room gets brighter.,b0791ccd-0f07-5ffa-a85e-7488f8586d70,base
A19YRUF7K6FY78,1,5,context,1,state_follows,state_follows_context,on,off,The room is bright. Ali turns BLANK a light. The room gets brighter.,b0791ccd-0f07-5ffa-a85e-7488f8586d70,base
A1B1SWNEKFBTPM,1,5,context,1,state_follows,state_follows_context,on,off,The room is bright. Ali turns BLANK a light. The room gets brighter.,b0791ccd-0f07-5ffa-a85e-7488f8586d70,base
A1HGOFQI8TQCWB,1,5,context,1,state_follows,state_follows_context,on,off,The room is bright. Ali turns BLANK a light. The room gets brighter.,b0791ccd-0f07-5ffa-a85e-7488f8586d70,base
A1LA6CIGBNDOH9,1,5,context,1,state_follows,state_follows_context,on,off,The room is bright. Ali turns BLANK a light. The room gets brighter.,b0791ccd-0f07-5ffa-a85e-7488f8586d70,base
A1ROEDVMTO9Y3X,1,5,context,1,state_follows,state_follows_context,on,off,The room is bright. Ali turns BLANK a light. The room gets brighter.,b0791ccd-0f07-5ffa-a85e-7488f8586d70,base
A214V7ZRX7LEWZ,1,5,context,1,state_follows,state_follows_context,on,off,The room is bright. Ali turns BLANK a light. The room gets brighter.,b0791ccd-0f07-5ffa-a85e-7488f8586d70,base
A2616JPJO73667,1,5,context,1,state_follows,state_follows_context,on,off,The room is bright. Ali turns BLANK a light. The room gets brighter.,b0791ccd-0f07-5ffa-a85e-7488f8586d70,base
A27EV0216FCLJW,1,5,context,1,state_follows,state_follows_context,on,off,The room is bright. Ali turns BLANK a light. The room gets brighter.,b0791ccd-0f07-5ffa-a85e-7488f8586d70,base
A2NMAOYBBJTO0R,1,5,context,1,state_follows,state_follows_context,on,off,The room is bright. Ali turns BLANK a light. The room gets brighter.,b0791ccd-0f07-5ffa-a85e-7488f8586d70,base
A2RCYLKY072XXO,1,5,context,1,state_follows,state_follows_context,on,off,The room is bright. Ali turns BLANK a light. The room gets brighter.,b0791ccd-0f07-5ffa-a85e-7488f8586d70,base
A2TR30V5KYFFSI,1,5,context,1,state_follows,state_follows_context,on,off,The room is bright. Ali turns BLANK a light. The room gets brighter.,b0791ccd-0f07-5ffa-a85e-7488f8586d70,base
A30BPQ2QGZOXN8,1,5,context,1,state_follows,state_follows_context,on,off,The room is bright. Ali turns BLANK a light. The room gets brighter.,b0791ccd-0f07-5ffa-a85e-7488f8586d70,base
A3493E42N1JZVF,1,5,context,1,state_follows,state_follows_context,on,off,The room is bright. Ali turns BLANK a light. The room gets brighter.,b0791ccd-0f07-5ffa-a85e-7488f8586d70,base
A39KJNWAFOD7N1,1,5,context,1,state_follows,state_follows_context,on,off,The room is bright. Ali turns BLANK a light. The room gets brighter.,b0791ccd-0f07-5ffa-a85e-7488f8586d70,base
A3G7QQTQIKYI2O,1,5,context,0,state_follows,state_follows_context,on,off,The room is bright. Ali turns BLANK a light. The room gets brighter.,b0791ccd-0f07-5ffa-a85e-7488f8586d70,base
A3GWRDHAURRNK6,1,5,context,1,state_follows,state_follows_context,on,off,The room is bright. Ali turns BLANK a light. The room gets brighter.,b0791ccd-0f07-5ffa-a85e-7488f8586d70,base
A3JQVSZWD3QLO6,1,5,context,1,state_follows,state_follows_context,on,off,The room is bright. Ali turns BLANK a light. The room gets brighter.,b0791ccd-0f07-5ffa-a85e-7488f8586d70,base
A6KOTWP7N7RLU,1,5,context,1,state_follows,state_follows_context,on,off,The room is bright. Ali turns BLANK a light. The room gets brighter.,b0791ccd-0f07-5ffa-a85e-7488f8586d70,base
A7KJBEXITHVAS,1,5,context,1,state_follows,state_follows_context,on,off,The room is bright. Ali turns BLANK a light. The room gets brighter.,b0791ccd-0f07-5ffa-a85e-7488f8586d70,base
AV9M7394RRARU,1,5,context,1,state_follows,state_follows_context,on,off,The room is bright. Ali turns BLANK a light. The room gets brighter.,b0791ccd-0f07-5ffa-a85e-7488f8586d70,base
A12J4IRF5Z06BT,1,5,context,0,action_follows,action_follows_context,right,left,The seesaw is balanced. Ali tilts the BLANK side of the seesaw. The left side goes up.,9ce7fedd-cd4e-5e5e-8af4-7c87b269dcf9,base
A19YRUF7K6FY78,1,5,context,0,action_follows,action_follows_context,right,left,The seesaw is balanced. Ali tilts the BLANK side of the seesaw. The left side goes up.,9ce7fedd-cd4e-5e5e-8af4-7c87b269dcf9,base
A1B1SWNEKFBTPM,1,5,context,1,action_follows,action_follows_context,right,left,The seesaw is balanced. Ali tilts the BLANK side of the seesaw. The left side goes up.,9ce7fedd-cd4e-5e5e-8af4-7c87b269dcf9,base
A1HGOFQI8TQCWB,1,5,context,1,action_follows,action_follows_context,right,left,The seesaw is balanced. Ali tilts the BLANK side of the seesaw. The left side goes up.,9ce7fedd-cd4e-5e5e-8af4-7c87b269dcf9,base
A1LA6CIGBNDOH9,1,5,context,1,action_follows,action_follows_context,right,left,The seesaw is balanced. Ali tilts the BLANK side of the seesaw. The left side goes up.,9ce7fedd-cd4e-5e5e-8af4-7c87b269dcf9,base
A1ROEDVMTO9Y3X,1,5,context,1,action_follows,action_follows_context,right,left,The seesaw is balanced. Ali tilts the BLANK side of the seesaw. The left side goes up.,9ce7fedd-cd4e-5e5e-8af4-7c87b269dcf9,base
A214V7ZRX7LEWZ,1,5,context,1,action_follows,action_follows_context,right,left,The seesaw is balanced. Ali tilts the BLANK side of the seesaw. The left side goes up.,9ce7fedd-cd4e-5e5e-8af4-7c87b269dcf9,base
A2616JPJO73667,1,5,context,0,action_follows,action_follows_context,right,left,The seesaw is balanced. Ali tilts the BLANK side of the seesaw. The left side goes up.,9ce7fedd-cd4e-5e5e-8af4-7c87b269dcf9,base
A27EV0216FCLJW,1,5,context,1,action_follows,action_follows_context,right,left,The seesaw is balanced. Ali tilts the BLANK side of the seesaw. The left side goes up.,9ce7fedd-cd4e-5e5e-8af4-7c87b269dcf9,base
A2NMAOYBBJTO0R,1,5,context,0,action_follows,action_follows_context,right,left,The seesaw is balanced. Ali tilts the BLANK side of the seesaw. The left side goes up.,9ce7fedd-cd4e-5e5e-8af4-7c87b269dcf9,base
A2RCYLKY072XXO,1,5,context,1,action_follows,action_follows_context,right,left,The seesaw is balanced. Ali tilts the BLANK side of the seesaw. The left side goes up.,9ce7fedd-cd4e-5e5e-8af4-7c87b269dcf9,base
A2TR30V5KYFFSI,1,5,context,1,action_follows,action_follows_context,right,left,The seesaw is balanced. Ali tilts the BLANK side of the seesaw. The left side goes up.,9ce7fedd-cd4e-5e5e-8af4-7c87b269dcf9,base
A30BPQ2QGZOXN8,1,5,context,0,action_follows,action_follows_context,right,left,The seesaw is balanced. Ali tilts the BLANK side of the seesaw. The left side goes up.,9ce7fedd-cd4e-5e5e-8af4-7c87b269dcf9,base
A3493E42N1JZVF,1,5,context,1,action_follows,action_follows_context,right,left,The seesaw is balanced. Ali tilts the BLANK side of the seesaw. The left side goes up.,9ce7fedd-cd4e-5e5e-8af4-7c87b269dcf9,base
A39KJNWAFOD7N1,1,5,context,1,action_follows,action_follows_context,right,left,The seesaw is balanced. Ali tilts the BLANK side of the seesaw. The left side goes up.,9ce7fedd-cd4e-5e5e-8af4-7c87b269dcf9,base
A3G7QQTQIKYI2O,1,5,context,0,action_follows,action_follows_context,right,left,The seesaw is balanced. Ali tilts the BLANK side of the seesaw. The left side goes up.,9ce7fedd-cd4e-5e5e-8af4-7c87b269dcf9,base
A3GWRDHAURRNK6,1,5,context,0,action_follows,action_follows_context,right,left,The seesaw is balanced. Ali tilts the BLANK side of the seesaw. The left side goes up.,9ce7fedd-cd4e-5e5e-8af4-7c87b269dcf9,base
A3JQVSZWD3QLO6,1,5,context,1,action_follows,action_follows_context,right,left,The seesaw is balanced. Ali tilts the BLANK side of the seesaw. The left side goes up.,9ce7fedd-cd4e-5e5e-8af4-7c87b269dcf9,base
A6KOTWP7N7RLU,1,5,context,1,action_follows,action_follows_context,right,left,The seesaw is balanced. Ali tilts the BLANK side of the seesaw. The left side goes up.,9ce7fedd-cd4e-5e5e-8af4-7c87b269dcf9,base
A7KJBEXITHVAS,1,5,context,0,action_follows,action_follows_context,right,left,The seesaw is balanced. Ali tilts the BLANK side of the seesaw. The left side goes up.,9ce7fedd-cd4e-5e5e-8af4-7c87b269dcf9,base
AV9M7394RRARU,1,5,context,1,action_follows,action_follows_context,right,left,The seesaw is balanced. Ali tilts the BLANK side of the seesaw. The left side goes up.,9ce7fedd-cd4e-5e5e-8af4-7c87b269dcf9,base
A12J4IRF5Z06BT,1,5,context,1,state_follows,state_follows_context,off,on,The soup is on the stove. Ali turns BLANK the stove. The soup gets colder.,3a45e044-a878-54c2-afa2-9998b32b00cc,base
A19YRUF7K6FY78,1,5,context,1,state_follows,state_follows_context,off,on,The soup is on the stove. Ali turns BLANK the stove. The soup gets colder.,3a45e044-a878-54c2-afa2-9998b32b00cc,base
A1B1SWNEKFBTPM,1,5,context,1,state_follows,state_follows_context,off,on,The soup is on the stove. Ali turns BLANK the stove. The soup gets colder.,3a45e044-a878-54c2-afa2-9998b32b00cc,base
A1HGOFQI8TQCWB,1,5,context,1,state_follows,state_follows_context,off,on,The soup is on the stove. Ali turns BLANK the stove. The soup gets colder.,3a45e044-a878-54c2-afa2-9998b32b00cc,base
A1LA6CIGBNDOH9,1,5,context,1,state_follows,state_follows_context,off,on,The soup is on the stove. Ali turns BLANK the stove. The soup gets colder.,3a45e044-a878-54c2-afa2-9998b32b00cc,base
A1ROEDVMTO9Y3X,1,5,context,0,state_follows,state_follows_context,off,on,The soup is on the stove. Ali turns BLANK the stove. The soup gets colder.,3a45e044-a878-54c2-afa2-9998b32b00cc,base
A214V7ZRX7LEWZ,1,5,context,1,state_follows,state_follows_context,off,on,The soup is on the stove. Ali turns BLANK the stove. The soup gets colder.,3a45e044-a878-54c2-afa2-9998b32b00cc,base
A2616JPJO73667,1,5,context,1,state_follows,state_follows_context,off,on,The soup is on the stove. Ali turns BLANK the stove. The soup gets colder.,3a45e044-a878-54c2-afa2-9998b32b00cc,base
A27EV0216FCLJW,1,5,context,1,state_follows,state_follows_context,off,on,The soup is on the stove. Ali turns BLANK the stove. The soup gets colder.,3a45e044-a878-54c2-afa2-9998b32b00cc,base
A2NMAOYBBJTO0R,1,5,context,1,state_follows,state_follows_context,off,on,The soup is on the stove. Ali turns BLANK the stove. The soup gets colder.,3a45e044-a878-54c2-afa2-9998b32b00cc,base
A2RCYLKY072XXO,1,5,context,1,state_follows,state_follows_context,off,on,The soup is on the stove. Ali turns BLANK the stove. The soup gets colder.,3a45e044-a878-54c2-afa2-9998b32b00cc,base
A2TR30V5KYFFSI,1,5,context,0,state_follows,state_follows_context,off,on,The soup is on the stove. Ali turns BLANK the stove. The soup gets colder.,3a45e044-a878-54c2-afa2-9998b32b00cc,base
A30BPQ2QGZOXN8,1,5,context,1,state_follows,state_follows_context,off,on,The soup is on the stove. Ali turns BLANK the stove. The soup gets colder.,3a45e044-a878-54c2-afa2-9998b32b00cc,base
A3493E42N1JZVF,1,5,context,1,state_follows,state_follows_context,off,on,The soup is on the stove. Ali turns BLANK the stove. The soup gets colder.,3a45e044-a878-54c2-afa2-9998b32b00cc,base
A39KJNWAFOD7N1,1,5,context,1,state_follows,state_follows_context,off,on,The soup is on the stove. Ali turns BLANK the stove. The soup gets colder.,3a45e044-a878-54c2-afa2-9998b32b00cc,base
A3G7QQTQIKYI2O,1,5,context,1,state_follows,state_follows_context,off,on,The soup is on the stove. Ali turns BLANK the stove. The soup gets colder.,3a45e044-a878-54c2-afa2-9998b32b00cc,base
A3GWRDHAURRNK6,1,5,context,1,state_follows,state_follows_context,off,on,The soup is on the stove. Ali turns BLANK the stove. The soup gets colder.,3a45e044-a878-54c2-afa2-9998b32b00cc,base
A3JQVSZWD3QLO6,1,5,context,1,state_follows,state_follows_context,off,on,The soup is on the stove. Ali turns BLANK the stove. The soup gets colder.,3a45e044-a878-54c2-afa2-9998b32b00cc,base
A6KOTWP7N7RLU,1,5,context,1,state_follows,state_follows_context,off,on,The soup is on the stove. Ali turns BLANK the stove. The soup gets colder.,3a45e044-a878-54c2-afa2-9998b32b00cc,base
A7KJBEXITHVAS,1,5,context,1,state_follows,state_follows_context,off,on,The soup is on the stove. Ali turns BLANK the stove. The soup gets colder.,3a45e044-a878-54c2-afa2-9998b32b00cc,base
AV9M7394RRARU,1,5,context,1,state_follows,state_follows_context,off,on,The soup is on the stove. Ali turns BLANK the stove. The soup gets colder.,3a45e044-a878-54c2-afa2-9998b32b00cc,base
A12J4IRF5Z06BT,1,5,context,0,geocentric_near,geocentric_near_context,West of,South of,The statue is BLANK Ali. Ali walks North. The statue is West of Ali.,f5993fbe-e095-503a-8913-5bae1684dcbb,base
A19YRUF7K6FY78,1,5,context,0,geocentric_near,geocentric_near_context,West of,South of,The statue is BLANK Ali. Ali walks North. The statue is West of Ali.,f5993fbe-e095-503a-8913-5bae1684dcbb,base
A1B1SWNEKFBTPM,1,5,context,1,geocentric_near,geocentric_near_context,West of,South of,The statue is BLANK Ali. Ali walks North. The statue is West of Ali.,f5993fbe-e095-503a-8913-5bae1684dcbb,base
A1HGOFQI8TQCWB,1,5,context,0,geocentric_near,geocentric_near_context,West of,South of,The statue is BLANK Ali. Ali walks North. The statue is West of Ali.,f5993fbe-e095-503a-8913-5bae1684dcbb,base
A1LA6CIGBNDOH9,1,5,context,1,geocentric_near,geocentric_near_context,West of,South of,The statue is BLANK Ali. Ali walks North. The statue is West of Ali.,f5993fbe-e095-503a-8913-5bae1684dcbb,base
A1ROEDVMTO9Y3X,1,5,context,0,geocentric_near,geocentric_near_context,West of,South of,The statue is BLANK Ali. Ali walks North. The statue is West of Ali.,f5993fbe-e095-503a-8913-5bae1684dcbb,base
A214V7ZRX7LEWZ,1,5,context,0,geocentric_near,geocentric_near_context,West of,South of,The statue is BLANK Ali. Ali walks North. The statue is West of Ali.,f5993fbe-e095-503a-8913-5bae1684dcbb,base
A2616JPJO73667,1,5,context,0,geocentric_near,geocentric_near_context,West of,South of,The statue is BLANK Ali. Ali walks North. The statue is West of Ali.,f5993fbe-e095-503a-8913-5bae1684dcbb,base
A27EV0216FCLJW,1,5,context,0,geocentric_near,geocentric_near_context,West of,South of,The statue is BLANK Ali. Ali walks North. The statue is West of Ali.,f5993fbe-e095-503a-8913-5bae1684dcbb,base
A2NMAOYBBJTO0R,1,5,context,0,geocentric_near,geocentric_near_context,West of,South of,The statue is BLANK Ali. Ali walks North. The statue is West of Ali.,f5993fbe-e095-503a-8913-5bae1684dcbb,base
A2RCYLKY072XXO,1,5,context,1,geocentric_near,geocentric_near_context,West of,South of,The statue is BLANK Ali. Ali walks North. The statue is West of Ali.,f5993fbe-e095-503a-8913-5bae1684dcbb,base
A2TR30V5KYFFSI,1,5,context,0,geocentric_near,geocentric_near_context,West of,South of,The statue is BLANK Ali. Ali walks North. The statue is West of Ali.,f5993fbe-e095-503a-8913-5bae1684dcbb,base
A30BPQ2QGZOXN8,1,5,context,0,geocentric_near,geocentric_near_context,West of,South of,The statue is BLANK Ali. Ali walks North. The statue is West of Ali.,f5993fbe-e095-503a-8913-5bae1684dcbb,base
A3493E42N1JZVF,1,5,context,1,geocentric_near,geocentric_near_context,West of,South of,The statue is BLANK Ali. Ali walks North. The statue is West of Ali.,f5993fbe-e095-503a-8913-5bae1684dcbb,base
A39KJNWAFOD7N1,1,5,context,1,geocentric_near,geocentric_near_context,West of,South of,The statue is BLANK Ali. Ali walks North. The statue is West of Ali.,f5993fbe-e095-503a-8913-5bae1684dcbb,base
A3G7QQTQIKYI2O,1,5,context,1,geocentric_near,geocentric_near_context,West of,South of,The statue is BLANK Ali. Ali walks North. The statue is West of Ali.,f5993fbe-e095-503a-8913-5bae1684dcbb,base
A3GWRDHAURRNK6,1,5,context,0,geocentric_near,geocentric_near_context,West of,South of,The statue is BLANK Ali. Ali walks North. The statue is West of Ali.,f5993fbe-e095-503a-8913-5bae1684dcbb,base
A3JQVSZWD3QLO6,1,5,context,0,geocentric_near,geocentric_near_context,West of,South of,The statue is BLANK Ali. Ali walks North. The statue is West of Ali.,f5993fbe-e095-503a-8913-5bae1684dcbb,base
A6KOTWP7N7RLU,1,5,context,1,geocentric_near,geocentric_near_context,West of,South of,The statue is BLANK Ali. Ali walks North. The statue is West of Ali.,f5993fbe-e095-503a-8913-5bae1684dcbb,base
A7KJBEXITHVAS,1,5,context,1,geocentric_near,geocentric_near_context,West of,South of,The statue is BLANK Ali. Ali walks North. The statue is West of Ali.,f5993fbe-e095-503a-8913-5bae1684dcbb,base
AV9M7394RRARU,1,5,context,1,geocentric_near,geocentric_near_context,West of,South of,The statue is BLANK Ali. Ali walks North. The statue is West of Ali.,f5993fbe-e095-503a-8913-5bae1684dcbb,base
A12J4IRF5Z06BT,1,5,context,0,geocentric_near,geocentric_near_context,North of,East of,The statue is BLANK Ali. Ali walks West. The statue is North of Ali.,c8c0fe33-a72d-5683-9846-b72cf18312aa,base
A19YRUF7K6FY78,1,5,context,0,geocentric_near,geocentric_near_context,North of,East of,The statue is BLANK Ali. Ali walks West. The statue is North of Ali.,c8c0fe33-a72d-5683-9846-b72cf18312aa,base
A1B1SWNEKFBTPM,1,5,context,1,geocentric_near,geocentric_near_context,North of,East of,The statue is BLANK Ali. Ali walks West. The statue is North of Ali.,c8c0fe33-a72d-5683-9846-b72cf18312aa,base
A1HGOFQI8TQCWB,1,5,context,1,geocentric_near,geocentric_near_context,North of,East of,The statue is BLANK Ali. Ali walks West. The statue is North of Ali.,c8c0fe33-a72d-5683-9846-b72cf18312aa,base
A1LA6CIGBNDOH9,1,5,context,0,geocentric_near,geocentric_near_context,North of,East of,The statue is BLANK Ali. Ali walks West. The statue is North of Ali.,c8c0fe33-a72d-5683-9846-b72cf18312aa,base
A1ROEDVMTO9Y3X,1,5,context,1,geocentric_near,geocentric_near_context,North of,East of,The statue is BLANK Ali. Ali walks West. The statue is North of Ali.,c8c0fe33-a72d-5683-9846-b72cf18312aa,base
A214V7ZRX7LEWZ,1,5,context,0,geocentric_near,geocentric_near_context,North of,East of,The statue is BLANK Ali. Ali walks West. The statue is North of Ali.,c8c0fe33-a72d-5683-9846-b72cf18312aa,base
A2616JPJO73667,1,5,context,0,geocentric_near,geocentric_near_context,North of,East of,The statue is BLANK Ali. Ali walks West. The statue is North of Ali.,c8c0fe33-a72d-5683-9846-b72cf18312aa,base
A27EV0216FCLJW,1,5,context,0,geocentric_near,geocentric_near_context,North of,East of,The statue is BLANK Ali. Ali walks West. The statue is North of Ali.,c8c0fe33-a72d-5683-9846-b72cf18312aa,base
A2NMAOYBBJTO0R,1,5,context,0,geocentric_near,geocentric_near_context,North of,East of,The statue is BLANK Ali. Ali walks West. The statue is North of Ali.,c8c0fe33-a72d-5683-9846-b72cf18312aa,base
A2RCYLKY072XXO,1,5,context,1,geocentric_near,geocentric_near_context,North of,East of,The statue is BLANK Ali. Ali walks West. The statue is North of Ali.,c8c0fe33-a72d-5683-9846-b72cf18312aa,base
A2TR30V5KYFFSI,1,5,context,0,geocentric_near,geocentric_near_context,North of,East of,The statue is BLANK Ali. Ali walks West. The statue is North of Ali.,c8c0fe33-a72d-5683-9846-b72cf18312aa,base
A30BPQ2QGZOXN8,1,5,context,0,geocentric_near,geocentric_near_context,North of,East of,The statue is BLANK Ali. Ali walks West. The statue is North of Ali.,c8c0fe33-a72d-5683-9846-b72cf18312aa,base
A3493E42N1JZVF,1,5,context,1,geocentric_near,geocentric_near_context,North of,East of,The statue is BLANK Ali. Ali walks West. The statue is North of Ali.,c8c0fe33-a72d-5683-9846-b72cf18312aa,base
A39KJNWAFOD7N1,1,5,context,1,geocentric_near,geocentric_near_context,North of,East of,The statue is BLANK Ali. Ali walks West. The statue is North of Ali.,c8c0fe33-a72d-5683-9846-b72cf18312aa,base
A3G7QQTQIKYI2O,1,5,context,0,geocentric_near,geocentric_near_context,North of,East of,The statue is BLANK Ali. Ali walks West. The statue is North of Ali.,c8c0fe33-a72d-5683-9846-b72cf18312aa,base
A3GWRDHAURRNK6,1,5,context,1,geocentric_near,geocentric_near_context,North of,East of,The statue is BLANK Ali. Ali walks West. The statue is North of Ali.,c8c0fe33-a72d-5683-9846-b72cf18312aa,base
A3JQVSZWD3QLO6,1,5,context,0,geocentric_near,geocentric_near_context,North of,East of,The statue is BLANK Ali. Ali walks West. The statue is North of Ali.,c8c0fe33-a72d-5683-9846-b72cf18312aa,base
A6KOTWP7N7RLU,1,5,context,1,geocentric_near,geocentric_near_context,North of,East of,The statue is BLANK Ali. Ali walks West. The statue is North of Ali.,c8c0fe33-a72d-5683-9846-b72cf18312aa,base
A7KJBEXITHVAS,1,5,context,1,geocentric_near,geocentric_near_context,North of,East of,The statue is BLANK Ali. Ali walks West. The statue is North of Ali.,c8c0fe33-a72d-5683-9846-b72cf18312aa,base
AV9M7394RRARU,1,5,context,1,geocentric_near,geocentric_near_context,North of,East of,The statue is BLANK Ali. Ali walks West. The statue is North of Ali.,c8c0fe33-a72d-5683-9846-b72cf18312aa,base
A12J4IRF5Z06BT,1,5,context,0,state_nonfollows,state_nonfollows_context,off,on,The stove is BLANK. Ali puts his hand on the stove. Ali's hand is not burnt.,e18eab86-a44a-5789-bb86-0111adfec271,base
A19YRUF7K6FY78,1,5,context,1,state_nonfollows,state_nonfollows_context,off,on,The stove is BLANK. Ali puts his hand on the stove. Ali's hand is not burnt.,e18eab86-a44a-5789-bb86-0111adfec271,base
A1B1SWNEKFBTPM,1,5,context,1,state_nonfollows,state_nonfollows_context,off,on,The stove is BLANK. Ali puts his hand on the stove. Ali's hand is not burnt.,e18eab86-a44a-5789-bb86-0111adfec271,base
A1HGOFQI8TQCWB,1,5,context,1,state_nonfollows,state_nonfollows_context,off,on,The stove is BLANK. Ali puts his hand on the stove. Ali's hand is not burnt.,e18eab86-a44a-5789-bb86-0111adfec271,base
A1LA6CIGBNDOH9,1,5,context,1,state_nonfollows,state_nonfollows_context,off,on,The stove is BLANK. Ali puts his hand on the stove. Ali's hand is not burnt.,e18eab86-a44a-5789-bb86-0111adfec271,base
A1ROEDVMTO9Y3X,1,5,context,1,state_nonfollows,state_nonfollows_context,off,on,The stove is BLANK. Ali puts his hand on the stove. Ali's hand is not burnt.,e18eab86-a44a-5789-bb86-0111adfec271,base
A214V7ZRX7LEWZ,1,5,context,1,state_nonfollows,state_nonfollows_context,off,on,The stove is BLANK. Ali puts his hand on the stove. Ali's hand is not burnt.,e18eab86-a44a-5789-bb86-0111adfec271,base
A2616JPJO73667,1,5,context,0,state_nonfollows,state_nonfollows_context,off,on,The stove is BLANK. Ali puts his hand on the stove. Ali's hand is not burnt.,e18eab86-a44a-5789-bb86-0111adfec271,base
A27EV0216FCLJW,1,5,context,1,state_nonfollows,state_nonfollows_context,off,on,The stove is BLANK. Ali puts his hand on the stove. Ali's hand is not burnt.,e18eab86-a44a-5789-bb86-0111adfec271,base
A2NMAOYBBJTO0R,1,5,context,1,state_nonfollows,state_nonfollows_context,off,on,The stove is BLANK. Ali puts his hand on the stove. Ali's hand is not burnt.,e18eab86-a44a-5789-bb86-0111adfec271,base
A2RCYLKY072XXO,1,5,context,1,state_nonfollows,state_nonfollows_context,off,on,The stove is BLANK. Ali puts his hand on the stove. Ali's hand is not burnt.,e18eab86-a44a-5789-bb86-0111adfec271,base
A2TR30V5KYFFSI,1,5,context,1,state_nonfollows,state_nonfollows_context,off,on,The stove is BLANK. Ali puts his hand on the stove. Ali's hand is not burnt.,e18eab86-a44a-5789-bb86-0111adfec271,base
A30BPQ2QGZOXN8,1,5,context,1,state_nonfollows,state_nonfollows_context,off,on,The stove is BLANK. Ali puts his hand on the stove. Ali's hand is not burnt.,e18eab86-a44a-5789-bb86-0111adfec271,base
A3493E42N1JZVF,1,5,context,1,state_nonfollows,state_nonfollows_context,off,on,The stove is BLANK. Ali puts his hand on the stove. Ali's hand is not burnt.,e18eab86-a44a-5789-bb86-0111adfec271,base
A39KJNWAFOD7N1,1,5,context,1,state_nonfollows,state_nonfollows_context,off,on,The stove is BLANK. Ali puts his hand on the stove. Ali's hand is not burnt.,e18eab86-a44a-5789-bb86-0111adfec271,base
A3G7QQTQIKYI2O,1,5,context,0,state_nonfollows,state_nonfollows_context,off,on,The stove is BLANK. Ali puts his hand on the stove. Ali's hand is not burnt.,e18eab86-a44a-5789-bb86-0111adfec271,base
A3GWRDHAURRNK6,1,5,context,1,state_nonfollows,state_nonfollows_context,off,on,The stove is BLANK. Ali puts his hand on the stove. Ali's hand is not burnt.,e18eab86-a44a-5789-bb86-0111adfec271,base
A3JQVSZWD3QLO6,1,5,context,1,state_nonfollows,state_nonfollows_context,off,on,The stove is BLANK. Ali puts his hand on the stove. Ali's hand is not burnt.,e18eab86-a44a-5789-bb86-0111adfec271,base
A6KOTWP7N7RLU,1,5,context,1,state_nonfollows,state_nonfollows_context,off,on,The stove is BLANK. Ali puts his hand on the stove. Ali's hand is not burnt.,e18eab86-a44a-5789-bb86-0111adfec271,base
A7KJBEXITHVAS,1,5,context,1,state_nonfollows,state_nonfollows_context,off,on,The stove is BLANK. Ali puts his hand on the stove. Ali's hand is not burnt.,e18eab86-a44a-5789-bb86-0111adfec271,base
AV9M7394RRARU,1,5,context,1,state_nonfollows,state_nonfollows_context,off,on,The stove is BLANK. Ali puts his hand on the stove. Ali's hand is not burnt.,e18eab86-a44a-5789-bb86-0111adfec271,base
A12J4IRF5Z06BT,1,5,context,1,action_follows,action_follows_context,top,bottom,The wagon is on the BLANK of the hill. Ali pushes the wagon. The wagon rolls.,96c0978e-4433-5d7f-b561-cee41daa8875,base
A19YRUF7K6FY78,1,5,context,0,action_follows,action_follows_context,top,bottom,The wagon is on the BLANK of the hill. Ali pushes the wagon. The wagon rolls.,96c0978e-4433-5d7f-b561-cee41daa8875,base
A1B1SWNEKFBTPM,1,5,context,1,action_follows,action_follows_context,top,bottom,The wagon is on the BLANK of the hill. Ali pushes the wagon. The wagon rolls.,96c0978e-4433-5d7f-b561-cee41daa8875,base
A1HGOFQI8TQCWB,1,5,context,1,action_follows,action_follows_context,top,bottom,The wagon is on the BLANK of the hill. Ali pushes the wagon. The wagon rolls.,96c0978e-4433-5d7f-b561-cee41daa8875,base
A1LA6CIGBNDOH9,1,5,context,1,action_follows,action_follows_context,top,bottom,The wagon is on the BLANK of the hill. Ali pushes the wagon. The wagon rolls.,96c0978e-4433-5d7f-b561-cee41daa8875,base
A1ROEDVMTO9Y3X,1,5,context,0,action_follows,action_follows_context,top,bottom,The wagon is on the BLANK of the hill. Ali pushes the wagon. The wagon rolls.,96c0978e-4433-5d7f-b561-cee41daa8875,base
A214V7ZRX7LEWZ,1,5,context,1,action_follows,action_follows_context,top,bottom,The wagon is on the BLANK of the hill. Ali pushes the wagon. The wagon rolls.,96c0978e-4433-5d7f-b561-cee41daa8875,base
A2616JPJO73667,1,5,context,1,action_follows,action_follows_context,top,bottom,The wagon is on the BLANK of the hill. Ali pushes the wagon. The wagon rolls.,96c0978e-4433-5d7f-b561-cee41daa8875,base
A27EV0216FCLJW,1,5,context,1,action_follows,action_follows_context,top,bottom,The wagon is on the BLANK of the hill. Ali pushes the wagon. The wagon rolls.,96c0978e-4433-5d7f-b561-cee41daa8875,base
A2NMAOYBBJTO0R,1,5,context,0,action_follows,action_follows_context,top,bottom,The wagon is on the BLANK of the hill. Ali pushes the wagon. The wagon rolls.,96c0978e-4433-5d7f-b561-cee41daa8875,base
A2RCYLKY072XXO,1,5,context,1,action_follows,action_follows_context,top,bottom,The wagon is on the BLANK of the hill. Ali pushes the wagon. The wagon rolls.,96c0978e-4433-5d7f-b561-cee41daa8875,base
A2TR30V5KYFFSI,1,5,context,1,action_follows,action_follows_context,top,bottom,The wagon is on the BLANK of the hill. Ali pushes the wagon. The wagon rolls.,96c0978e-4433-5d7f-b561-cee41daa8875,base
A30BPQ2QGZOXN8,1,5,context,1,action_follows,action_follows_context,top,bottom,The wagon is on the BLANK of the hill. Ali pushes the wagon. The wagon rolls.,96c0978e-4433-5d7f-b561-cee41daa8875,base
A3493E42N1JZVF,1,5,context,1,action_follows,action_follows_context,top,bottom,The wagon is on the BLANK of the hill. Ali pushes the wagon. The wagon rolls.,96c0978e-4433-5d7f-b561-cee41daa8875,base
A39KJNWAFOD7N1,1,5,context,1,action_follows,action_follows_context,top,bottom,The wagon is on the BLANK of the hill. Ali pushes the wagon. The wagon rolls.,96c0978e-4433-5d7f-b561-cee41daa8875,base
A3G7QQTQIKYI2O,1,5,context,0,action_follows,action_follows_context,top,bottom,The wagon is on the BLANK of the hill. Ali pushes the wagon. The wagon rolls.,96c0978e-4433-5d7f-b561-cee41daa8875,base
A3GWRDHAURRNK6,1,5,context,1,action_follows,action_follows_context,top,bottom,The wagon is on the BLANK of the hill. Ali pushes the wagon. The wagon rolls.,96c0978e-4433-5d7f-b561-cee41daa8875,base
A3JQVSZWD3QLO6,1,5,context,0,action_follows,action_follows_context,top,bottom,The wagon is on the BLANK of the hill. Ali pushes the wagon. The wagon rolls.,96c0978e-4433-5d7f-b561-cee41daa8875,base
A6KOTWP7N7RLU,1,5,context,1,action_follows,action_follows_context,top,bottom,The wagon is on the BLANK of the hill. Ali pushes the wagon. The wagon rolls.,96c0978e-4433-5d7f-b561-cee41daa8875,base
A7KJBEXITHVAS,1,5,context,1,action_follows,action_follows_context,top,bottom,The wagon is on the BLANK of the hill. Ali pushes the wagon. The wagon rolls.,96c0978e-4433-5d7f-b561-cee41daa8875,base
AV9M7394RRARU,1,5,context,1,action_follows,action_follows_context,top,bottom,The wagon is on the BLANK of the hill. Ali pushes the wagon. The wagon rolls.,96c0978e-4433-5d7f-b561-cee41daa8875,base
A12J4IRF5Z06BT,1,5,context,1,state_follows,state_follows_context,in front of,behind,The window is BLANK Ali. Ali throws the baseball forward. The window breaks.,e1d22223-18d5-5e16-ba17-6660ca5bd474,base
A19YRUF7K6FY78,1,5,context,1,state_follows,state_follows_context,in front of,behind,The window is BLANK Ali. Ali throws the baseball forward. The window breaks.,e1d22223-18d5-5e16-ba17-6660ca5bd474,base
A1B1SWNEKFBTPM,1,5,context,1,state_follows,state_follows_context,in front of,behind,The window is BLANK Ali. Ali throws the baseball forward. The window breaks.,e1d22223-18d5-5e16-ba17-6660ca5bd474,base
A1HGOFQI8TQCWB,1,5,context,1,state_follows,state_follows_context,in front of,behind,The window is BLANK Ali. Ali throws the baseball forward. The window breaks.,e1d22223-18d5-5e16-ba17-6660ca5bd474,base
A1LA6CIGBNDOH9,1,5,context,1,state_follows,state_follows_context,in front of,behind,The window is BLANK Ali. Ali throws the baseball forward. The window breaks.,e1d22223-18d5-5e16-ba17-6660ca5bd474,base
A1ROEDVMTO9Y3X,1,5,context,1,state_follows,state_follows_context,in front of,behind,The window is BLANK Ali. Ali throws the baseball forward. The window breaks.,e1d22223-18d5-5e16-ba17-6660ca5bd474,base
A214V7ZRX7LEWZ,1,5,context,1,state_follows,state_follows_context,in front of,behind,The window is BLANK Ali. Ali throws the baseball forward. The window breaks.,e1d22223-18d5-5e16-ba17-6660ca5bd474,base
A2616JPJO73667,1,5,context,1,state_follows,state_follows_context,in front of,behind,The window is BLANK Ali. Ali throws the baseball forward. The window breaks.,e1d22223-18d5-5e16-ba17-6660ca5bd474,base
A27EV0216FCLJW,1,5,context,1,state_follows,state_follows_context,in front of,behind,The window is BLANK Ali. Ali throws the baseball forward. The window breaks.,e1d22223-18d5-5e16-ba17-6660ca5bd474,base
A2NMAOYBBJTO0R,1,5,context,0,state_follows,state_follows_context,in front of,behind,The window is BLANK Ali. Ali throws the baseball forward. The window breaks.,e1d22223-18d5-5e16-ba17-6660ca5bd474,base
A2RCYLKY072XXO,1,5,context,1,state_follows,state_follows_context,in front of,behind,The window is BLANK Ali. Ali throws the baseball forward. The window breaks.,e1d22223-18d5-5e16-ba17-6660ca5bd474,base
A2TR30V5KYFFSI,1,5,context,1,state_follows,state_follows_context,in front of,behind,The window is BLANK Ali. Ali throws the baseball forward. The window breaks.,e1d22223-18d5-5e16-ba17-6660ca5bd474,base
A30BPQ2QGZOXN8,1,5,context,1,state_follows,state_follows_context,in front of,behind,The window is BLANK Ali. Ali throws the baseball forward. The window breaks.,e1d22223-18d5-5e16-ba17-6660ca5bd474,base
A3493E42N1JZVF,1,5,context,1,state_follows,state_follows_context,in front of,behind,The window is BLANK Ali. Ali throws the baseball forward. The window breaks.,e1d22223-18d5-5e16-ba17-6660ca5bd474,base
A39KJNWAFOD7N1,1,5,context,1,state_follows,state_follows_context,in front of,behind,The window is BLANK Ali. Ali throws the baseball forward. The window breaks.,e1d22223-18d5-5e16-ba17-6660ca5bd474,base
A3G7QQTQIKYI2O,1,5,context,0,state_follows,state_follows_context,in front of,behind,The window is BLANK Ali. Ali throws the baseball forward. The window breaks.,e1d22223-18d5-5e16-ba17-6660ca5bd474,base
A3GWRDHAURRNK6,1,5,context,1,state_follows,state_follows_context,in front of,behind,The window is BLANK Ali. Ali throws the baseball forward. The window breaks.,e1d22223-18d5-5e16-ba17-6660ca5bd474,base
A3JQVSZWD3QLO6,1,5,context,0,state_follows,state_follows_context,in front of,behind,The window is BLANK Ali. Ali throws the baseball forward. The window breaks.,e1d22223-18d5-5e16-ba17-6660ca5bd474,base
A6KOTWP7N7RLU,1,5,context,1,state_follows,state_follows_context,in front of,behind,The window is BLANK Ali. Ali throws the baseball forward. The window breaks.,e1d22223-18d5-5e16-ba17-6660ca5bd474,base
A7KJBEXITHVAS,1,5,context,1,state_follows,state_follows_context,in front of,behind,The window is BLANK Ali. Ali throws the baseball forward. The window breaks.,e1d22223-18d5-5e16-ba17-6660ca5bd474,base
AV9M7394RRARU,1,5,context,1,state_follows,state_follows_context,in front of,behind,The window is BLANK Ali. Ali throws the baseball forward. The window breaks.,e1d22223-18d5-5e16-ba17-6660ca5bd474,base
A12J4IRF5Z06BT,1,5,context,1,action_nonfollows,action_nonfollows_context,lamp,table,The wine glass is on the table. Ali bumps the BLANK. The wine doesn't spill.,c2bfe739-1139-5eac-a500-bf7cde68550a,base
A19YRUF7K6FY78,1,5,context,0,action_nonfollows,action_nonfollows_context,lamp,table,The wine glass is on the table. Ali bumps the BLANK. The wine doesn't spill.,c2bfe739-1139-5eac-a500-bf7cde68550a,base
A1B1SWNEKFBTPM,1,5,context,1,action_nonfollows,action_nonfollows_context,lamp,table,The wine glass is on the table. Ali bumps the BLANK. The wine doesn't spill.,c2bfe739-1139-5eac-a500-bf7cde68550a,base
A1HGOFQI8TQCWB,1,5,context,0,action_nonfollows,action_nonfollows_context,lamp,table,The wine glass is on the table. Ali bumps the BLANK. The wine doesn't spill.,c2bfe739-1139-5eac-a500-bf7cde68550a,base
A1LA6CIGBNDOH9,1,5,context,1,action_nonfollows,action_nonfollows_context,lamp,table,The wine glass is on the table. Ali bumps the BLANK. The wine doesn't spill.,c2bfe739-1139-5eac-a500-bf7cde68550a,base
A1ROEDVMTO9Y3X,1,5,context,0,action_nonfollows,action_nonfollows_context,lamp,table,The wine glass is on the table. Ali bumps the BLANK. The wine doesn't spill.,c2bfe739-1139-5eac-a500-bf7cde68550a,base
A214V7ZRX7LEWZ,1,5,context,1,action_nonfollows,action_nonfollows_context,lamp,table,The wine glass is on the table. Ali bumps the BLANK. The wine doesn't spill.,c2bfe739-1139-5eac-a500-bf7cde68550a,base
A2616JPJO73667,1,5,context,0,action_nonfollows,action_nonfollows_context,lamp,table,The wine glass is on the table. Ali bumps the BLANK. The wine doesn't spill.,c2bfe739-1139-5eac-a500-bf7cde68550a,base
A27EV0216FCLJW,1,5,context,0,action_nonfollows,action_nonfollows_context,lamp,table,The wine glass is on the table. Ali bumps the BLANK. The wine doesn't spill.,c2bfe739-1139-5eac-a500-bf7cde68550a,base
A2NMAOYBBJTO0R,1,5,context,1,action_nonfollows,action_nonfollows_context,lamp,table,The wine glass is on the table. Ali bumps the BLANK. The wine doesn't spill.,c2bfe739-1139-5eac-a500-bf7cde68550a,base
A2RCYLKY072XXO,1,5,context,0,action_nonfollows,action_nonfollows_context,lamp,table,The wine glass is on the table. Ali bumps the BLANK. The wine doesn't spill.,c2bfe739-1139-5eac-a500-bf7cde68550a,base
A2TR30V5KYFFSI,1,5,context,0,action_nonfollows,action_nonfollows_context,lamp,table,The wine glass is on the table. Ali bumps the BLANK. The wine doesn't spill.,c2bfe739-1139-5eac-a500-bf7cde68550a,base
A30BPQ2QGZOXN8,1,5,context,0,action_nonfollows,action_nonfollows_context,lamp,table,The wine glass is on the table. Ali bumps the BLANK. The wine doesn't spill.,c2bfe739-1139-5eac-a500-bf7cde68550a,base
A3493E42N1JZVF,1,5,context,1,action_nonfollows,action_nonfollows_context,lamp,table,The wine glass is on the table. Ali bumps the BLANK. The wine doesn't spill.,c2bfe739-1139-5eac-a500-bf7cde68550a,base
A39KJNWAFOD7N1,1,5,context,1,action_nonfollows,action_nonfollows_context,lamp,table,The wine glass is on the table. Ali bumps the BLANK. The wine doesn't spill.,c2bfe739-1139-5eac-a500-bf7cde68550a,base
A3G7QQTQIKYI2O,1,5,context,1,action_nonfollows,action_nonfollows_context,lamp,table,The wine glass is on the table. Ali bumps the BLANK. The wine doesn't spill.,c2bfe739-1139-5eac-a500-bf7cde68550a,base
A3GWRDHAURRNK6,1,5,context,1,action_nonfollows,action_nonfollows_context,lamp,table,The wine glass is on the table. Ali bumps the BLANK. The wine doesn't spill.,c2bfe739-1139-5eac-a500-bf7cde68550a,base
A3JQVSZWD3QLO6,1,5,context,0,action_nonfollows,action_nonfollows_context,lamp,table,The wine glass is on the table. Ali bumps the BLANK. The wine doesn't spill.,c2bfe739-1139-5eac-a500-bf7cde68550a,base
A6KOTWP7N7RLU,1,5,context,1,action_nonfollows,action_nonfollows_context,lamp,table,The wine glass is on the table. Ali bumps the BLANK. The wine doesn't spill.,c2bfe739-1139-5eac-a500-bf7cde68550a,base
A7KJBEXITHVAS,1,5,context,0,action_nonfollows,action_nonfollows_context,lamp,table,The wine glass is on the table. Ali bumps the BLANK. The wine doesn't spill.,c2bfe739-1139-5eac-a500-bf7cde68550a,base
AV9M7394RRARU,1,5,context,1,action_nonfollows,action_nonfollows_context,lamp,table,The wine glass is on the table. Ali bumps the BLANK. The wine doesn't spill.,c2bfe739-1139-5eac-a500-bf7cde68550a,base
A14W0AXTJ3R19V,1,1,target,0,geocentric_distant,geocentric_distant_target,closer to,further from,Ali is East of Milwaukee. Ali walks West. Ali is getting BLANK Milwaukee.,074db133-5b7c-5b64-bf17-595f0672a13e,base
A16XDO6MW9ZKMI,1,1,target,0,geocentric_distant,geocentric_distant_target,closer to,further from,Ali is East of Milwaukee. Ali walks West. Ali is getting BLANK Milwaukee.,074db133-5b7c-5b64-bf17-595f0672a13e,base
A1BGTK6S3VVX34,1,1,target,0,geocentric_distant,geocentric_distant_target,closer to,further from,Ali is East of Milwaukee. Ali walks West. Ali is getting BLANK Milwaukee.,074db133-5b7c-5b64-bf17-595f0672a13e,base
A1GV0UZU0T2ORS,1,1,target,0,geocentric_distant,geocentric_distant_target,closer to,further from,Ali is East of Milwaukee. Ali walks West. Ali is getting BLANK Milwaukee.,074db133-5b7c-5b64-bf17-595f0672a13e,base
A1P458P1C6JOXP,1,1,target,1,geocentric_distant,geocentric_distant_target,closer to,further from,Ali is East of Milwaukee. Ali walks West. Ali is getting BLANK Milwaukee.,074db133-5b7c-5b64-bf17-595f0672a13e,base
A1PHDT66U6IK4Q,1,1,target,1,geocentric_distant,geocentric_distant_target,closer to,further from,Ali is East of Milwaukee. Ali walks West. Ali is getting BLANK Milwaukee.,074db133-5b7c-5b64-bf17-595f0672a13e,base
A1SISJL5ST2PWH,1,1,target,1,geocentric_distant,geocentric_distant_target,closer to,further from,Ali is East of Milwaukee. Ali walks West. Ali is getting BLANK Milwaukee.,074db133-5b7c-5b64-bf17-595f0672a13e,base
A1V3CI8BHA3265,1,1,target,0,geocentric_distant,geocentric_distant_target,closer to,further from,Ali is East of Milwaukee. Ali walks West. Ali is getting BLANK Milwaukee.,074db133-5b7c-5b64-bf17-595f0672a13e,base
A1WR3WTEHJEY2D,1,1,target,1,geocentric_distant,geocentric_distant_target,closer to,further from,Ali is East of Milwaukee. Ali walks West. Ali is getting BLANK Milwaukee.,074db133-5b7c-5b64-bf17-595f0672a13e,base
A1YR0204H9JTNK,1,1,target,1,geocentric_distant,geocentric_distant_target,closer to,further from,Ali is East of Milwaukee. Ali walks West. Ali is getting BLANK Milwaukee.,074db133-5b7c-5b64-bf17-595f0672a13e,base
A24EYMUIGY8M5O,1,1,target,1,geocentric_distant,geocentric_distant_target,closer to,further from,Ali is East of Milwaukee. Ali walks West. Ali is getting BLANK Milwaukee.,074db133-5b7c-5b64-bf17-595f0672a13e,base
A2HYYV0L5HT1IF,1,1,target,1,geocentric_distant,geocentric_distant_target,closer to,further from,Ali is East of Milwaukee. Ali walks West. Ali is getting BLANK Milwaukee.,074db133-5b7c-5b64-bf17-595f0672a13e,base
A3FNC8ELMK8YJA,1,1,target,0,geocentric_distant,geocentric_distant_target,closer to,further from,Ali is East of Milwaukee. Ali walks West. Ali is getting BLANK Milwaukee.,074db133-5b7c-5b64-bf17-595f0672a13e,base
A3LVLZS8S41ZD7,1,1,target,1,geocentric_distant,geocentric_distant_target,closer to,further from,Ali is East of Milwaukee. Ali walks West. Ali is getting BLANK Milwaukee.,074db133-5b7c-5b64-bf17-595f0672a13e,base
A3NRAEKWOKVUNN,1,1,target,1,geocentric_distant,geocentric_distant_target,closer to,further from,Ali is East of Milwaukee. Ali walks West. Ali is getting BLANK Milwaukee.,074db133-5b7c-5b64-bf17-595f0672a13e,base
A3PGS1Q1XAY79I,1,1,target,1,geocentric_distant,geocentric_distant_target,closer to,further from,Ali is East of Milwaukee. Ali walks West. Ali is getting BLANK Milwaukee.,074db133-5b7c-5b64-bf17-595f0672a13e,base
A3QUAM5Y482D4U,1,1,target,0,geocentric_distant,geocentric_distant_target,closer to,further from,Ali is East of Milwaukee. Ali walks West. Ali is getting BLANK Milwaukee.,074db133-5b7c-5b64-bf17-595f0672a13e,base
AN4TEA6EBEB2V,1,1,target,1,geocentric_distant,geocentric_distant_target,closer to,further from,Ali is East of Milwaukee. Ali walks West. Ali is getting BLANK Milwaukee.,074db133-5b7c-5b64-bf17-595f0672a13e,base
AR1IWBDA7MC86,1,1,target,0,geocentric_distant,geocentric_distant_target,closer to,further from,Ali is East of Milwaukee. Ali walks West. Ali is getting BLANK Milwaukee.,074db133-5b7c-5b64-bf17-595f0672a13e,base
AURYD2FH3FUOQ,1,1,target,1,geocentric_distant,geocentric_distant_target,closer to,further from,Ali is East of Milwaukee. Ali walks West. Ali is getting BLANK Milwaukee.,074db133-5b7c-5b64-bf17-595f0672a13e,base
AZ69TBTDH7AZS,1,1,target,1,geocentric_distant,geocentric_distant_target,closer to,further from,Ali is East of Milwaukee. Ali walks West. Ali is getting BLANK Milwaukee.,074db133-5b7c-5b64-bf17-595f0672a13e,base
A14W0AXTJ3R19V,1,1,target,1,action_follows,action_follows_target,moves,doesn't move,Ali is behind the wagon. Ali pushes on the wagon. The wagon BLANK.,695a2913-4e78-586f-91da-749dd07c7fb7,base
A16XDO6MW9ZKMI,1,1,target,1,action_follows,action_follows_target,moves,doesn't move,Ali is behind the wagon. Ali pushes on the wagon. The wagon BLANK.,695a2913-4e78-586f-91da-749dd07c7fb7,base
A1BGTK6S3VVX34,1,1,target,1,action_follows,action_follows_target,moves,doesn't move,Ali is behind the wagon. Ali pushes on the wagon. The wagon BLANK.,695a2913-4e78-586f-91da-749dd07c7fb7,base
A1GV0UZU0T2ORS,1,1,target,1,action_follows,action_follows_target,moves,doesn't move,Ali is behind the wagon. Ali pushes on the wagon. The wagon BLANK.,695a2913-4e78-586f-91da-749dd07c7fb7,base
A1P458P1C6JOXP,1,1,target,1,action_follows,action_follows_target,moves,doesn't move,Ali is behind the wagon. Ali pushes on the wagon. The wagon BLANK.,695a2913-4e78-586f-91da-749dd07c7fb7,base
A1PHDT66U6IK4Q,1,1,target,1,action_follows,action_follows_target,moves,doesn't move,Ali is behind the wagon. Ali pushes on the wagon. The wagon BLANK.,695a2913-4e78-586f-91da-749dd07c7fb7,base
A1SISJL5ST2PWH,1,1,target,1,action_follows,action_follows_target,moves,doesn't move,Ali is behind the wagon. Ali pushes on the wagon. The wagon BLANK.,695a2913-4e78-586f-91da-749dd07c7fb7,base
A1V3CI8BHA3265,1,1,target,1,action_follows,action_follows_target,moves,doesn't move,Ali is behind the wagon. Ali pushes on the wagon. The wagon BLANK.,695a2913-4e78-586f-91da-749dd07c7fb7,base
A1WR3WTEHJEY2D,1,1,target,1,action_follows,action_follows_target,moves,doesn't move,Ali is behind the wagon. Ali pushes on the wagon. The wagon BLANK.,695a2913-4e78-586f-91da-749dd07c7fb7,base
A1YR0204H9JTNK,1,1,target,1,action_follows,action_follows_target,moves,doesn't move,Ali is behind the wagon. Ali pushes on the wagon. The wagon BLANK.,695a2913-4e78-586f-91da-749dd07c7fb7,base
A24EYMUIGY8M5O,1,1,target,1,action_follows,action_follows_target,moves,doesn't move,Ali is behind the wagon. Ali pushes on the wagon. The wagon BLANK.,695a2913-4e78-586f-91da-749dd07c7fb7,base
A2HYYV0L5HT1IF,1,1,target,1,action_follows,action_follows_target,moves,doesn't move,Ali is behind the wagon. Ali pushes on the wagon. The wagon BLANK.,695a2913-4e78-586f-91da-749dd07c7fb7,base
A3FNC8ELMK8YJA,1,1,target,1,action_follows,action_follows_target,moves,doesn't move,Ali is behind the wagon. Ali pushes on the wagon. The wagon BLANK.,695a2913-4e78-586f-91da-749dd07c7fb7,base
A3LVLZS8S41ZD7,1,1,target,1,action_follows,action_follows_target,moves,doesn't move,Ali is behind the wagon. Ali pushes on the wagon. The wagon BLANK.,695a2913-4e78-586f-91da-749dd07c7fb7,base
A3NRAEKWOKVUNN,1,1,target,1,action_follows,action_follows_target,moves,doesn't move,Ali is behind the wagon. Ali pushes on the wagon. The wagon BLANK.,695a2913-4e78-586f-91da-749dd07c7fb7,base
A3PGS1Q1XAY79I,1,1,target,1,action_follows,action_follows_target,moves,doesn't move,Ali is behind the wagon. Ali pushes on the wagon. The wagon BLANK.,695a2913-4e78-586f-91da-749dd07c7fb7,base
A3QUAM5Y482D4U,1,1,target,1,action_follows,action_follows_target,moves,doesn't move,Ali is behind the wagon. Ali pushes on the wagon. The wagon BLANK.,695a2913-4e78-586f-91da-749dd07c7fb7,base
AN4TEA6EBEB2V,1,1,target,1,action_follows,action_follows_target,moves,doesn't move,Ali is behind the wagon. Ali pushes on the wagon. The wagon BLANK.,695a2913-4e78-586f-91da-749dd07c7fb7,base
AR1IWBDA7MC86,1,1,target,1,action_follows,action_follows_target,moves,doesn't move,Ali is behind the wagon. Ali pushes on the wagon. The wagon BLANK.,695a2913-4e78-586f-91da-749dd07c7fb7,base
AURYD2FH3FUOQ,1,1,target,1,action_follows,action_follows_target,moves,doesn't move,Ali is behind the wagon. Ali pushes on the wagon. The wagon BLANK.,695a2913-4e78-586f-91da-749dd07c7fb7,base
AZ69TBTDH7AZS,1,1,target,1,action_follows,action_follows_target,moves,doesn't move,Ali is behind the wagon. Ali pushes on the wagon. The wagon BLANK.,695a2913-4e78-586f-91da-749dd07c7fb7,base
A14W0AXTJ3R19V,1,1,target,1,geocentric_distant,geocentric_distant_target,Southwest,Northeast,Ali is directly South of Milwaukee. Ali walks West. Ali is BLANK Milwaukee.,5f39b048-d281-5355-bc26-3cca7684ddf0,base
A16XDO6MW9ZKMI,1,1,target,1,geocentric_distant,geocentric_distant_target,Southwest,Northeast,Ali is directly South of Milwaukee. Ali walks West. Ali is BLANK Milwaukee.,5f39b048-d281-5355-bc26-3cca7684ddf0,base
A1BGTK6S3VVX34,1,1,target,1,geocentric_distant,geocentric_distant_target,Southwest,Northeast,Ali is directly South of Milwaukee. Ali walks West. Ali is BLANK Milwaukee.,5f39b048-d281-5355-bc26-3cca7684ddf0,base
A1GV0UZU0T2ORS,1,1,target,1,geocentric_distant,geocentric_distant_target,Southwest,Northeast,Ali is directly South of Milwaukee. Ali walks West. Ali is BLANK Milwaukee.,5f39b048-d281-5355-bc26-3cca7684ddf0,base
A1P458P1C6JOXP,1,1,target,1,geocentric_distant,geocentric_distant_target,Southwest,Northeast,Ali is directly South of Milwaukee. Ali walks West. Ali is BLANK Milwaukee.,5f39b048-d281-5355-bc26-3cca7684ddf0,base
A1PHDT66U6IK4Q,1,1,target,1,geocentric_distant,geocentric_distant_target,Southwest,Northeast,Ali is directly South of Milwaukee. Ali walks West. Ali is BLANK Milwaukee.,5f39b048-d281-5355-bc26-3cca7684ddf0,base
A1SISJL5ST2PWH,1,1,target,0,geocentric_distant,geocentric_distant_target,Southwest,Northeast,Ali is directly South of Milwaukee. Ali walks West. Ali is BLANK Milwaukee.,5f39b048-d281-5355-bc26-3cca7684ddf0,base
A1V3CI8BHA3265,1,1,target,1,geocentric_distant,geocentric_distant_target,Southwest,Northeast,Ali is directly South of Milwaukee. Ali walks West. Ali is BLANK Milwaukee.,5f39b048-d281-5355-bc26-3cca7684ddf0,base
A1WR3WTEHJEY2D,1,1,target,1,geocentric_distant,geocentric_distant_target,Southwest,Northeast,Ali is directly South of Milwaukee. Ali walks West. Ali is BLANK Milwaukee.,5f39b048-d281-5355-bc26-3cca7684ddf0,base
A1YR0204H9JTNK,1,1,target,1,geocentric_distant,geocentric_distant_target,Southwest,Northeast,Ali is directly South of Milwaukee. Ali walks West. Ali is BLANK Milwaukee.,5f39b048-d281-5355-bc26-3cca7684ddf0,base
A24EYMUIGY8M5O,1,1,target,1,geocentric_distant,geocentric_distant_target,Southwest,Northeast,Ali is directly South of Milwaukee. Ali walks West. Ali is BLANK Milwaukee.,5f39b048-d281-5355-bc26-3cca7684ddf0,base
A2HYYV0L5HT1IF,1,1,target,1,geocentric_distant,geocentric_distant_target,Southwest,Northeast,Ali is directly South of Milwaukee. Ali walks West. Ali is BLANK Milwaukee.,5f39b048-d281-5355-bc26-3cca7684ddf0,base
A3FNC8ELMK8YJA,1,1,target,1,geocentric_distant,geocentric_distant_target,Southwest,Northeast,Ali is directly South of Milwaukee. Ali walks West. Ali is BLANK Milwaukee.,5f39b048-d281-5355-bc26-3cca7684ddf0,base
A3LVLZS8S41ZD7,1,1,target,0,geocentric_distant,geocentric_distant_target,Southwest,Northeast,Ali is directly South of Milwaukee. Ali walks West. Ali is BLANK Milwaukee.,5f39b048-d281-5355-bc26-3cca7684ddf0,base
A3NRAEKWOKVUNN,1,1,target,1,geocentric_distant,geocentric_distant_target,Southwest,Northeast,Ali is directly South of Milwaukee. Ali walks West. Ali is BLANK Milwaukee.,5f39b048-d281-5355-bc26-3cca7684ddf0,base
A3PGS1Q1XAY79I,1,1,target,1,geocentric_distant,geocentric_distant_target,Southwest,Northeast,Ali is directly South of Milwaukee. Ali walks West. Ali is BLANK Milwaukee.,5f39b048-d281-5355-bc26-3cca7684ddf0,base
A3QUAM5Y482D4U,1,1,target,1,geocentric_distant,geocentric_distant_target,Southwest,Northeast,Ali is directly South of Milwaukee. Ali walks West. Ali is BLANK Milwaukee.,5f39b048-d281-5355-bc26-3cca7684ddf0,base
AN4TEA6EBEB2V,1,1,target,1,geocentric_distant,geocentric_distant_target,Southwest,Northeast,Ali is directly South of Milwaukee. Ali walks West. Ali is BLANK Milwaukee.,5f39b048-d281-5355-bc26-3cca7684ddf0,base
AR1IWBDA7MC86,1,1,target,1,geocentric_distant,geocentric_distant_target,Southwest,Northeast,Ali is directly South of Milwaukee. Ali walks West. Ali is BLANK Milwaukee.,5f39b048-d281-5355-bc26-3cca7684ddf0,base
AURYD2FH3FUOQ,1,1,target,1,geocentric_distant,geocentric_distant_target,Southwest,Northeast,Ali is directly South of Milwaukee. Ali walks West. Ali is BLANK Milwaukee.,5f39b048-d281-5355-bc26-3cca7684ddf0,base
AZ69TBTDH7AZS,1,1,target,1,geocentric_distant,geocentric_distant_target,Southwest,Northeast,Ali is directly South of Milwaukee. Ali walks West. Ali is BLANK Milwaukee.,5f39b048-d281-5355-bc26-3cca7684ddf0,base
A14W0AXTJ3R19V,1,1,target,1,egocentric_distant,egocentric_distant_target,right of,left of,Ali is facing Chicago. Ali turns left. Chicago is BLANK Ali.,2e25e5be-8490-556a-a672-80c670675704,base
A16XDO6MW9ZKMI,1,1,target,1,egocentric_distant,egocentric_distant_target,right of,left of,Ali is facing Chicago. Ali turns left. Chicago is BLANK Ali.,2e25e5be-8490-556a-a672-80c670675704,base
A1BGTK6S3VVX34,1,1,target,0,egocentric_distant,egocentric_distant_target,right of,left of,Ali is facing Chicago. Ali turns left. Chicago is BLANK Ali.,2e25e5be-8490-556a-a672-80c670675704,base
A1GV0UZU0T2ORS,1,1,target,0,egocentric_distant,egocentric_distant_target,right of,left of,Ali is facing Chicago. Ali turns left. Chicago is BLANK Ali.,2e25e5be-8490-556a-a672-80c670675704,base
A1P458P1C6JOXP,1,1,target,1,egocentric_distant,egocentric_distant_target,right of,left of,Ali is facing Chicago. Ali turns left. Chicago is BLANK Ali.,2e25e5be-8490-556a-a672-80c670675704,base
A1PHDT66U6IK4Q,1,1,target,1,egocentric_distant,egocentric_distant_target,right of,left of,Ali is facing Chicago. Ali turns left. Chicago is BLANK Ali.,2e25e5be-8490-556a-a672-80c670675704,base
A1SISJL5ST2PWH,1,1,target,1,egocentric_distant,egocentric_distant_target,right of,left of,Ali is facing Chicago. Ali turns left. Chicago is BLANK Ali.,2e25e5be-8490-556a-a672-80c670675704,base
A1V3CI8BHA3265,1,1,target,1,egocentric_distant,egocentric_distant_target,right of,left of,Ali is facing Chicago. Ali turns left. Chicago is BLANK Ali.,2e25e5be-8490-556a-a672-80c670675704,base
A1WR3WTEHJEY2D,1,1,target,0,egocentric_distant,egocentric_distant_target,right of,left of,Ali is facing Chicago. Ali turns left. Chicago is BLANK Ali.,2e25e5be-8490-556a-a672-80c670675704,base
A1YR0204H9JTNK,1,1,target,1,egocentric_distant,egocentric_distant_target,right of,left of,Ali is facing Chicago. Ali turns left. Chicago is BLANK Ali.,2e25e5be-8490-556a-a672-80c670675704,base
A24EYMUIGY8M5O,1,1,target,1,egocentric_distant,egocentric_distant_target,right of,left of,Ali is facing Chicago. Ali turns left. Chicago is BLANK Ali.,2e25e5be-8490-556a-a672-80c670675704,base
A2HYYV0L5HT1IF,1,1,target,1,egocentric_distant,egocentric_distant_target,right of,left of,Ali is facing Chicago. Ali turns left. Chicago is BLANK Ali.,2e25e5be-8490-556a-a672-80c670675704,base
A3FNC8ELMK8YJA,1,1,target,1,egocentric_distant,egocentric_distant_target,right of,left of,Ali is facing Chicago. Ali turns left. Chicago is BLANK Ali.,2e25e5be-8490-556a-a672-80c670675704,base
A3LVLZS8S41ZD7,1,1,target,0,egocentric_distant,egocentric_distant_target,right of,left of,Ali is facing Chicago. Ali turns left. Chicago is BLANK Ali.,2e25e5be-8490-556a-a672-80c670675704,base
A3NRAEKWOKVUNN,1,1,target,1,egocentric_distant,egocentric_distant_target,right of,left of,Ali is facing Chicago. Ali turns left. Chicago is BLANK Ali.,2e25e5be-8490-556a-a672-80c670675704,base
A3PGS1Q1XAY79I,1,1,target,1,egocentric_distant,egocentric_distant_target,right of,left of,Ali is facing Chicago. Ali turns left. Chicago is BLANK Ali.,2e25e5be-8490-556a-a672-80c670675704,base
A3QUAM5Y482D4U,1,1,target,1,egocentric_distant,egocentric_distant_target,right of,left of,Ali is facing Chicago. Ali turns left. Chicago is BLANK Ali.,2e25e5be-8490-556a-a672-80c670675704,base
AN4TEA6EBEB2V,1,1,target,1,egocentric_distant,egocentric_distant_target,right of,left of,Ali is facing Chicago. Ali turns left. Chicago is BLANK Ali.,2e25e5be-8490-556a-a672-80c670675704,base
AR1IWBDA7MC86,1,1,target,1,egocentric_distant,egocentric_distant_target,right of,left of,Ali is facing Chicago. Ali turns left. Chicago is BLANK Ali.,2e25e5be-8490-556a-a672-80c670675704,base
AURYD2FH3FUOQ,1,1,target,0,egocentric_distant,egocentric_distant_target,right of,left of,Ali is facing Chicago. Ali turns left. Chicago is BLANK Ali.,2e25e5be-8490-556a-a672-80c670675704,base
AZ69TBTDH7AZS,1,1,target,1,egocentric_distant,egocentric_distant_target,right of,left of,Ali is facing Chicago. Ali turns left. Chicago is BLANK Ali.,2e25e5be-8490-556a-a672-80c670675704,base
A14W0AXTJ3R19V,1,1,target,1,two_refs_egocentric,two_refs_egocentric_target,towards,away from,Ali is facing away from Mark. Ali turns around. Ali is facing BLANK Mark.,772e2b40-c1d8-5332-ab67-5da0f47f9a0b,base
A16XDO6MW9ZKMI,1,1,target,0,two_refs_egocentric,two_refs_egocentric_target,towards,away from,Ali is facing away from Mark. Ali turns around. Ali is facing BLANK Mark.,772e2b40-c1d8-5332-ab67-5da0f47f9a0b,base
A1BGTK6S3VVX34,1,1,target,1,two_refs_egocentric,two_refs_egocentric_target,towards,away from,Ali is facing away from Mark. Ali turns around. Ali is facing BLANK Mark.,772e2b40-c1d8-5332-ab67-5da0f47f9a0b,base
A1GV0UZU0T2ORS,1,1,target,0,two_refs_egocentric,two_refs_egocentric_target,towards,away from,Ali is facing away from Mark. Ali turns around. Ali is facing BLANK Mark.,772e2b40-c1d8-5332-ab67-5da0f47f9a0b,base
A1P458P1C6JOXP,1,1,target,1,two_refs_egocentric,two_refs_egocentric_target,towards,away from,Ali is facing away from Mark. Ali turns around. Ali is facing BLANK Mark.,772e2b40-c1d8-5332-ab67-5da0f47f9a0b,base
A1PHDT66U6IK4Q,1,1,target,1,two_refs_egocentric,two_refs_egocentric_target,towards,away from,Ali is facing away from Mark. Ali turns around. Ali is facing BLANK Mark.,772e2b40-c1d8-5332-ab67-5da0f47f9a0b,base
A1SISJL5ST2PWH,1,1,target,1,two_refs_egocentric,two_refs_egocentric_target,towards,away from,Ali is facing away from Mark. Ali turns around. Ali is facing BLANK Mark.,772e2b40-c1d8-5332-ab67-5da0f47f9a0b,base
A1V3CI8BHA3265,1,1,target,1,two_refs_egocentric,two_refs_egocentric_target,towards,away from,Ali is facing away from Mark. Ali turns around. Ali is facing BLANK Mark.,772e2b40-c1d8-5332-ab67-5da0f47f9a0b,base
A1WR3WTEHJEY2D,1,1,target,1,two_refs_egocentric,two_refs_egocentric_target,towards,away from,Ali is facing away from Mark. Ali turns around. Ali is facing BLANK Mark.,772e2b40-c1d8-5332-ab67-5da0f47f9a0b,base
A24EYMUIGY8M5O,1,1,target,1,two_refs_egocentric,two_refs_egocentric_target,towards,away from,Ali is facing away from Mark. Ali turns around. Ali is facing BLANK Mark.,772e2b40-c1d8-5332-ab67-5da0f47f9a0b,base
A2HYYV0L5HT1IF,1,1,target,1,two_refs_egocentric,two_refs_egocentric_target,towards,away from,Ali is facing away from Mark. Ali turns around. Ali is facing BLANK Mark.,772e2b40-c1d8-5332-ab67-5da0f47f9a0b,base
A3FNC8ELMK8YJA,1,1,target,1,two_refs_egocentric,two_refs_egocentric_target,towards,away from,Ali is facing away from Mark. Ali turns around. Ali is facing BLANK Mark.,772e2b40-c1d8-5332-ab67-5da0f47f9a0b,base
A3LVLZS8S41ZD7,1,1,target,0,two_refs_egocentric,two_refs_egocentric_target,towards,away from,Ali is facing away from Mark. Ali turns around. Ali is facing BLANK Mark.,772e2b40-c1d8-5332-ab67-5da0f47f9a0b,base
A3NRAEKWOKVUNN,1,1,target,1,two_refs_egocentric,two_refs_egocentric_target,towards,away from,Ali is facing away from Mark. Ali turns around. Ali is facing BLANK Mark.,772e2b40-c1d8-5332-ab67-5da0f47f9a0b,base
A3PGS1Q1XAY79I,1,1,target,1,two_refs_egocentric,two_refs_egocentric_target,towards,away from,Ali is facing away from Mark. Ali turns around. Ali is facing BLANK Mark.,772e2b40-c1d8-5332-ab67-5da0f47f9a0b,base
A3QUAM5Y482D4U,1,1,target,1,two_refs_egocentric,two_refs_egocentric_target,towards,away from,Ali is facing away from Mark. Ali turns around. Ali is facing BLANK Mark.,772e2b40-c1d8-5332-ab67-5da0f47f9a0b,base
AN4TEA6EBEB2V,1,1,target,1,two_refs_egocentric,two_refs_egocentric_target,towards,away from,Ali is facing away from Mark. Ali turns around. Ali is facing BLANK Mark.,772e2b40-c1d8-5332-ab67-5da0f47f9a0b,base
AR1IWBDA7MC86,1,1,target,1,two_refs_egocentric,two_refs_egocentric_target,towards,away from,Ali is facing away from Mark. Ali turns around. Ali is facing BLANK Mark.,772e2b40-c1d8-5332-ab67-5da0f47f9a0b,base
AURYD2FH3FUOQ,1,1,target,1,two_refs_egocentric,two_refs_egocentric_target,towards,away from,Ali is facing away from Mark. Ali turns around. Ali is facing BLANK Mark.,772e2b40-c1d8-5332-ab67-5da0f47f9a0b,base
AZ69TBTDH7AZS,1,1,target,1,two_refs_egocentric,two_refs_egocentric_target,towards,away from,Ali is facing away from Mark. Ali turns around. Ali is facing BLANK Mark.,772e2b40-c1d8-5332-ab67-5da0f47f9a0b,base
A14W0AXTJ3R19V,1,1,target,0,egocentric_distant,egocentric_distant_target,towards,away from,Ali is facing away from Milwaukee. Ali turns 180 degrees. Ali is facing BLANK Milwaukee.,5dcfd461-7fc1-571b-a376-3585ca034a0e,base
A16XDO6MW9ZKMI,1,1,target,0,egocentric_distant,egocentric_distant_target,towards,away from,Ali is facing away from Milwaukee. Ali turns 180 degrees. Ali is facing BLANK Milwaukee.,5dcfd461-7fc1-571b-a376-3585ca034a0e,base
A1BGTK6S3VVX34,1,1,target,0,egocentric_distant,egocentric_distant_target,towards,away from,Ali is facing away from Milwaukee. Ali turns 180 degrees. Ali is facing BLANK Milwaukee.,5dcfd461-7fc1-571b-a376-3585ca034a0e,base
A1GV0UZU0T2ORS,1,1,target,1,egocentric_distant,egocentric_distant_target,towards,away from,Ali is facing away from Milwaukee. Ali turns 180 degrees. Ali is facing BLANK Milwaukee.,5dcfd461-7fc1-571b-a376-3585ca034a0e,base
A1P458P1C6JOXP,1,1,target,1,egocentric_distant,egocentric_distant_target,towards,away from,Ali is facing away from Milwaukee. Ali turns 180 degrees. Ali is facing BLANK Milwaukee.,5dcfd461-7fc1-571b-a376-3585ca034a0e,base
A1PHDT66U6IK4Q,1,1,target,1,egocentric_distant,egocentric_distant_target,towards,away from,Ali is facing away from Milwaukee. Ali turns 180 degrees. Ali is facing BLANK Milwaukee.,5dcfd461-7fc1-571b-a376-3585ca034a0e,base
A1SISJL5ST2PWH,1,1,target,0,egocentric_distant,egocentric_distant_target,towards,away from,Ali is facing away from Milwaukee. Ali turns 180 degrees. Ali is facing BLANK Milwaukee.,5dcfd461-7fc1-571b-a376-3585ca034a0e,base
A1V3CI8BHA3265,1,1,target,1,egocentric_distant,egocentric_distant_target,towards,away from,Ali is facing away from Milwaukee. Ali turns 180 degrees. Ali is facing BLANK Milwaukee.,5dcfd461-7fc1-571b-a376-3585ca034a0e,base
A1WR3WTEHJEY2D,1,1,target,1,egocentric_distant,egocentric_distant_target,towards,away from,Ali is facing away from Milwaukee. Ali turns 180 degrees. Ali is facing BLANK Milwaukee.,5dcfd461-7fc1-571b-a376-3585ca034a0e,base
A1YR0204H9JTNK,1,1,target,1,egocentric_distant,egocentric_distant_target,towards,away from,Ali is facing away from Milwaukee. Ali turns 180 degrees. Ali is facing BLANK Milwaukee.,5dcfd461-7fc1-571b-a376-3585ca034a0e,base
A24EYMUIGY8M5O,1,1,target,1,egocentric_distant,egocentric_distant_target,towards,away from,Ali is facing away from Milwaukee. Ali turns 180 degrees. Ali is facing BLANK Milwaukee.,5dcfd461-7fc1-571b-a376-3585ca034a0e,base
A2HYYV0L5HT1IF,1,1,target,1,egocentric_distant,egocentric_distant_target,towards,away from,Ali is facing away from Milwaukee. Ali turns 180 degrees. Ali is facing BLANK Milwaukee.,5dcfd461-7fc1-571b-a376-3585ca034a0e,base
A3FNC8ELMK8YJA,1,1,target,1,egocentric_distant,egocentric_distant_target,towards,away from,Ali is facing away from Milwaukee. Ali turns 180 degrees. Ali is facing BLANK Milwaukee.,5dcfd461-7fc1-571b-a376-3585ca034a0e,base
A3LVLZS8S41ZD7,1,1,target,0,egocentric_distant,egocentric_distant_target,towards,away from,Ali is facing away from Milwaukee. Ali turns 180 degrees. Ali is facing BLANK Milwaukee.,5dcfd461-7fc1-571b-a376-3585ca034a0e,base
A3NRAEKWOKVUNN,1,1,target,1,egocentric_distant,egocentric_distant_target,towards,away from,Ali is facing away from Milwaukee. Ali turns 180 degrees. Ali is facing BLANK Milwaukee.,5dcfd461-7fc1-571b-a376-3585ca034a0e,base
A3PGS1Q1XAY79I,1,1,target,1,egocentric_distant,egocentric_distant_target,towards,away from,Ali is facing away from Milwaukee. Ali turns 180 degrees. Ali is facing BLANK Milwaukee.,5dcfd461-7fc1-571b-a376-3585ca034a0e,base
A3QUAM5Y482D4U,1,1,target,1,egocentric_distant,egocentric_distant_target,towards,away from,Ali is facing away from Milwaukee. Ali turns 180 degrees. Ali is facing BLANK Milwaukee.,5dcfd461-7fc1-571b-a376-3585ca034a0e,base
AN4TEA6EBEB2V,1,1,target,1,egocentric_distant,egocentric_distant_target,towards,away from,Ali is facing away from Milwaukee. Ali turns 180 degrees. Ali is facing BLANK Milwaukee.,5dcfd461-7fc1-571b-a376-3585ca034a0e,base
AR1IWBDA7MC86,1,1,target,1,egocentric_distant,egocentric_distant_target,towards,away from,Ali is facing away from Milwaukee. Ali turns 180 degrees. Ali is facing BLANK Milwaukee.,5dcfd461-7fc1-571b-a376-3585ca034a0e,base
AURYD2FH3FUOQ,1,1,target,1,egocentric_distant,egocentric_distant_target,towards,away from,Ali is facing away from Milwaukee. Ali turns 180 degrees. Ali is facing BLANK Milwaukee.,5dcfd461-7fc1-571b-a376-3585ca034a0e,base
AZ69TBTDH7AZS,1,1,target,0,egocentric_distant,egocentric_distant_target,towards,away from,Ali is facing away from Milwaukee. Ali turns 180 degrees. Ali is facing BLANK Milwaukee.,5dcfd461-7fc1-571b-a376-3585ca034a0e,base
A14W0AXTJ3R19V,1,1,target,1,state_nonfollows,state_nonfollows_target,doesn't break,breaks,Ali is holding the book. Ali drops the book. The book BLANK.,f7d00121-1e66-52b1-b6b7-9eddc89fb7ca,base
A16XDO6MW9ZKMI,1,1,target,1,state_nonfollows,state_nonfollows_target,doesn't break,breaks,Ali is holding the book. Ali drops the book. The book BLANK.,f7d00121-1e66-52b1-b6b7-9eddc89fb7ca,base
A1BGTK6S3VVX34,1,1,target,1,state_nonfollows,state_nonfollows_target,doesn't break,breaks,Ali is holding the book. Ali drops the book. The book BLANK.,f7d00121-1e66-52b1-b6b7-9eddc89fb7ca,base
A1GV0UZU0T2ORS,1,1,target,1,state_nonfollows,state_nonfollows_target,doesn't break,breaks,Ali is holding the book. Ali drops the book. The book BLANK.,f7d00121-1e66-52b1-b6b7-9eddc89fb7ca,base
A1P458P1C6JOXP,1,1,target,0,state_nonfollows,state_nonfollows_target,doesn't break,breaks,Ali is holding the book. Ali drops the book. The book BLANK.,f7d00121-1e66-52b1-b6b7-9eddc89fb7ca,base
A1PHDT66U6IK4Q,1,1,target,1,state_nonfollows,state_nonfollows_target,doesn't break,breaks,Ali is holding the book. Ali drops the book. The book BLANK.,f7d00121-1e66-52b1-b6b7-9eddc89fb7ca,base
A1SISJL5ST2PWH,1,1,target,1,state_nonfollows,state_nonfollows_target,doesn't break,breaks,Ali is holding the book. Ali drops the book. The book BLANK.,f7d00121-1e66-52b1-b6b7-9eddc89fb7ca,base
A1V3CI8BHA3265,1,1,target,1,state_nonfollows,state_nonfollows_target,doesn't break,breaks,Ali is holding the book. Ali drops the book. The book BLANK.,f7d00121-1e66-52b1-b6b7-9eddc89fb7ca,base
A1WR3WTEHJEY2D,1,1,target,1,state_nonfollows,state_nonfollows_target,doesn't break,breaks,Ali is holding the book. Ali drops the book. The book BLANK.,f7d00121-1e66-52b1-b6b7-9eddc89fb7ca,base
A1YR0204H9JTNK,1,1,target,1,state_nonfollows,state_nonfollows_target,doesn't break,breaks,Ali is holding the book. Ali drops the book. The book BLANK.,f7d00121-1e66-52b1-b6b7-9eddc89fb7ca,base
A24EYMUIGY8M5O,1,1,target,1,state_nonfollows,state_nonfollows_target,doesn't break,breaks,Ali is holding the book. Ali drops the book. The book BLANK.,f7d00121-1e66-52b1-b6b7-9eddc89fb7ca,base
A2HYYV0L5HT1IF,1,1,target,1,state_nonfollows,state_nonfollows_target,doesn't break,breaks,Ali is holding the book. Ali drops the book. The book BLANK.,f7d00121-1e66-52b1-b6b7-9eddc89fb7ca,base
A3FNC8ELMK8YJA,1,1,target,1,state_nonfollows,state_nonfollows_target,doesn't break,breaks,Ali is holding the book. Ali drops the book. The book BLANK.,f7d00121-1e66-52b1-b6b7-9eddc89fb7ca,base
A3LVLZS8S41ZD7,1,1,target,1,state_nonfollows,state_nonfollows_target,doesn't break,breaks,Ali is holding the book. Ali drops the book. The book BLANK.,f7d00121-1e66-52b1-b6b7-9eddc89fb7ca,base
A3NRAEKWOKVUNN,1,1,target,1,state_nonfollows,state_nonfollows_target,doesn't break,breaks,Ali is holding the book. Ali drops the book. The book BLANK.,f7d00121-1e66-52b1-b6b7-9eddc89fb7ca,base
A3PGS1Q1XAY79I,1,1,target,1,state_nonfollows,state_nonfollows_target,doesn't break,breaks,Ali is holding the book. Ali drops the book. The book BLANK.,f7d00121-1e66-52b1-b6b7-9eddc89fb7ca,base
A3QUAM5Y482D4U,1,1,target,1,state_nonfollows,state_nonfollows_target,doesn't break,breaks,Ali is holding the book. Ali drops the book. The book BLANK.,f7d00121-1e66-52b1-b6b7-9eddc89fb7ca,base
AN4TEA6EBEB2V,1,1,target,1,state_nonfollows,state_nonfollows_target,doesn't break,breaks,Ali is holding the book. Ali drops the book. The book BLANK.,f7d00121-1e66-52b1-b6b7-9eddc89fb7ca,base
AR1IWBDA7MC86,1,1,target,1,state_nonfollows,state_nonfollows_target,doesn't break,breaks,Ali is holding the book. Ali drops the book. The book BLANK.,f7d00121-1e66-52b1-b6b7-9eddc89fb7ca,base
AURYD2FH3FUOQ,1,1,target,1,state_nonfollows,state_nonfollows_target,doesn't break,breaks,Ali is holding the book. Ali drops the book. The book BLANK.,f7d00121-1e66-52b1-b6b7-9eddc89fb7ca,base
AZ69TBTDH7AZS,1,1,target,1,state_nonfollows,state_nonfollows_target,doesn't break,breaks,Ali is holding the book. Ali drops the book. The book BLANK.,f7d00121-1e66-52b1-b6b7-9eddc89fb7ca,base
A14W0AXTJ3R19V,1,1,target,0,relative_pos,relative_pos_target,closer to,further from,Ali is holding the tennis ball and the ping pong ball is on the floor. Ali picks up the ping pong ball. The ping pong ball is BLANK the tennis ball.,af77a546-4fb5-5490-b4db-cac9fd597078,base
A16XDO6MW9ZKMI,1,1,target,1,relative_pos,relative_pos_target,closer to,further from,Ali is holding the tennis ball and the ping pong ball is on the floor. Ali picks up the ping pong ball. The ping pong ball is BLANK the tennis ball.,af77a546-4fb5-5490-b4db-cac9fd597078,base
A1BGTK6S3VVX34,1,1,target,1,relative_pos,relative_pos_target,closer to,further from,Ali is holding the tennis ball and the ping pong ball is on the floor. Ali picks up the ping pong ball. The ping pong ball is BLANK the tennis ball.,af77a546-4fb5-5490-b4db-cac9fd597078,base
A1GV0UZU0T2ORS,1,1,target,1,relative_pos,relative_pos_target,closer to,further from,Ali is holding the tennis ball and the ping pong ball is on the floor. Ali picks up the ping pong ball. The ping pong ball is BLANK the tennis ball.,af77a546-4fb5-5490-b4db-cac9fd597078,base
A1P458P1C6JOXP,1,1,target,1,relative_pos,relative_pos_target,closer to,further from,Ali is holding the tennis ball and the ping pong ball is on the floor. Ali picks up the ping pong ball. The ping pong ball is BLANK the tennis ball.,af77a546-4fb5-5490-b4db-cac9fd597078,base
A1PHDT66U6IK4Q,1,1,target,1,relative_pos,relative_pos_target,closer to,further from,Ali is holding the tennis ball and the ping pong ball is on the floor. Ali picks up the ping pong ball. The ping pong ball is BLANK the tennis ball.,af77a546-4fb5-5490-b4db-cac9fd597078,base
A1SISJL5ST2PWH,1,1,target,0,relative_pos,relative_pos_target,closer to,further from,Ali is holding the tennis ball and the ping pong ball is on the floor. Ali picks up the ping pong ball. The ping pong ball is BLANK the tennis ball.,af77a546-4fb5-5490-b4db-cac9fd597078,base
A1V3CI8BHA3265,1,1,target,1,relative_pos,relative_pos_target,closer to,further from,Ali is holding the tennis ball and the ping pong ball is on the floor. Ali picks up the ping pong ball. The ping pong ball is BLANK the tennis ball.,af77a546-4fb5-5490-b4db-cac9fd597078,base
A1WR3WTEHJEY2D,1,1,target,0,relative_pos,relative_pos_target,closer to,further from,Ali is holding the tennis ball and the ping pong ball is on the floor. Ali picks up the ping pong ball. The ping pong ball is BLANK the tennis ball.,af77a546-4fb5-5490-b4db-cac9fd597078,base
A1YR0204H9JTNK,1,1,target,0,relative_pos,relative_pos_target,closer to,further from,Ali is holding the tennis ball and the ping pong ball is on the floor. Ali picks up the ping pong ball. The ping pong ball is BLANK the tennis ball.,af77a546-4fb5-5490-b4db-cac9fd597078,base
A24EYMUIGY8M5O,1,1,target,1,relative_pos,relative_pos_target,closer to,further from,Ali is holding the tennis ball and the ping pong ball is on the floor. Ali picks up the ping pong ball. The ping pong ball is BLANK the tennis ball.,af77a546-4fb5-5490-b4db-cac9fd597078,base
A2HYYV0L5HT1IF,1,1,target,1,relative_pos,relative_pos_target,closer to,further from,Ali is holding the tennis ball and the ping pong ball is on the floor. Ali picks up the ping pong ball. The ping pong ball is BLANK the tennis ball.,af77a546-4fb5-5490-b4db-cac9fd597078,base
A3FNC8ELMK8YJA,1,1,target,1,relative_pos,relative_pos_target,closer to,further from,Ali is holding the tennis ball and the ping pong ball is on the floor. Ali picks up the ping pong ball. The ping pong ball is BLANK the tennis ball.,af77a546-4fb5-5490-b4db-cac9fd597078,base
A3LVLZS8S41ZD7,1,1,target,1,relative_pos,relative_pos_target,closer to,further from,Ali is holding the tennis ball and the ping pong ball is on the floor. Ali picks up the ping pong ball. The ping pong ball is BLANK the tennis ball.,af77a546-4fb5-5490-b4db-cac9fd597078,base
A3NRAEKWOKVUNN,1,1,target,0,relative_pos,relative_pos_target,closer to,further from,Ali is holding the tennis ball and the ping pong ball is on the floor. Ali picks up the ping pong ball. The ping pong ball is BLANK the tennis ball.,af77a546-4fb5-5490-b4db-cac9fd597078,base
A3PGS1Q1XAY79I,1,1,target,0,relative_pos,relative_pos_target,closer to,further from,Ali is holding the tennis ball and the ping pong ball is on the floor. Ali picks up the ping pong ball. The ping pong ball is BLANK the tennis ball.,af77a546-4fb5-5490-b4db-cac9fd597078,base
A3QUAM5Y482D4U,1,1,target,0,relative_pos,relative_pos_target,closer to,further from,Ali is holding the tennis ball and the ping pong ball is on the floor. Ali picks up the ping pong ball. The ping pong ball is BLANK the tennis ball.,af77a546-4fb5-5490-b4db-cac9fd597078,base
AN4TEA6EBEB2V,1,1,target,1,relative_pos,relative_pos_target,closer to,further from,Ali is holding the tennis ball and the ping pong ball is on the floor. Ali picks up the ping pong ball. The ping pong ball is BLANK the tennis ball.,af77a546-4fb5-5490-b4db-cac9fd597078,base
AR1IWBDA7MC86,1,1,target,1,relative_pos,relative_pos_target,closer to,further from,Ali is holding the tennis ball and the ping pong ball is on the floor. Ali picks up the ping pong ball. The ping pong ball is BLANK the tennis ball.,af77a546-4fb5-5490-b4db-cac9fd597078,base
AURYD2FH3FUOQ,1,1,target,1,relative_pos,relative_pos_target,closer to,further from,Ali is holding the tennis ball and the ping pong ball is on the floor. Ali picks up the ping pong ball. The ping pong ball is BLANK the tennis ball.,af77a546-4fb5-5490-b4db-cac9fd597078,base
AZ69TBTDH7AZS,1,1,target,1,relative_pos,relative_pos_target,closer to,further from,Ali is holding the tennis ball and the ping pong ball is on the floor. Ali picks up the ping pong ball. The ping pong ball is BLANK the tennis ball.,af77a546-4fb5-5490-b4db-cac9fd597078,base
A14W0AXTJ3R19V,1,1,target,1,action_nonfollows,action_nonfollows_target,in front of the statue,behind the statue,Ali is in front of the statue. Ali turns around. Ali is BLANK.,a32ed162-2be9-5aa8-93bc-ead31fd7049b,base
A16XDO6MW9ZKMI,1,1,target,1,action_nonfollows,action_nonfollows_target,in front of the statue,behind the statue,Ali is in front of the statue. Ali turns around. Ali is BLANK.,a32ed162-2be9-5aa8-93bc-ead31fd7049b,base
A1BGTK6S3VVX34,1,1,target,0,action_nonfollows,action_nonfollows_target,in front of the statue,behind the statue,Ali is in front of the statue. Ali turns around. Ali is BLANK.,a32ed162-2be9-5aa8-93bc-ead31fd7049b,base
A1GV0UZU0T2ORS,1,1,target,1,action_nonfollows,action_nonfollows_target,in front of the statue,behind the statue,Ali is in front of the statue. Ali turns around. Ali is BLANK.,a32ed162-2be9-5aa8-93bc-ead31fd7049b,base
A1P458P1C6JOXP,1,1,target,1,action_nonfollows,action_nonfollows_target,in front of the statue,behind the statue,Ali is in front of the statue. Ali turns around. Ali is BLANK.,a32ed162-2be9-5aa8-93bc-ead31fd7049b,base
A1PHDT66U6IK4Q,1,1,target,1,action_nonfollows,action_nonfollows_target,in front of the statue,behind the statue,Ali is in front of the statue. Ali turns around. Ali is BLANK.,a32ed162-2be9-5aa8-93bc-ead31fd7049b,base
A1SISJL5ST2PWH,1,1,target,1,action_nonfollows,action_nonfollows_target,in front of the statue,behind the statue,Ali is in front of the statue. Ali turns around. Ali is BLANK.,a32ed162-2be9-5aa8-93bc-ead31fd7049b,base
A1V3CI8BHA3265,1,1,target,0,action_nonfollows,action_nonfollows_target,in front of the statue,behind the statue,Ali is in front of the statue. Ali turns around. Ali is BLANK.,a32ed162-2be9-5aa8-93bc-ead31fd7049b,base
A1WR3WTEHJEY2D,1,1,target,0,action_nonfollows,action_nonfollows_target,in front of the statue,behind the statue,Ali is in front of the statue. Ali turns around. Ali is BLANK.,a32ed162-2be9-5aa8-93bc-ead31fd7049b,base
A1YR0204H9JTNK,1,1,target,0,action_nonfollows,action_nonfollows_target,in front of the statue,behind the statue,Ali is in front of the statue. Ali turns around. Ali is BLANK.,a32ed162-2be9-5aa8-93bc-ead31fd7049b,base
A24EYMUIGY8M5O,1,1,target,1,action_nonfollows,action_nonfollows_target,in front of the statue,behind the statue,Ali is in front of the statue. Ali turns around. Ali is BLANK.,a32ed162-2be9-5aa8-93bc-ead31fd7049b,base
A2HYYV0L5HT1IF,1,1,target,1,action_nonfollows,action_nonfollows_target,in front of the statue,behind the statue,Ali is in front of the statue. Ali turns around. Ali is BLANK.,a32ed162-2be9-5aa8-93bc-ead31fd7049b,base
A3FNC8ELMK8YJA,1,1,target,1,action_nonfollows,action_nonfollows_target,in front of the statue,behind the statue,Ali is in front of the statue. Ali turns around. Ali is BLANK.,a32ed162-2be9-5aa8-93bc-ead31fd7049b,base
A3LVLZS8S41ZD7,1,1,target,1,action_nonfollows,action_nonfollows_target,in front of the statue,behind the statue,Ali is in front of the statue. Ali turns around. Ali is BLANK.,a32ed162-2be9-5aa8-93bc-ead31fd7049b,base
A3NRAEKWOKVUNN,1,1,target,1,action_nonfollows,action_nonfollows_target,in front of the statue,behind the statue,Ali is in front of the statue. Ali turns around. Ali is BLANK.,a32ed162-2be9-5aa8-93bc-ead31fd7049b,base
A3PGS1Q1XAY79I,1,1,target,0,action_nonfollows,action_nonfollows_target,in front of the statue,behind the statue,Ali is in front of the statue. Ali turns around. Ali is BLANK.,a32ed162-2be9-5aa8-93bc-ead31fd7049b,base
A3QUAM5Y482D4U,1,1,target,0,action_nonfollows,action_nonfollows_target,in front of the statue,behind the statue,Ali is in front of the statue. Ali turns around. Ali is BLANK.,a32ed162-2be9-5aa8-93bc-ead31fd7049b,base
AN4TEA6EBEB2V,1,1,target,1,action_nonfollows,action_nonfollows_target,in front of the statue,behind the statue,Ali is in front of the statue. Ali turns around. Ali is BLANK.,a32ed162-2be9-5aa8-93bc-ead31fd7049b,base
AR1IWBDA7MC86,1,1,target,1,action_nonfollows,action_nonfollows_target,in front of the statue,behind the statue,Ali is in front of the statue. Ali turns around. Ali is BLANK.,a32ed162-2be9-5aa8-93bc-ead31fd7049b,base
AURYD2FH3FUOQ,1,1,target,1,action_nonfollows,action_nonfollows_target,in front of the statue,behind the statue,Ali is in front of the statue. Ali turns around. Ali is BLANK.,a32ed162-2be9-5aa8-93bc-ead31fd7049b,base
AZ69TBTDH7AZS,1,1,target,1,action_nonfollows,action_nonfollows_target,in front of the statue,behind the statue,Ali is in front of the statue. Ali turns around. Ali is BLANK.,a32ed162-2be9-5aa8-93bc-ead31fd7049b,base
A14W0AXTJ3R19V,1,1,target,1,egocentric_near,egocentric_near_target,right of,left of,Ali is right of the painting. Ali turns around. Ali is BLANK the painting.,ff50283a-6025-5358-9f0a-de831120e8dc,base
A16XDO6MW9ZKMI,1,1,target,0,egocentric_near,egocentric_near_target,right of,left of,Ali is right of the painting. Ali turns around. Ali is BLANK the painting.,ff50283a-6025-5358-9f0a-de831120e8dc,base
A1BGTK6S3VVX34,1,1,target,0,egocentric_near,egocentric_near_target,right of,left of,Ali is right of the painting. Ali turns around. Ali is BLANK the painting.,ff50283a-6025-5358-9f0a-de831120e8dc,base
A1GV0UZU0T2ORS,1,1,target,0,egocentric_near,egocentric_near_target,right of,left of,Ali is right of the painting. Ali turns around. Ali is BLANK the painting.,ff50283a-6025-5358-9f0a-de831120e8dc,base
A1P458P1C6JOXP,1,1,target,1,egocentric_near,egocentric_near_target,right of,left of,Ali is right of the painting. Ali turns around. Ali is BLANK the painting.,ff50283a-6025-5358-9f0a-de831120e8dc,base
A1PHDT66U6IK4Q,1,1,target,1,egocentric_near,egocentric_near_target,right of,left of,Ali is right of the painting. Ali turns around. Ali is BLANK the painting.,ff50283a-6025-5358-9f0a-de831120e8dc,base
A1SISJL5ST2PWH,1,1,target,1,egocentric_near,egocentric_near_target,right of,left of,Ali is right of the painting. Ali turns around. Ali is BLANK the painting.,ff50283a-6025-5358-9f0a-de831120e8dc,base
A1V3CI8BHA3265,1,1,target,1,egocentric_near,egocentric_near_target,right of,left of,Ali is right of the painting. Ali turns around. Ali is BLANK the painting.,ff50283a-6025-5358-9f0a-de831120e8dc,base
A1WR3WTEHJEY2D,1,1,target,1,egocentric_near,egocentric_near_target,right of,left of,Ali is right of the painting. Ali turns around. Ali is BLANK the painting.,ff50283a-6025-5358-9f0a-de831120e8dc,base
A1YR0204H9JTNK,1,1,target,0,egocentric_near,egocentric_near_target,right of,left of,Ali is right of the painting. Ali turns around. Ali is BLANK the painting.,ff50283a-6025-5358-9f0a-de831120e8dc,base
A24EYMUIGY8M5O,1,1,target,0,egocentric_near,egocentric_near_target,right of,left of,Ali is right of the painting. Ali turns around. Ali is BLANK the painting.,ff50283a-6025-5358-9f0a-de831120e8dc,base
A2HYYV0L5HT1IF,1,1,target,0,egocentric_near,egocentric_near_target,right of,left of,Ali is right of the painting. Ali turns around. Ali is BLANK the painting.,ff50283a-6025-5358-9f0a-de831120e8dc,base
A3FNC8ELMK8YJA,1,1,target,0,egocentric_near,egocentric_near_target,right of,left of,Ali is right of the painting. Ali turns around. Ali is BLANK the painting.,ff50283a-6025-5358-9f0a-de831120e8dc,base
A3LVLZS8S41ZD7,1,1,target,1,egocentric_near,egocentric_near_target,right of,left of,Ali is right of the painting. Ali turns around. Ali is BLANK the painting.,ff50283a-6025-5358-9f0a-de831120e8dc,base
A3NRAEKWOKVUNN,1,1,target,1,egocentric_near,egocentric_near_target,right of,left of,Ali is right of the painting. Ali turns around. Ali is BLANK the painting.,ff50283a-6025-5358-9f0a-de831120e8dc,base
A3PGS1Q1XAY79I,1,1,target,0,egocentric_near,egocentric_near_target,right of,left of,Ali is right of the painting. Ali turns around. Ali is BLANK the painting.,ff50283a-6025-5358-9f0a-de831120e8dc,base
A3QUAM5Y482D4U,1,1,target,1,egocentric_near,egocentric_near_target,right of,left of,Ali is right of the painting. Ali turns around. Ali is BLANK the painting.,ff50283a-6025-5358-9f0a-de831120e8dc,base
AN4TEA6EBEB2V,1,1,target,1,egocentric_near,egocentric_near_target,right of,left of,Ali is right of the painting. Ali turns around. Ali is BLANK the painting.,ff50283a-6025-5358-9f0a-de831120e8dc,base
AR1IWBDA7MC86,1,1,target,1,egocentric_near,egocentric_near_target,right of,left of,Ali is right of the painting. Ali turns around. Ali is BLANK the painting.,ff50283a-6025-5358-9f0a-de831120e8dc,base
AURYD2FH3FUOQ,1,1,target,0,egocentric_near,egocentric_near_target,right of,left of,Ali is right of the painting. Ali turns around. Ali is BLANK the painting.,ff50283a-6025-5358-9f0a-de831120e8dc,base
AZ69TBTDH7AZS,1,1,target,1,egocentric_near,egocentric_near_target,right of,left of,Ali is right of the painting. Ali turns around. Ali is BLANK the painting.,ff50283a-6025-5358-9f0a-de831120e8dc,base
A14W0AXTJ3R19V,1,1,target,1,state_follows,state_follows_target,breaks,doesn't break,Ali is standing on tile. Ali drops the glass. The glass BLANK.,6ef532ea-4507-5515-8629-61bb84946741,base
A16XDO6MW9ZKMI,1,1,target,1,state_follows,state_follows_target,breaks,doesn't break,Ali is standing on tile. Ali drops the glass. The glass BLANK.,6ef532ea-4507-5515-8629-61bb84946741,base
A1BGTK6S3VVX34,1,1,target,1,state_follows,state_follows_target,breaks,doesn't break,Ali is standing on tile. Ali drops the glass. The glass BLANK.,6ef532ea-4507-5515-8629-61bb84946741,base
A1GV0UZU0T2ORS,1,1,target,1,state_follows,state_follows_target,breaks,doesn't break,Ali is standing on tile. Ali drops the glass. The glass BLANK.,6ef532ea-4507-5515-8629-61bb84946741,base
A1P458P1C6JOXP,1,1,target,1,state_follows,state_follows_target,breaks,doesn't break,Ali is standing on tile. Ali drops the glass. The glass BLANK.,6ef532ea-4507-5515-8629-61bb84946741,base
A1PHDT66U6IK4Q,1,1,target,1,state_follows,state_follows_target,breaks,doesn't break,Ali is standing on tile. Ali drops the glass. The glass BLANK.,6ef532ea-4507-5515-8629-61bb84946741,base
A1SISJL5ST2PWH,1,1,target,1,state_follows,state_follows_target,breaks,doesn't break,Ali is standing on tile. Ali drops the glass. The glass BLANK.,6ef532ea-4507-5515-8629-61bb84946741,base
A1V3CI8BHA3265,1,1,target,1,state_follows,state_follows_target,breaks,doesn't break,Ali is standing on tile. Ali drops the glass. The glass BLANK.,6ef532ea-4507-5515-8629-61bb84946741,base
A1WR3WTEHJEY2D,1,1,target,1,state_follows,state_follows_target,breaks,doesn't break,Ali is standing on tile. Ali drops the glass. The glass BLANK.,6ef532ea-4507-5515-8629-61bb84946741,base
A1YR0204H9JTNK,1,1,target,0,state_follows,state_follows_target,breaks,doesn't break,Ali is standing on tile. Ali drops the glass. The glass BLANK.,6ef532ea-4507-5515-8629-61bb84946741,base
A24EYMUIGY8M5O,1,1,target,1,state_follows,state_follows_target,breaks,doesn't break,Ali is standing on tile. Ali drops the glass. The glass BLANK.,6ef532ea-4507-5515-8629-61bb84946741,base
A2HYYV0L5HT1IF,1,1,target,1,state_follows,state_follows_target,breaks,doesn't break,Ali is standing on tile. Ali drops the glass. The glass BLANK.,6ef532ea-4507-5515-8629-61bb84946741,base
A3FNC8ELMK8YJA,1,1,target,1,state_follows,state_follows_target,breaks,doesn't break,Ali is standing on tile. Ali drops the glass. The glass BLANK.,6ef532ea-4507-5515-8629-61bb84946741,base
A3LVLZS8S41ZD7,1,1,target,1,state_follows,state_follows_target,breaks,doesn't break,Ali is standing on tile. Ali drops the glass. The glass BLANK.,6ef532ea-4507-5515-8629-61bb84946741,base
A3NRAEKWOKVUNN,1,1,target,1,state_follows,state_follows_target,breaks,doesn't break,Ali is standing on tile. Ali drops the glass. The glass BLANK.,6ef532ea-4507-5515-8629-61bb84946741,base
A3PGS1Q1XAY79I,1,1,target,1,state_follows,state_follows_target,breaks,doesn't break,Ali is standing on tile. Ali drops the glass. The glass BLANK.,6ef532ea-4507-5515-8629-61bb84946741,base
A3QUAM5Y482D4U,1,1,target,1,state_follows,state_follows_target,breaks,doesn't break,Ali is standing on tile. Ali drops the glass. The glass BLANK.,6ef532ea-4507-5515-8629-61bb84946741,base
AN4TEA6EBEB2V,1,1,target,1,state_follows,state_follows_target,breaks,doesn't break,Ali is standing on tile. Ali drops the glass. The glass BLANK.,6ef532ea-4507-5515-8629-61bb84946741,base
AR1IWBDA7MC86,1,1,target,1,state_follows,state_follows_target,breaks,doesn't break,Ali is standing on tile. Ali drops the glass. The glass BLANK.,6ef532ea-4507-5515-8629-61bb84946741,base
AURYD2FH3FUOQ,1,1,target,1,state_follows,state_follows_target,breaks,doesn't break,Ali is standing on tile. Ali drops the glass. The glass BLANK.,6ef532ea-4507-5515-8629-61bb84946741,base
AZ69TBTDH7AZS,1,1,target,1,state_follows,state_follows_target,breaks,doesn't break,Ali is standing on tile. Ali drops the glass. The glass BLANK.,6ef532ea-4507-5515-8629-61bb84946741,base
A14W0AXTJ3R19V,1,1,target,1,two_refs_egocentric,two_refs_egocentric_target,right,left,Ali is to Mark's right. Ali turns around. Ali is to Mark's BLANK.,fb50aa4f-e1a5-5502-b6c5-af9ac29e973f,base
A16XDO6MW9ZKMI,1,1,target,0,two_refs_egocentric,two_refs_egocentric_target,right,left,Ali is to Mark's right. Ali turns around. Ali is to Mark's BLANK.,fb50aa4f-e1a5-5502-b6c5-af9ac29e973f,base
A1BGTK6S3VVX34,1,1,target,1,two_refs_egocentric,two_refs_egocentric_target,right,left,Ali is to Mark's right. Ali turns around. Ali is to Mark's BLANK.,fb50aa4f-e1a5-5502-b6c5-af9ac29e973f,base
A1GV0UZU0T2ORS,1,1,target,1,two_refs_egocentric,two_refs_egocentric_target,right,left,Ali is to Mark's right. Ali turns around. Ali is to Mark's BLANK.,fb50aa4f-e1a5-5502-b6c5-af9ac29e973f,base
A1P458P1C6JOXP,1,1,target,1,two_refs_egocentric,two_refs_egocentric_target,right,left,Ali is to Mark's right. Ali turns around. Ali is to Mark's BLANK.,fb50aa4f-e1a5-5502-b6c5-af9ac29e973f,base
A1PHDT66U6IK4Q,1,1,target,1,two_refs_egocentric,two_refs_egocentric_target,right,left,Ali is to Mark's right. Ali turns around. Ali is to Mark's BLANK.,fb50aa4f-e1a5-5502-b6c5-af9ac29e973f,base
A1SISJL5ST2PWH,1,1,target,1,two_refs_egocentric,two_refs_egocentric_target,right,left,Ali is to Mark's right. Ali turns around. Ali is to Mark's BLANK.,fb50aa4f-e1a5-5502-b6c5-af9ac29e973f,base
A1V3CI8BHA3265,1,1,target,1,two_refs_egocentric,two_refs_egocentric_target,right,left,Ali is to Mark's right. Ali turns around. Ali is to Mark's BLANK.,fb50aa4f-e1a5-5502-b6c5-af9ac29e973f,base
A1WR3WTEHJEY2D,1,1,target,0,two_refs_egocentric,two_refs_egocentric_target,right,left,Ali is to Mark's right. Ali turns around. Ali is to Mark's BLANK.,fb50aa4f-e1a5-5502-b6c5-af9ac29e973f,base
A1YR0204H9JTNK,1,1,target,0,two_refs_egocentric,two_refs_egocentric_target,right,left,Ali is to Mark's right. Ali turns around. Ali is to Mark's BLANK.,fb50aa4f-e1a5-5502-b6c5-af9ac29e973f,base
A24EYMUIGY8M5O,1,1,target,0,two_refs_egocentric,two_refs_egocentric_target,right,left,Ali is to Mark's right. Ali turns around. Ali is to Mark's BLANK.,fb50aa4f-e1a5-5502-b6c5-af9ac29e973f,base
A2HYYV0L5HT1IF,1,1,target,1,two_refs_egocentric,two_refs_egocentric_target,right,left,Ali is to Mark's right. Ali turns around. Ali is to Mark's BLANK.,fb50aa4f-e1a5-5502-b6c5-af9ac29e973f,base
A3FNC8ELMK8YJA,1,1,target,1,two_refs_egocentric,two_refs_egocentric_target,right,left,Ali is to Mark's right. Ali turns around. Ali is to Mark's BLANK.,fb50aa4f-e1a5-5502-b6c5-af9ac29e973f,base
A3LVLZS8S41ZD7,1,1,target,1,two_refs_egocentric,two_refs_egocentric_target,right,left,Ali is to Mark's right. Ali turns around. Ali is to Mark's BLANK.,fb50aa4f-e1a5-5502-b6c5-af9ac29e973f,base
A3NRAEKWOKVUNN,1,1,target,1,two_refs_egocentric,two_refs_egocentric_target,right,left,Ali is to Mark's right. Ali turns around. Ali is to Mark's BLANK.,fb50aa4f-e1a5-5502-b6c5-af9ac29e973f,base
A3PGS1Q1XAY79I,1,1,target,1,two_refs_egocentric,two_refs_egocentric_target,right,left,Ali is to Mark's right. Ali turns around. Ali is to Mark's BLANK.,fb50aa4f-e1a5-5502-b6c5-af9ac29e973f,base
A3QUAM5Y482D4U,1,1,target,0,two_refs_egocentric,two_refs_egocentric_target,right,left,Ali is to Mark's right. Ali turns around. Ali is to Mark's BLANK.,fb50aa4f-e1a5-5502-b6c5-af9ac29e973f,base
AN4TEA6EBEB2V,1,1,target,1,two_refs_egocentric,two_refs_egocentric_target,right,left,Ali is to Mark's right. Ali turns around. Ali is to Mark's BLANK.,fb50aa4f-e1a5-5502-b6c5-af9ac29e973f,base
AR1IWBDA7MC86,1,1,target,0,two_refs_egocentric,two_refs_egocentric_target,right,left,Ali is to Mark's right. Ali turns around. Ali is to Mark's BLANK.,fb50aa4f-e1a5-5502-b6c5-af9ac29e973f,base
AURYD2FH3FUOQ,1,1,target,0,two_refs_egocentric,two_refs_egocentric_target,right,left,Ali is to Mark's right. Ali turns around. Ali is to Mark's BLANK.,fb50aa4f-e1a5-5502-b6c5-af9ac29e973f,base
AZ69TBTDH7AZS,1,1,target,1,two_refs_egocentric,two_refs_egocentric_target,right,left,Ali is to Mark's right. Ali turns around. Ali is to Mark's BLANK.,fb50aa4f-e1a5-5502-b6c5-af9ac29e973f,base
A14W0AXTJ3R19V,1,1,target,1,two_refs_egocentric,two_refs_egocentric_target,away from,towards,Ali is to the right of Mark. Mark looks to his left and Ali looks to his right. Ali is facing BLANK Mark.,55e95efb-f247-5bea-8540-4b6bee6c11de,base
A16XDO6MW9ZKMI,1,1,target,1,two_refs_egocentric,two_refs_egocentric_target,away from,towards,Ali is to the right of Mark. Mark looks to his left and Ali looks to his right. Ali is facing BLANK Mark.,55e95efb-f247-5bea-8540-4b6bee6c11de,base
A1BGTK6S3VVX34,1,1,target,0,two_refs_egocentric,two_refs_egocentric_target,away from,towards,Ali is to the right of Mark. Mark looks to his left and Ali looks to his right. Ali is facing BLANK Mark.,55e95efb-f247-5bea-8540-4b6bee6c11de,base
A1GV0UZU0T2ORS,1,1,target,1,two_refs_egocentric,two_refs_egocentric_target,away from,towards,Ali is to the right of Mark. Mark looks to his left and Ali looks to his right. Ali is facing BLANK Mark.,55e95efb-f247-5bea-8540-4b6bee6c11de,base
A1P458P1C6JOXP,1,1,target,1,two_refs_egocentric,two_refs_egocentric_target,away from,towards,Ali is to the right of Mark. Mark looks to his left and Ali looks to his right. Ali is facing BLANK Mark.,55e95efb-f247-5bea-8540-4b6bee6c11de,base
A1PHDT66U6IK4Q,1,1,target,1,two_refs_egocentric,two_refs_egocentric_target,away from,towards,Ali is to the right of Mark. Mark looks to his left and Ali looks to his right. Ali is facing BLANK Mark.,55e95efb-f247-5bea-8540-4b6bee6c11de,base
A1SISJL5ST2PWH,1,1,target,1,two_refs_egocentric,two_refs_egocentric_target,away from,towards,Ali is to the right of Mark. Mark looks to his left and Ali looks to his right. Ali is facing BLANK Mark.,55e95efb-f247-5bea-8540-4b6bee6c11de,base
A1V3CI8BHA3265,1,1,target,0,two_refs_egocentric,two_refs_egocentric_target,away from,towards,Ali is to the right of Mark. Mark looks to his left and Ali looks to his right. Ali is facing BLANK Mark.,55e95efb-f247-5bea-8540-4b6bee6c11de,base
A1WR3WTEHJEY2D,1,1,target,1,two_refs_egocentric,two_refs_egocentric_target,away from,towards,Ali is to the right of Mark. Mark looks to his left and Ali looks to his right. Ali is facing BLANK Mark.,55e95efb-f247-5bea-8540-4b6bee6c11de,base
A1YR0204H9JTNK,1,1,target,0,two_refs_egocentric,two_refs_egocentric_target,away from,towards,Ali is to the right of Mark. Mark looks to his left and Ali looks to his right. Ali is facing BLANK Mark.,55e95efb-f247-5bea-8540-4b6bee6c11de,base
A24EYMUIGY8M5O,1,1,target,1,two_refs_egocentric,two_refs_egocentric_target,away from,towards,Ali is to the right of Mark. Mark looks to his left and Ali looks to his right. Ali is facing BLANK Mark.,55e95efb-f247-5bea-8540-4b6bee6c11de,base
A2HYYV0L5HT1IF,1,1,target,1,two_refs_egocentric,two_refs_egocentric_target,away from,towards,Ali is to the right of Mark. Mark looks to his left and Ali looks to his right. Ali is facing BLANK Mark.,55e95efb-f247-5bea-8540-4b6bee6c11de,base
A3FNC8ELMK8YJA,1,1,target,1,two_refs_egocentric,two_refs_egocentric_target,away from,towards,Ali is to the right of Mark. Mark looks to his left and Ali looks to his right. Ali is facing BLANK Mark.,55e95efb-f247-5bea-8540-4b6bee6c11de,base
A3LVLZS8S41ZD7,1,1,target,1,two_refs_egocentric,two_refs_egocentric_target,away from,towards,Ali is to the right of Mark. Mark looks to his left and Ali looks to his right. Ali is facing BLANK Mark.,55e95efb-f247-5bea-8540-4b6bee6c11de,base
A3NRAEKWOKVUNN,1,1,target,1,two_refs_egocentric,two_refs_egocentric_target,away from,towards,Ali is to the right of Mark. Mark looks to his left and Ali looks to his right. Ali is facing BLANK Mark.,55e95efb-f247-5bea-8540-4b6bee6c11de,base
A3PGS1Q1XAY79I,1,1,target,1,two_refs_egocentric,two_refs_egocentric_target,away from,towards,Ali is to the right of Mark. Mark looks to his left and Ali looks to his right. Ali is facing BLANK Mark.,55e95efb-f247-5bea-8540-4b6bee6c11de,base
A3QUAM5Y482D4U,1,1,target,1,two_refs_egocentric,two_refs_egocentric_target,away from,towards,Ali is to the right of Mark. Mark looks to his left and Ali looks to his right. Ali is facing BLANK Mark.,55e95efb-f247-5bea-8540-4b6bee6c11de,base
AN4TEA6EBEB2V,1,1,target,0,two_refs_egocentric,two_refs_egocentric_target,away from,towards,Ali is to the right of Mark. Mark looks to his left and Ali looks to his right. Ali is facing BLANK Mark.,55e95efb-f247-5bea-8540-4b6bee6c11de,base
AR1IWBDA7MC86,1,1,target,1,two_refs_egocentric,two_refs_egocentric_target,away from,towards,Ali is to the right of Mark. Mark looks to his left and Ali looks to his right. Ali is facing BLANK Mark.,55e95efb-f247-5bea-8540-4b6bee6c11de,base
AURYD2FH3FUOQ,1,1,target,0,two_refs_egocentric,two_refs_egocentric_target,away from,towards,Ali is to the right of Mark. Mark looks to his left and Ali looks to his right. Ali is facing BLANK Mark.,55e95efb-f247-5bea-8540-4b6bee6c11de,base
AZ69TBTDH7AZS,1,1,target,1,two_refs_egocentric,two_refs_egocentric_target,away from,towards,Ali is to the right of Mark. Mark looks to his left and Ali looks to his right. Ali is facing BLANK Mark.,55e95efb-f247-5bea-8540-4b6bee6c11de,base
A14W0AXTJ3R19V,1,1,target,0,two_refs_egocentric,two_refs_egocentric_target,see,can't see,Ali is to the right of Mark. Mark looks to his right. Mark BLANK Ali.,1a668890-306d-5554-ad4c-fedec53aa522,base
A16XDO6MW9ZKMI,1,1,target,1,two_refs_egocentric,two_refs_egocentric_target,see,can't see,Ali is to the right of Mark. Mark looks to his right. Mark BLANK Ali.,1a668890-306d-5554-ad4c-fedec53aa522,base
A1BGTK6S3VVX34,1,1,target,1,two_refs_egocentric,two_refs_egocentric_target,see,can't see,Ali is to the right of Mark. Mark looks to his right. Mark BLANK Ali.,1a668890-306d-5554-ad4c-fedec53aa522,base
A1GV0UZU0T2ORS,1,1,target,1,two_refs_egocentric,two_refs_egocentric_target,see,can't see,Ali is to the right of Mark. Mark looks to his right. Mark BLANK Ali.,1a668890-306d-5554-ad4c-fedec53aa522,base
A1P458P1C6JOXP,1,1,target,1,two_refs_egocentric,two_refs_egocentric_target,see,can't see,Ali is to the right of Mark. Mark looks to his right. Mark BLANK Ali.,1a668890-306d-5554-ad4c-fedec53aa522,base
A1PHDT66U6IK4Q,1,1,target,1,two_refs_egocentric,two_refs_egocentric_target,see,can't see,Ali is to the right of Mark. Mark looks to his right. Mark BLANK Ali.,1a668890-306d-5554-ad4c-fedec53aa522,base
A1SISJL5ST2PWH,1,1,target,0,two_refs_egocentric,two_refs_egocentric_target,see,can't see,Ali is to the right of Mark. Mark looks to his right. Mark BLANK Ali.,1a668890-306d-5554-ad4c-fedec53aa522,base
A1V3CI8BHA3265,1,1,target,1,two_refs_egocentric,two_refs_egocentric_target,see,can't see,Ali is to the right of Mark. Mark looks to his right. Mark BLANK Ali.,1a668890-306d-5554-ad4c-fedec53aa522,base
A1WR3WTEHJEY2D,1,1,target,1,two_refs_egocentric,two_refs_egocentric_target,see,can't see,Ali is to the right of Mark. Mark looks to his right. Mark BLANK Ali.,1a668890-306d-5554-ad4c-fedec53aa522,base
A1YR0204H9JTNK,1,1,target,1,two_refs_egocentric,two_refs_egocentric_target,see,can't see,Ali is to the right of Mark. Mark looks to his right. Mark BLANK Ali.,1a668890-306d-5554-ad4c-fedec53aa522,base
A24EYMUIGY8M5O,1,1,target,1,two_refs_egocentric,two_refs_egocentric_target,see,can't see,Ali is to the right of Mark. Mark looks to his right. Mark BLANK Ali.,1a668890-306d-5554-ad4c-fedec53aa522,base
A2HYYV0L5HT1IF,1,1,target,1,two_refs_egocentric,two_refs_egocentric_target,see,can't see,Ali is to the right of Mark. Mark looks to his right. Mark BLANK Ali.,1a668890-306d-5554-ad4c-fedec53aa522,base
A3FNC8ELMK8YJA,1,1,target,1,two_refs_egocentric,two_refs_egocentric_target,see,can't see,Ali is to the right of Mark. Mark looks to his right. Mark BLANK Ali.,1a668890-306d-5554-ad4c-fedec53aa522,base
A3LVLZS8S41ZD7,1,1,target,1,two_refs_egocentric,two_refs_egocentric_target,see,can't see,Ali is to the right of Mark. Mark looks to his right. Mark BLANK Ali.,1a668890-306d-5554-ad4c-fedec53aa522,base
A3NRAEKWOKVUNN,1,1,target,0,two_refs_egocentric,two_refs_egocentric_target,see,can't see,Ali is to the right of Mark. Mark looks to his right. Mark BLANK Ali.,1a668890-306d-5554-ad4c-fedec53aa522,base
A3PGS1Q1XAY79I,1,1,target,0,two_refs_egocentric,two_refs_egocentric_target,see,can't see,Ali is to the right of Mark. Mark looks to his right. Mark BLANK Ali.,1a668890-306d-5554-ad4c-fedec53aa522,base
A3QUAM5Y482D4U,1,1,target,1,two_refs_egocentric,two_refs_egocentric_target,see,can't see,Ali is to the right of Mark. Mark looks to his right. Mark BLANK Ali.,1a668890-306d-5554-ad4c-fedec53aa522,base
AN4TEA6EBEB2V,1,1,target,1,two_refs_egocentric,two_refs_egocentric_target,see,can't see,Ali is to the right of Mark. Mark looks to his right. Mark BLANK Ali.,1a668890-306d-5554-ad4c-fedec53aa522,base
AR1IWBDA7MC86,1,1,target,1,two_refs_egocentric,two_refs_egocentric_target,see,can't see,Ali is to the right of Mark. Mark looks to his right. Mark BLANK Ali.,1a668890-306d-5554-ad4c-fedec53aa522,base
AURYD2FH3FUOQ,1,1,target,1,two_refs_egocentric,two_refs_egocentric_target,see,can't see,Ali is to the right of Mark. Mark looks to his right. Mark BLANK Ali.,1a668890-306d-5554-ad4c-fedec53aa522,base
AZ69TBTDH7AZS,1,1,target,1,two_refs_egocentric,two_refs_egocentric_target,see,can't see,Ali is to the right of Mark. Mark looks to his right. Mark BLANK Ali.,1a668890-306d-5554-ad4c-fedec53aa522,base
A14W0AXTJ3R19V,1,1,target,1,egocentric_distant,egocentric_distant_target,left of,right of,Chicago is behind Ali. Ali turns left. Chicago is BLANK Ali.,abb3522d-7c8e-5612-b188-d64f6252ccd6,base
A16XDO6MW9ZKMI,1,1,target,1,egocentric_distant,egocentric_distant_target,left of,right of,Chicago is behind Ali. Ali turns left. Chicago is BLANK Ali.,abb3522d-7c8e-5612-b188-d64f6252ccd6,base
A1BGTK6S3VVX34,1,1,target,0,egocentric_distant,egocentric_distant_target,left of,right of,Chicago is behind Ali. Ali turns left. Chicago is BLANK Ali.,abb3522d-7c8e-5612-b188-d64f6252ccd6,base
A1GV0UZU0T2ORS,1,1,target,1,egocentric_distant,egocentric_distant_target,left of,right of,Chicago is behind Ali. Ali turns left. Chicago is BLANK Ali.,abb3522d-7c8e-5612-b188-d64f6252ccd6,base
A1P458P1C6JOXP,1,1,target,1,egocentric_distant,egocentric_distant_target,left of,right of,Chicago is behind Ali. Ali turns left. Chicago is BLANK Ali.,abb3522d-7c8e-5612-b188-d64f6252ccd6,base
A1PHDT66U6IK4Q,1,1,target,1,egocentric_distant,egocentric_distant_target,left of,right of,Chicago is behind Ali. Ali turns left. Chicago is BLANK Ali.,abb3522d-7c8e-5612-b188-d64f6252ccd6,base
A1SISJL5ST2PWH,1,1,target,1,egocentric_distant,egocentric_distant_target,left of,right of,Chicago is behind Ali. Ali turns left. Chicago is BLANK Ali.,abb3522d-7c8e-5612-b188-d64f6252ccd6,base
A1V3CI8BHA3265,1,1,target,1,egocentric_distant,egocentric_distant_target,left of,right of,Chicago is behind Ali. Ali turns left. Chicago is BLANK Ali.,abb3522d-7c8e-5612-b188-d64f6252ccd6,base
A1WR3WTEHJEY2D,1,1,target,0,egocentric_distant,egocentric_distant_target,left of,right of,Chicago is behind Ali. Ali turns left. Chicago is BLANK Ali.,abb3522d-7c8e-5612-b188-d64f6252ccd6,base
A1YR0204H9JTNK,1,1,target,1,egocentric_distant,egocentric_distant_target,left of,right of,Chicago is behind Ali. Ali turns left. Chicago is BLANK Ali.,abb3522d-7c8e-5612-b188-d64f6252ccd6,base
A24EYMUIGY8M5O,1,1,target,1,egocentric_distant,egocentric_distant_target,left of,right of,Chicago is behind Ali. Ali turns left. Chicago is BLANK Ali.,abb3522d-7c8e-5612-b188-d64f6252ccd6,base
A2HYYV0L5HT1IF,1,1,target,0,egocentric_distant,egocentric_distant_target,left of,right of,Chicago is behind Ali. Ali turns left. Chicago is BLANK Ali.,abb3522d-7c8e-5612-b188-d64f6252ccd6,base
A3FNC8ELMK8YJA,1,1,target,1,egocentric_distant,egocentric_distant_target,left of,right of,Chicago is behind Ali. Ali turns left. Chicago is BLANK Ali.,abb3522d-7c8e-5612-b188-d64f6252ccd6,base
A3LVLZS8S41ZD7,1,1,target,1,egocentric_distant,egocentric_distant_target,left of,right of,Chicago is behind Ali. Ali turns left. Chicago is BLANK Ali.,abb3522d-7c8e-5612-b188-d64f6252ccd6,base
A3NRAEKWOKVUNN,1,1,target,1,egocentric_distant,egocentric_distant_target,left of,right of,Chicago is behind Ali. Ali turns left. Chicago is BLANK Ali.,abb3522d-7c8e-5612-b188-d64f6252ccd6,base
A3PGS1Q1XAY79I,1,1,target,1,egocentric_distant,egocentric_distant_target,left of,right of,Chicago is behind Ali. Ali turns left. Chicago is BLANK Ali.,abb3522d-7c8e-5612-b188-d64f6252ccd6,base
A3QUAM5Y482D4U,1,1,target,1,egocentric_distant,egocentric_distant_target,left of,right of,Chicago is behind Ali. Ali turns left. Chicago is BLANK Ali.,abb3522d-7c8e-5612-b188-d64f6252ccd6,base
AN4TEA6EBEB2V,1,1,target,1,egocentric_distant,egocentric_distant_target,left of,right of,Chicago is behind Ali. Ali turns left. Chicago is BLANK Ali.,abb3522d-7c8e-5612-b188-d64f6252ccd6,base
AR1IWBDA7MC86,1,1,target,1,egocentric_distant,egocentric_distant_target,left of,right of,Chicago is behind Ali. Ali turns left. Chicago is BLANK Ali.,abb3522d-7c8e-5612-b188-d64f6252ccd6,base
AURYD2FH3FUOQ,1,1,target,1,egocentric_distant,egocentric_distant_target,left of,right of,Chicago is behind Ali. Ali turns left. Chicago is BLANK Ali.,abb3522d-7c8e-5612-b188-d64f6252ccd6,base
AZ69TBTDH7AZS,1,1,target,1,egocentric_distant,egocentric_distant_target,left of,right of,Chicago is behind Ali. Ali turns left. Chicago is BLANK Ali.,abb3522d-7c8e-5612-b188-d64f6252ccd6,base
A14W0AXTJ3R19V,1,1,target,1,egocentric_distant,egocentric_distant_target,left of,right of,Chicago is right of Ali. Ali turns around. Chicago is BLANK Ali.,02ed9d8b-8be8-5d09-8e50-1c31eed01911,base
A16XDO6MW9ZKMI,1,1,target,1,egocentric_distant,egocentric_distant_target,left of,right of,Chicago is right of Ali. Ali turns around. Chicago is BLANK Ali.,02ed9d8b-8be8-5d09-8e50-1c31eed01911,base
A1BGTK6S3VVX34,1,1,target,1,egocentric_distant,egocentric_distant_target,left of,right of,Chicago is right of Ali. Ali turns around. Chicago is BLANK Ali.,02ed9d8b-8be8-5d09-8e50-1c31eed01911,base
A1GV0UZU0T2ORS,1,1,target,1,egocentric_distant,egocentric_distant_target,left of,right of,Chicago is right of Ali. Ali turns around. Chicago is BLANK Ali.,02ed9d8b-8be8-5d09-8e50-1c31eed01911,base
A1P458P1C6JOXP,1,1,target,1,egocentric_distant,egocentric_distant_target,left of,right of,Chicago is right of Ali. Ali turns around. Chicago is BLANK Ali.,02ed9d8b-8be8-5d09-8e50-1c31eed01911,base
A1PHDT66U6IK4Q,1,1,target,0,egocentric_distant,egocentric_distant_target,left of,right of,Chicago is right of Ali. Ali turns around. Chicago is BLANK Ali.,02ed9d8b-8be8-5d09-8e50-1c31eed01911,base
A1SISJL5ST2PWH,1,1,target,1,egocentric_distant,egocentric_distant_target,left of,right of,Chicago is right of Ali. Ali turns around. Chicago is BLANK Ali.,02ed9d8b-8be8-5d09-8e50-1c31eed01911,base
A1V3CI8BHA3265,1,1,target,0,egocentric_distant,egocentric_distant_target,left of,right of,Chicago is right of Ali. Ali turns around. Chicago is BLANK Ali.,02ed9d8b-8be8-5d09-8e50-1c31eed01911,base
A1WR3WTEHJEY2D,1,1,target,1,egocentric_distant,egocentric_distant_target,left of,right of,Chicago is right of Ali. Ali turns around. Chicago is BLANK Ali.,02ed9d8b-8be8-5d09-8e50-1c31eed01911,base
A1YR0204H9JTNK,1,1,target,1,egocentric_distant,egocentric_distant_target,left of,right of,Chicago is right of Ali. Ali turns around. Chicago is BLANK Ali.,02ed9d8b-8be8-5d09-8e50-1c31eed01911,base
A24EYMUIGY8M5O,1,1,target,1,egocentric_distant,egocentric_distant_target,left of,right of,Chicago is right of Ali. Ali turns around. Chicago is BLANK Ali.,02ed9d8b-8be8-5d09-8e50-1c31eed01911,base
A2HYYV0L5HT1IF,1,1,target,0,egocentric_distant,egocentric_distant_target,left of,right of,Chicago is right of Ali. Ali turns around. Chicago is BLANK Ali.,02ed9d8b-8be8-5d09-8e50-1c31eed01911,base
A3FNC8ELMK8YJA,1,1,target,1,egocentric_distant,egocentric_distant_target,left of,right of,Chicago is right of Ali. Ali turns around. Chicago is BLANK Ali.,02ed9d8b-8be8-5d09-8e50-1c31eed01911,base
A3LVLZS8S41ZD7,1,1,target,0,egocentric_distant,egocentric_distant_target,left of,right of,Chicago is right of Ali. Ali turns around. Chicago is BLANK Ali.,02ed9d8b-8be8-5d09-8e50-1c31eed01911,base
A3NRAEKWOKVUNN,1,1,target,1,egocentric_distant,egocentric_distant_target,left of,right of,Chicago is right of Ali. Ali turns around. Chicago is BLANK Ali.,02ed9d8b-8be8-5d09-8e50-1c31eed01911,base
A3PGS1Q1XAY79I,1,1,target,0,egocentric_distant,egocentric_distant_target,left of,right of,Chicago is right of Ali. Ali turns around. Chicago is BLANK Ali.,02ed9d8b-8be8-5d09-8e50-1c31eed01911,base
A3QUAM5Y482D4U,1,1,target,1,egocentric_distant,egocentric_distant_target,left of,right of,Chicago is right of Ali. Ali turns around. Chicago is BLANK Ali.,02ed9d8b-8be8-5d09-8e50-1c31eed01911,base
AN4TEA6EBEB2V,1,1,target,1,egocentric_distant,egocentric_distant_target,left of,right of,Chicago is right of Ali. Ali turns around. Chicago is BLANK Ali.,02ed9d8b-8be8-5d09-8e50-1c31eed01911,base
AR1IWBDA7MC86,1,1,target,0,egocentric_distant,egocentric_distant_target,left of,right of,Chicago is right of Ali. Ali turns around. Chicago is BLANK Ali.,02ed9d8b-8be8-5d09-8e50-1c31eed01911,base
AURYD2FH3FUOQ,1,1,target,1,egocentric_distant,egocentric_distant_target,left of,right of,Chicago is right of Ali. Ali turns around. Chicago is BLANK Ali.,02ed9d8b-8be8-5d09-8e50-1c31eed01911,base
AZ69TBTDH7AZS,1,1,target,1,egocentric_distant,egocentric_distant_target,left of,right of,Chicago is right of Ali. Ali turns around. Chicago is BLANK Ali.,02ed9d8b-8be8-5d09-8e50-1c31eed01911,base
A14W0AXTJ3R19V,1,1,target,1,two_refs_egocentric,two_refs_egocentric_target,away from,towards,Mark and Ali are both facing right. Ali turns to his left. Ali is facing BLANK Mark.,313894db-d76b-5163-8db3-6e5c4869a7c2,base
A16XDO6MW9ZKMI,1,1,target,0,two_refs_egocentric,two_refs_egocentric_target,away from,towards,Mark and Ali are both facing right. Ali turns to his left. Ali is facing BLANK Mark.,313894db-d76b-5163-8db3-6e5c4869a7c2,base
A1BGTK6S3VVX34,1,1,target,0,two_refs_egocentric,two_refs_egocentric_target,away from,towards,Mark and Ali are both facing right. Ali turns to his left. Ali is facing BLANK Mark.,313894db-d76b-5163-8db3-6e5c4869a7c2,base
A1GV0UZU0T2ORS,1,1,target,1,two_refs_egocentric,two_refs_egocentric_target,away from,towards,Mark and Ali are both facing right. Ali turns to his left. Ali is facing BLANK Mark.,313894db-d76b-5163-8db3-6e5c4869a7c2,base
A1P458P1C6JOXP,1,1,target,1,two_refs_egocentric,two_refs_egocentric_target,away from,towards,Mark and Ali are both facing right. Ali turns to his left. Ali is facing BLANK Mark.,313894db-d76b-5163-8db3-6e5c4869a7c2,base
A1PHDT66U6IK4Q,1,1,target,1,two_refs_egocentric,two_refs_egocentric_target,away from,towards,Mark and Ali are both facing right. Ali turns to his left. Ali is facing BLANK Mark.,313894db-d76b-5163-8db3-6e5c4869a7c2,base
A1SISJL5ST2PWH,1,1,target,0,two_refs_egocentric,two_refs_egocentric_target,away from,towards,Mark and Ali are both facing right. Ali turns to his left. Ali is facing BLANK Mark.,313894db-d76b-5163-8db3-6e5c4869a7c2,base
A1V3CI8BHA3265,1,1,target,0,two_refs_egocentric,two_refs_egocentric_target,away from,towards,Mark and Ali are both facing right. Ali turns to his left. Ali is facing BLANK Mark.,313894db-d76b-5163-8db3-6e5c4869a7c2,base
A1WR3WTEHJEY2D,1,1,target,1,two_refs_egocentric,two_refs_egocentric_target,away from,towards,Mark and Ali are both facing right. Ali turns to his left. Ali is facing BLANK Mark.,313894db-d76b-5163-8db3-6e5c4869a7c2,base
A1YR0204H9JTNK,1,1,target,1,two_refs_egocentric,two_refs_egocentric_target,away from,towards,Mark and Ali are both facing right. Ali turns to his left. Ali is facing BLANK Mark.,313894db-d76b-5163-8db3-6e5c4869a7c2,base
A24EYMUIGY8M5O,1,1,target,0,two_refs_egocentric,two_refs_egocentric_target,away from,towards,Mark and Ali are both facing right. Ali turns to his left. Ali is facing BLANK Mark.,313894db-d76b-5163-8db3-6e5c4869a7c2,base
A2HYYV0L5HT1IF,1,1,target,0,two_refs_egocentric,two_refs_egocentric_target,away from,towards,Mark and Ali are both facing right. Ali turns to his left. Ali is facing BLANK Mark.,313894db-d76b-5163-8db3-6e5c4869a7c2,base
A3FNC8ELMK8YJA,1,1,target,0,two_refs_egocentric,two_refs_egocentric_target,away from,towards,Mark and Ali are both facing right. Ali turns to his left. Ali is facing BLANK Mark.,313894db-d76b-5163-8db3-6e5c4869a7c2,base
A3LVLZS8S41ZD7,1,1,target,1,two_refs_egocentric,two_refs_egocentric_target,away from,towards,Mark and Ali are both facing right. Ali turns to his left. Ali is facing BLANK Mark.,313894db-d76b-5163-8db3-6e5c4869a7c2,base
A3NRAEKWOKVUNN,1,1,target,0,two_refs_egocentric,two_refs_egocentric_target,away from,towards,Mark and Ali are both facing right. Ali turns to his left. Ali is facing BLANK Mark.,313894db-d76b-5163-8db3-6e5c4869a7c2,base
A3PGS1Q1XAY79I,1,1,target,1,two_refs_egocentric,two_refs_egocentric_target,away from,towards,Mark and Ali are both facing right. Ali turns to his left. Ali is facing BLANK Mark.,313894db-d76b-5163-8db3-6e5c4869a7c2,base
A3QUAM5Y482D4U,1,1,target,1,two_refs_egocentric,two_refs_egocentric_target,away from,towards,Mark and Ali are both facing right. Ali turns to his left. Ali is facing BLANK Mark.,313894db-d76b-5163-8db3-6e5c4869a7c2,base
AN4TEA6EBEB2V,1,1,target,1,two_refs_egocentric,two_refs_egocentric_target,away from,towards,Mark and Ali are both facing right. Ali turns to his left. Ali is facing BLANK Mark.,313894db-d76b-5163-8db3-6e5c4869a7c2,base
AR1IWBDA7MC86,1,1,target,1,two_refs_egocentric,two_refs_egocentric_target,away from,towards,Mark and Ali are both facing right. Ali turns to his left. Ali is facing BLANK Mark.,313894db-d76b-5163-8db3-6e5c4869a7c2,base
AURYD2FH3FUOQ,1,1,target,0,two_refs_egocentric,two_refs_egocentric_target,away from,towards,Mark and Ali are both facing right. Ali turns to his left. Ali is facing BLANK Mark.,313894db-d76b-5163-8db3-6e5c4869a7c2,base
AZ69TBTDH7AZS,1,1,target,0,two_refs_egocentric,two_refs_egocentric_target,away from,towards,Mark and Ali are both facing right. Ali turns to his left. Ali is facing BLANK Mark.,313894db-d76b-5163-8db3-6e5c4869a7c2,base
A14W0AXTJ3R19V,1,1,target,0,two_refs_geocentric,two_refs_geocentric_target,West,East,Mark is East of Budapest and Ali is West of Budapest. Mark walks directly towards Ali. Mark is heading BLANK.,652299d5-89de-5941-8c2d-8d140363ed13,base
A16XDO6MW9ZKMI,1,1,target,0,two_refs_geocentric,two_refs_geocentric_target,West,East,Mark is East of Budapest and Ali is West of Budapest. Mark walks directly towards Ali. Mark is heading BLANK.,652299d5-89de-5941-8c2d-8d140363ed13,base
A1BGTK6S3VVX34,1,1,target,1,two_refs_geocentric,two_refs_geocentric_target,West,East,Mark is East of Budapest and Ali is West of Budapest. Mark walks directly towards Ali. Mark is heading BLANK.,652299d5-89de-5941-8c2d-8d140363ed13,base
A1GV0UZU0T2ORS,1,1,target,1,two_refs_geocentric,two_refs_geocentric_target,West,East,Mark is East of Budapest and Ali is West of Budapest. Mark walks directly towards Ali. Mark is heading BLANK.,652299d5-89de-5941-8c2d-8d140363ed13,base
A1P458P1C6JOXP,1,1,target,1,two_refs_geocentric,two_refs_geocentric_target,West,East,Mark is East of Budapest and Ali is West of Budapest. Mark walks directly towards Ali. Mark is heading BLANK.,652299d5-89de-5941-8c2d-8d140363ed13,base
A1PHDT66U6IK4Q,1,1,target,1,two_refs_geocentric,two_refs_geocentric_target,West,East,Mark is East of Budapest and Ali is West of Budapest. Mark walks directly towards Ali. Mark is heading BLANK.,652299d5-89de-5941-8c2d-8d140363ed13,base
A1SISJL5ST2PWH,1,1,target,1,two_refs_geocentric,two_refs_geocentric_target,West,East,Mark is East of Budapest and Ali is West of Budapest. Mark walks directly towards Ali. Mark is heading BLANK.,652299d5-89de-5941-8c2d-8d140363ed13,base
A1V3CI8BHA3265,1,1,target,1,two_refs_geocentric,two_refs_geocentric_target,West,East,Mark is East of Budapest and Ali is West of Budapest. Mark walks directly towards Ali. Mark is heading BLANK.,652299d5-89de-5941-8c2d-8d140363ed13,base
A1WR3WTEHJEY2D,1,1,target,1,two_refs_geocentric,two_refs_geocentric_target,West,East,Mark is East of Budapest and Ali is West of Budapest. Mark walks directly towards Ali. Mark is heading BLANK.,652299d5-89de-5941-8c2d-8d140363ed13,base
A1YR0204H9JTNK,1,1,target,1,two_refs_geocentric,two_refs_geocentric_target,West,East,Mark is East of Budapest and Ali is West of Budapest. Mark walks directly towards Ali. Mark is heading BLANK.,652299d5-89de-5941-8c2d-8d140363ed13,base
A24EYMUIGY8M5O,1,1,target,1,two_refs_geocentric,two_refs_geocentric_target,West,East,Mark is East of Budapest and Ali is West of Budapest. Mark walks directly towards Ali. Mark is heading BLANK.,652299d5-89de-5941-8c2d-8d140363ed13,base
A2HYYV0L5HT1IF,1,1,target,1,two_refs_geocentric,two_refs_geocentric_target,West,East,Mark is East of Budapest and Ali is West of Budapest. Mark walks directly towards Ali. Mark is heading BLANK.,652299d5-89de-5941-8c2d-8d140363ed13,base
A3FNC8ELMK8YJA,1,1,target,1,two_refs_geocentric,two_refs_geocentric_target,West,East,Mark is East of Budapest and Ali is West of Budapest. Mark walks directly towards Ali. Mark is heading BLANK.,652299d5-89de-5941-8c2d-8d140363ed13,base
A3LVLZS8S41ZD7,1,1,target,0,two_refs_geocentric,two_refs_geocentric_target,West,East,Mark is East of Budapest and Ali is West of Budapest. Mark walks directly towards Ali. Mark is heading BLANK.,652299d5-89de-5941-8c2d-8d140363ed13,base
A3NRAEKWOKVUNN,1,1,target,1,two_refs_geocentric,two_refs_geocentric_target,West,East,Mark is East of Budapest and Ali is West of Budapest. Mark walks directly towards Ali. Mark is heading BLANK.,652299d5-89de-5941-8c2d-8d140363ed13,base
A3PGS1Q1XAY79I,1,1,target,1,two_refs_geocentric,two_refs_geocentric_target,West,East,Mark is East of Budapest and Ali is West of Budapest. Mark walks directly towards Ali. Mark is heading BLANK.,652299d5-89de-5941-8c2d-8d140363ed13,base
A3QUAM5Y482D4U,1,1,target,1,two_refs_geocentric,two_refs_geocentric_target,West,East,Mark is East of Budapest and Ali is West of Budapest. Mark walks directly towards Ali. Mark is heading BLANK.,652299d5-89de-5941-8c2d-8d140363ed13,base
AN4TEA6EBEB2V,1,1,target,1,two_refs_geocentric,two_refs_geocentric_target,West,East,Mark is East of Budapest and Ali is West of Budapest. Mark walks directly towards Ali. Mark is heading BLANK.,652299d5-89de-5941-8c2d-8d140363ed13,base
AR1IWBDA7MC86,1,1,target,1,two_refs_geocentric,two_refs_geocentric_target,West,East,Mark is East of Budapest and Ali is West of Budapest. Mark walks directly towards Ali. Mark is heading BLANK.,652299d5-89de-5941-8c2d-8d140363ed13,base
AURYD2FH3FUOQ,1,1,target,1,two_refs_geocentric,two_refs_geocentric_target,West,East,Mark is East of Budapest and Ali is West of Budapest. Mark walks directly towards Ali. Mark is heading BLANK.,652299d5-89de-5941-8c2d-8d140363ed13,base
AZ69TBTDH7AZS,1,1,target,1,two_refs_geocentric,two_refs_geocentric_target,West,East,Mark is East of Budapest and Ali is West of Budapest. Mark walks directly towards Ali. Mark is heading BLANK.,652299d5-89de-5941-8c2d-8d140363ed13,base
A14W0AXTJ3R19V,1,1,target,1,two_refs_egocentric,two_refs_egocentric_target,further from,closer to,Mark is behind Ali. Mark walks backwards. Mark is getting BLANK Ali.,48bff914-3c65-5b87-a359-0a1184e0384a,base
A16XDO6MW9ZKMI,1,1,target,1,two_refs_egocentric,two_refs_egocentric_target,further from,closer to,Mark is behind Ali. Mark walks backwards. Mark is getting BLANK Ali.,48bff914-3c65-5b87-a359-0a1184e0384a,base
A1BGTK6S3VVX34,1,1,target,1,two_refs_egocentric,two_refs_egocentric_target,further from,closer to,Mark is behind Ali. Mark walks backwards. Mark is getting BLANK Ali.,48bff914-3c65-5b87-a359-0a1184e0384a,base
A1GV0UZU0T2ORS,1,1,target,0,two_refs_egocentric,two_refs_egocentric_target,further from,closer to,Mark is behind Ali. Mark walks backwards. Mark is getting BLANK Ali.,48bff914-3c65-5b87-a359-0a1184e0384a,base
A1P458P1C6JOXP,1,1,target,1,two_refs_egocentric,two_refs_egocentric_target,further from,closer to,Mark is behind Ali. Mark walks backwards. Mark is getting BLANK Ali.,48bff914-3c65-5b87-a359-0a1184e0384a,base
A1PHDT66U6IK4Q,1,1,target,0,two_refs_egocentric,two_refs_egocentric_target,further from,closer to,Mark is behind Ali. Mark walks backwards. Mark is getting BLANK Ali.,48bff914-3c65-5b87-a359-0a1184e0384a,base
A1SISJL5ST2PWH,1,1,target,1,two_refs_egocentric,two_refs_egocentric_target,further from,closer to,Mark is behind Ali. Mark walks backwards. Mark is getting BLANK Ali.,48bff914-3c65-5b87-a359-0a1184e0384a,base
A1V3CI8BHA3265,1,1,target,1,two_refs_egocentric,two_refs_egocentric_target,further from,closer to,Mark is behind Ali. Mark walks backwards. Mark is getting BLANK Ali.,48bff914-3c65-5b87-a359-0a1184e0384a,base
A1WR3WTEHJEY2D,1,1,target,1,two_refs_egocentric,two_refs_egocentric_target,further from,closer to,Mark is behind Ali. Mark walks backwards. Mark is getting BLANK Ali.,48bff914-3c65-5b87-a359-0a1184e0384a,base
A1YR0204H9JTNK,1,1,target,0,two_refs_egocentric,two_refs_egocentric_target,further from,closer to,Mark is behind Ali. Mark walks backwards. Mark is getting BLANK Ali.,48bff914-3c65-5b87-a359-0a1184e0384a,base
A24EYMUIGY8M5O,1,1,target,1,two_refs_egocentric,two_refs_egocentric_target,further from,closer to,Mark is behind Ali. Mark walks backwards. Mark is getting BLANK Ali.,48bff914-3c65-5b87-a359-0a1184e0384a,base
A2HYYV0L5HT1IF,1,1,target,0,two_refs_egocentric,two_refs_egocentric_target,further from,closer to,Mark is behind Ali. Mark walks backwards. Mark is getting BLANK Ali.,48bff914-3c65-5b87-a359-0a1184e0384a,base
A3FNC8ELMK8YJA,1,1,target,0,two_refs_egocentric,two_refs_egocentric_target,further from,closer to,Mark is behind Ali. Mark walks backwards. Mark is getting BLANK Ali.,48bff914-3c65-5b87-a359-0a1184e0384a,base
A3LVLZS8S41ZD7,1,1,target,0,two_refs_egocentric,two_refs_egocentric_target,further from,closer to,Mark is behind Ali. Mark walks backwards. Mark is getting BLANK Ali.,48bff914-3c65-5b87-a359-0a1184e0384a,base
A3NRAEKWOKVUNN,1,1,target,1,two_refs_egocentric,two_refs_egocentric_target,further from,closer to,Mark is behind Ali. Mark walks backwards. Mark is getting BLANK Ali.,48bff914-3c65-5b87-a359-0a1184e0384a,base
A3PGS1Q1XAY79I,1,1,target,1,two_refs_egocentric,two_refs_egocentric_target,further from,closer to,Mark is behind Ali. Mark walks backwards. Mark is getting BLANK Ali.,48bff914-3c65-5b87-a359-0a1184e0384a,base
A3QUAM5Y482D4U,1,1,target,0,two_refs_egocentric,two_refs_egocentric_target,further from,closer to,Mark is behind Ali. Mark walks backwards. Mark is getting BLANK Ali.,48bff914-3c65-5b87-a359-0a1184e0384a,base
AN4TEA6EBEB2V,1,1,target,1,two_refs_egocentric,two_refs_egocentric_target,further from,closer to,Mark is behind Ali. Mark walks backwards. Mark is getting BLANK Ali.,48bff914-3c65-5b87-a359-0a1184e0384a,base
AR1IWBDA7MC86,1,1,target,1,two_refs_egocentric,two_refs_egocentric_target,further from,closer to,Mark is behind Ali. Mark walks backwards. Mark is getting BLANK Ali.,48bff914-3c65-5b87-a359-0a1184e0384a,base
AURYD2FH3FUOQ,1,1,target,1,two_refs_egocentric,two_refs_egocentric_target,further from,closer to,Mark is behind Ali. Mark walks backwards. Mark is getting BLANK Ali.,48bff914-3c65-5b87-a359-0a1184e0384a,base
AZ69TBTDH7AZS,1,1,target,0,two_refs_egocentric,two_refs_egocentric_target,further from,closer to,Mark is behind Ali. Mark walks backwards. Mark is getting BLANK Ali.,48bff914-3c65-5b87-a359-0a1184e0384a,base
A14W0AXTJ3R19V,1,1,target,0,two_refs_geocentric,two_refs_geocentric_target,the same direction,different directions,Mark is facing South and Ali is facing East. Mark turns 90 degrees to his right. Mark and Ali are facing BLANK.,2a3beaa8-c767-5efa-9738-2608cfab99a2,base
A16XDO6MW9ZKMI,1,1,target,0,two_refs_geocentric,two_refs_geocentric_target,the same direction,different directions,Mark is facing South and Ali is facing East. Mark turns 90 degrees to his right. Mark and Ali are facing BLANK.,2a3beaa8-c767-5efa-9738-2608cfab99a2,base
A1BGTK6S3VVX34,1,1,target,1,two_refs_geocentric,two_refs_geocentric_target,the same direction,different directions,Mark is facing South and Ali is facing East. Mark turns 90 degrees to his right. Mark and Ali are facing BLANK.,2a3beaa8-c767-5efa-9738-2608cfab99a2,base
A1GV0UZU0T2ORS,1,1,target,0,two_refs_geocentric,two_refs_geocentric_target,the same direction,different directions,Mark is facing South and Ali is facing East. Mark turns 90 degrees to his right. Mark and Ali are facing BLANK.,2a3beaa8-c767-5efa-9738-2608cfab99a2,base
A1P458P1C6JOXP,1,1,target,1,two_refs_geocentric,two_refs_geocentric_target,the same direction,different directions,Mark is facing South and Ali is facing East. Mark turns 90 degrees to his right. Mark and Ali are facing BLANK.,2a3beaa8-c767-5efa-9738-2608cfab99a2,base
A1PHDT66U6IK4Q,1,1,target,0,two_refs_geocentric,two_refs_geocentric_target,the same direction,different directions,Mark is facing South and Ali is facing East. Mark turns 90 degrees to his right. Mark and Ali are facing BLANK.,2a3beaa8-c767-5efa-9738-2608cfab99a2,base
A1SISJL5ST2PWH,1,1,target,1,two_refs_geocentric,two_refs_geocentric_target,the same direction,different directions,Mark is facing South and Ali is facing East. Mark turns 90 degrees to his right. Mark and Ali are facing BLANK.,2a3beaa8-c767-5efa-9738-2608cfab99a2,base
A1V3CI8BHA3265,1,1,target,1,two_refs_geocentric,two_refs_geocentric_target,the same direction,different directions,Mark is facing South and Ali is facing East. Mark turns 90 degrees to his right. Mark and Ali are facing BLANK.,2a3beaa8-c767-5efa-9738-2608cfab99a2,base
A1WR3WTEHJEY2D,1,1,target,1,two_refs_geocentric,two_refs_geocentric_target,the same direction,different directions,Mark is facing South and Ali is facing East. Mark turns 90 degrees to his right. Mark and Ali are facing BLANK.,2a3beaa8-c767-5efa-9738-2608cfab99a2,base
A1YR0204H9JTNK,1,1,target,1,two_refs_geocentric,two_refs_geocentric_target,the same direction,different directions,Mark is facing South and Ali is facing East. Mark turns 90 degrees to his right. Mark and Ali are facing BLANK.,2a3beaa8-c767-5efa-9738-2608cfab99a2,base
A24EYMUIGY8M5O,1,1,target,0,two_refs_geocentric,two_refs_geocentric_target,the same direction,different directions,Mark is facing South and Ali is facing East. Mark turns 90 degrees to his right. Mark and Ali are facing BLANK.,2a3beaa8-c767-5efa-9738-2608cfab99a2,base
A2HYYV0L5HT1IF,1,1,target,1,two_refs_geocentric,two_refs_geocentric_target,the same direction,different directions,Mark is facing South and Ali is facing East. Mark turns 90 degrees to his right. Mark and Ali are facing BLANK.,2a3beaa8-c767-5efa-9738-2608cfab99a2,base
A3FNC8ELMK8YJA,1,1,target,1,two_refs_geocentric,two_refs_geocentric_target,the same direction,different directions,Mark is facing South and Ali is facing East. Mark turns 90 degrees to his right. Mark and Ali are facing BLANK.,2a3beaa8-c767-5efa-9738-2608cfab99a2,base
A3LVLZS8S41ZD7,1,1,target,1,two_refs_geocentric,two_refs_geocentric_target,the same direction,different directions,Mark is facing South and Ali is facing East. Mark turns 90 degrees to his right. Mark and Ali are facing BLANK.,2a3beaa8-c767-5efa-9738-2608cfab99a2,base
A3NRAEKWOKVUNN,1,1,target,0,two_refs_geocentric,two_refs_geocentric_target,the same direction,different directions,Mark is facing South and Ali is facing East. Mark turns 90 degrees to his right. Mark and Ali are facing BLANK.,2a3beaa8-c767-5efa-9738-2608cfab99a2,base
A3PGS1Q1XAY79I,1,1,target,0,two_refs_geocentric,two_refs_geocentric_target,the same direction,different directions,Mark is facing South and Ali is facing East. Mark turns 90 degrees to his right. Mark and Ali are facing BLANK.,2a3beaa8-c767-5efa-9738-2608cfab99a2,base
A3QUAM5Y482D4U,1,1,target,1,two_refs_geocentric,two_refs_geocentric_target,the same direction,different directions,Mark is facing South and Ali is facing East. Mark turns 90 degrees to his right. Mark and Ali are facing BLANK.,2a3beaa8-c767-5efa-9738-2608cfab99a2,base
AN4TEA6EBEB2V,1,1,target,0,two_refs_geocentric,two_refs_geocentric_target,the same direction,different directions,Mark is facing South and Ali is facing East. Mark turns 90 degrees to his right. Mark and Ali are facing BLANK.,2a3beaa8-c767-5efa-9738-2608cfab99a2,base
AR1IWBDA7MC86,1,1,target,0,two_refs_geocentric,two_refs_geocentric_target,the same direction,different directions,Mark is facing South and Ali is facing East. Mark turns 90 degrees to his right. Mark and Ali are facing BLANK.,2a3beaa8-c767-5efa-9738-2608cfab99a2,base
AURYD2FH3FUOQ,1,1,target,0,two_refs_geocentric,two_refs_geocentric_target,the same direction,different directions,Mark is facing South and Ali is facing East. Mark turns 90 degrees to his right. Mark and Ali are facing BLANK.,2a3beaa8-c767-5efa-9738-2608cfab99a2,base
AZ69TBTDH7AZS,1,1,target,0,two_refs_geocentric,two_refs_geocentric_target,the same direction,different directions,Mark is facing South and Ali is facing East. Mark turns 90 degrees to his right. Mark and Ali are facing BLANK.,2a3beaa8-c767-5efa-9738-2608cfab99a2,base
A14W0AXTJ3R19V,1,1,target,0,geocentric_near,geocentric_near_target,West,East,Mark is facing South. Mark turns 90 degrees to his right. Mark is facing BLANK.,6cfeef00-729e-52ba-985d-1252fd2428ed,base
A16XDO6MW9ZKMI,1,1,target,0,geocentric_near,geocentric_near_target,West,East,Mark is facing South. Mark turns 90 degrees to his right. Mark is facing BLANK.,6cfeef00-729e-52ba-985d-1252fd2428ed,base
A1BGTK6S3VVX34,1,1,target,1,geocentric_near,geocentric_near_target,West,East,Mark is facing South. Mark turns 90 degrees to his right. Mark is facing BLANK.,6cfeef00-729e-52ba-985d-1252fd2428ed,base
A1GV0UZU0T2ORS,1,1,target,1,geocentric_near,geocentric_near_target,West,East,Mark is facing South. Mark turns 90 degrees to his right. Mark is facing BLANK.,6cfeef00-729e-52ba-985d-1252fd2428ed,base
A1P458P1C6JOXP,1,1,target,0,geocentric_near,geocentric_near_target,West,East,Mark is facing South. Mark turns 90 degrees to his right. Mark is facing BLANK.,6cfeef00-729e-52ba-985d-1252fd2428ed,base
A1PHDT66U6IK4Q,1,1,target,1,geocentric_near,geocentric_near_target,West,East,Mark is facing South. Mark turns 90 degrees to his right. Mark is facing BLANK.,6cfeef00-729e-52ba-985d-1252fd2428ed,base
A1SISJL5ST2PWH,1,1,target,1,geocentric_near,geocentric_near_target,West,East,Mark is facing South. Mark turns 90 degrees to his right. Mark is facing BLANK.,6cfeef00-729e-52ba-985d-1252fd2428ed,base
A1V3CI8BHA3265,1,1,target,0,geocentric_near,geocentric_near_target,West,East,Mark is facing South. Mark turns 90 degrees to his right. Mark is facing BLANK.,6cfeef00-729e-52ba-985d-1252fd2428ed,base
A1WR3WTEHJEY2D,1,1,target,0,geocentric_near,geocentric_near_target,West,East,Mark is facing South. Mark turns 90 degrees to his right. Mark is facing BLANK.,6cfeef00-729e-52ba-985d-1252fd2428ed,base
A1YR0204H9JTNK,1,1,target,0,geocentric_near,geocentric_near_target,West,East,Mark is facing South. Mark turns 90 degrees to his right. Mark is facing BLANK.,6cfeef00-729e-52ba-985d-1252fd2428ed,base
A24EYMUIGY8M5O,1,1,target,1,geocentric_near,geocentric_near_target,West,East,Mark is facing South. Mark turns 90 degrees to his right. Mark is facing BLANK.,6cfeef00-729e-52ba-985d-1252fd2428ed,base
A2HYYV0L5HT1IF,1,1,target,1,geocentric_near,geocentric_near_target,West,East,Mark is facing South. Mark turns 90 degrees to his right. Mark is facing BLANK.,6cfeef00-729e-52ba-985d-1252fd2428ed,base
A3FNC8ELMK8YJA,1,1,target,1,geocentric_near,geocentric_near_target,West,East,Mark is facing South. Mark turns 90 degrees to his right. Mark is facing BLANK.,6cfeef00-729e-52ba-985d-1252fd2428ed,base
A3LVLZS8S41ZD7,1,1,target,0,geocentric_near,geocentric_near_target,West,East,Mark is facing South. Mark turns 90 degrees to his right. Mark is facing BLANK.,6cfeef00-729e-52ba-985d-1252fd2428ed,base
A3NRAEKWOKVUNN,1,1,target,1,geocentric_near,geocentric_near_target,West,East,Mark is facing South. Mark turns 90 degrees to his right. Mark is facing BLANK.,6cfeef00-729e-52ba-985d-1252fd2428ed,base
A3PGS1Q1XAY79I,1,1,target,1,geocentric_near,geocentric_near_target,West,East,Mark is facing South. Mark turns 90 degrees to his right. Mark is facing BLANK.,6cfeef00-729e-52ba-985d-1252fd2428ed,base
A3QUAM5Y482D4U,1,1,target,1,geocentric_near,geocentric_near_target,West,East,Mark is facing South. Mark turns 90 degrees to his right. Mark is facing BLANK.,6cfeef00-729e-52ba-985d-1252fd2428ed,base
AN4TEA6EBEB2V,1,1,target,1,geocentric_near,geocentric_near_target,West,East,Mark is facing South. Mark turns 90 degrees to his right. Mark is facing BLANK.,6cfeef00-729e-52ba-985d-1252fd2428ed,base
AR1IWBDA7MC86,1,1,target,1,geocentric_near,geocentric_near_target,West,East,Mark is facing South. Mark turns 90 degrees to his right. Mark is facing BLANK.,6cfeef00-729e-52ba-985d-1252fd2428ed,base
AURYD2FH3FUOQ,1,1,target,1,geocentric_near,geocentric_near_target,West,East,Mark is facing South. Mark turns 90 degrees to his right. Mark is facing BLANK.,6cfeef00-729e-52ba-985d-1252fd2428ed,base
AZ69TBTDH7AZS,1,1,target,1,geocentric_near,geocentric_near_target,West,East,Mark is facing South. Mark turns 90 degrees to his right. Mark is facing BLANK.,6cfeef00-729e-52ba-985d-1252fd2428ed,base
A14W0AXTJ3R19V,1,1,target,1,geocentric_distant,geocentric_distant_target,East of,West of,Milwaukee is East of Ali. Ali turns around. Milwaukee is BLANK Ali.,e71a3a3e-4266-5822-8098-4001479aa3d8,base
A16XDO6MW9ZKMI,1,1,target,0,geocentric_distant,geocentric_distant_target,East of,West of,Milwaukee is East of Ali. Ali turns around. Milwaukee is BLANK Ali.,e71a3a3e-4266-5822-8098-4001479aa3d8,base
A1BGTK6S3VVX34,1,1,target,1,geocentric_distant,geocentric_distant_target,East of,West of,Milwaukee is East of Ali. Ali turns around. Milwaukee is BLANK Ali.,e71a3a3e-4266-5822-8098-4001479aa3d8,base
A1GV0UZU0T2ORS,1,1,target,1,geocentric_distant,geocentric_distant_target,East of,West of,Milwaukee is East of Ali. Ali turns around. Milwaukee is BLANK Ali.,e71a3a3e-4266-5822-8098-4001479aa3d8,base
A1P458P1C6JOXP,1,1,target,0,geocentric_distant,geocentric_distant_target,East of,West of,Milwaukee is East of Ali. Ali turns around. Milwaukee is BLANK Ali.,e71a3a3e-4266-5822-8098-4001479aa3d8,base
A1PHDT66U6IK4Q,1,1,target,0,geocentric_distant,geocentric_distant_target,East of,West of,Milwaukee is East of Ali. Ali turns around. Milwaukee is BLANK Ali.,e71a3a3e-4266-5822-8098-4001479aa3d8,base
A1SISJL5ST2PWH,1,1,target,0,geocentric_distant,geocentric_distant_target,East of,West of,Milwaukee is East of Ali. Ali turns around. Milwaukee is BLANK Ali.,e71a3a3e-4266-5822-8098-4001479aa3d8,base
A1V3CI8BHA3265,1,1,target,1,geocentric_distant,geocentric_distant_target,East of,West of,Milwaukee is East of Ali. Ali turns around. Milwaukee is BLANK Ali.,e71a3a3e-4266-5822-8098-4001479aa3d8,base
A1WR3WTEHJEY2D,1,1,target,0,geocentric_distant,geocentric_distant_target,East of,West of,Milwaukee is East of Ali. Ali turns around. Milwaukee is BLANK Ali.,e71a3a3e-4266-5822-8098-4001479aa3d8,base
A1YR0204H9JTNK,1,1,target,0,geocentric_distant,geocentric_distant_target,East of,West of,Milwaukee is East of Ali. Ali turns around. Milwaukee is BLANK Ali.,e71a3a3e-4266-5822-8098-4001479aa3d8,base
A24EYMUIGY8M5O,1,1,target,0,geocentric_distant,geocentric_distant_target,East of,West of,Milwaukee is East of Ali. Ali turns around. Milwaukee is BLANK Ali.,e71a3a3e-4266-5822-8098-4001479aa3d8,base
A2HYYV0L5HT1IF,1,1,target,0,geocentric_distant,geocentric_distant_target,East of,West of,Milwaukee is East of Ali. Ali turns around. Milwaukee is BLANK Ali.,e71a3a3e-4266-5822-8098-4001479aa3d8,base
A3FNC8ELMK8YJA,1,1,target,0,geocentric_distant,geocentric_distant_target,East of,West of,Milwaukee is East of Ali. Ali turns around. Milwaukee is BLANK Ali.,e71a3a3e-4266-5822-8098-4001479aa3d8,base
A3LVLZS8S41ZD7,1,1,target,1,geocentric_distant,geocentric_distant_target,East of,West of,Milwaukee is East of Ali. Ali turns around. Milwaukee is BLANK Ali.,e71a3a3e-4266-5822-8098-4001479aa3d8,base
A3NRAEKWOKVUNN,1,1,target,0,geocentric_distant,geocentric_distant_target,East of,West of,Milwaukee is East of Ali. Ali turns around. Milwaukee is BLANK Ali.,e71a3a3e-4266-5822-8098-4001479aa3d8,base
A3PGS1Q1XAY79I,1,1,target,1,geocentric_distant,geocentric_distant_target,East of,West of,Milwaukee is East of Ali. Ali turns around. Milwaukee is BLANK Ali.,e71a3a3e-4266-5822-8098-4001479aa3d8,base
A3QUAM5Y482D4U,1,1,target,0,geocentric_distant,geocentric_distant_target,East of,West of,Milwaukee is East of Ali. Ali turns around. Milwaukee is BLANK Ali.,e71a3a3e-4266-5822-8098-4001479aa3d8,base
AN4TEA6EBEB2V,1,1,target,1,geocentric_distant,geocentric_distant_target,East of,West of,Milwaukee is East of Ali. Ali turns around. Milwaukee is BLANK Ali.,e71a3a3e-4266-5822-8098-4001479aa3d8,base
AR1IWBDA7MC86,1,1,target,0,geocentric_distant,geocentric_distant_target,East of,West of,Milwaukee is East of Ali. Ali turns around. Milwaukee is BLANK Ali.,e71a3a3e-4266-5822-8098-4001479aa3d8,base
AURYD2FH3FUOQ,1,1,target,0,geocentric_distant,geocentric_distant_target,East of,West of,Milwaukee is East of Ali. Ali turns around. Milwaukee is BLANK Ali.,e71a3a3e-4266-5822-8098-4001479aa3d8,base
AZ69TBTDH7AZS,1,1,target,0,geocentric_distant,geocentric_distant_target,East of,West of,Milwaukee is East of Ali. Ali turns around. Milwaukee is BLANK Ali.,e71a3a3e-4266-5822-8098-4001479aa3d8,base
A14W0AXTJ3R19V,1,1,target,1,geocentric_distant,geocentric_distant_target,East of,South of,Milwaukee is East of Ali. Ali turns right. Milwaukee is BLANK Ali.,ce49bac3-2edd-5319-8db6-9c23dcaffb9e,base
A16XDO6MW9ZKMI,1,1,target,1,geocentric_distant,geocentric_distant_target,East of,South of,Milwaukee is East of Ali. Ali turns right. Milwaukee is BLANK Ali.,ce49bac3-2edd-5319-8db6-9c23dcaffb9e,base
A1BGTK6S3VVX34,1,1,target,1,geocentric_distant,geocentric_distant_target,East of,South of,Milwaukee is East of Ali. Ali turns right. Milwaukee is BLANK Ali.,ce49bac3-2edd-5319-8db6-9c23dcaffb9e,base
A1GV0UZU0T2ORS,1,1,target,1,geocentric_distant,geocentric_distant_target,East of,South of,Milwaukee is East of Ali. Ali turns right. Milwaukee is BLANK Ali.,ce49bac3-2edd-5319-8db6-9c23dcaffb9e,base
A1P458P1C6JOXP,1,1,target,1,geocentric_distant,geocentric_distant_target,East of,South of,Milwaukee is East of Ali. Ali turns right. Milwaukee is BLANK Ali.,ce49bac3-2edd-5319-8db6-9c23dcaffb9e,base
A1PHDT66U6IK4Q,1,1,target,1,geocentric_distant,geocentric_distant_target,East of,South of,Milwaukee is East of Ali. Ali turns right. Milwaukee is BLANK Ali.,ce49bac3-2edd-5319-8db6-9c23dcaffb9e,base
A1SISJL5ST2PWH,1,1,target,1,geocentric_distant,geocentric_distant_target,East of,South of,Milwaukee is East of Ali. Ali turns right. Milwaukee is BLANK Ali.,ce49bac3-2edd-5319-8db6-9c23dcaffb9e,base
A1V3CI8BHA3265,1,1,target,1,geocentric_distant,geocentric_distant_target,East of,South of,Milwaukee is East of Ali. Ali turns right. Milwaukee is BLANK Ali.,ce49bac3-2edd-5319-8db6-9c23dcaffb9e,base
A1WR3WTEHJEY2D,1,1,target,1,geocentric_distant,geocentric_distant_target,East of,South of,Milwaukee is East of Ali. Ali turns right. Milwaukee is BLANK Ali.,ce49bac3-2edd-5319-8db6-9c23dcaffb9e,base
A1YR0204H9JTNK,1,1,target,0,geocentric_distant,geocentric_distant_target,East of,South of,Milwaukee is East of Ali. Ali turns right. Milwaukee is BLANK Ali.,ce49bac3-2edd-5319-8db6-9c23dcaffb9e,base
A24EYMUIGY8M5O,1,1,target,1,geocentric_distant,geocentric_distant_target,East of,South of,Milwaukee is East of Ali. Ali turns right. Milwaukee is BLANK Ali.,ce49bac3-2edd-5319-8db6-9c23dcaffb9e,base
A2HYYV0L5HT1IF,1,1,target,0,geocentric_distant,geocentric_distant_target,East of,South of,Milwaukee is East of Ali. Ali turns right. Milwaukee is BLANK Ali.,ce49bac3-2edd-5319-8db6-9c23dcaffb9e,base
A3FNC8ELMK8YJA,1,1,target,1,geocentric_distant,geocentric_distant_target,East of,South of,Milwaukee is East of Ali. Ali turns right. Milwaukee is BLANK Ali.,ce49bac3-2edd-5319-8db6-9c23dcaffb9e,base
A3LVLZS8S41ZD7,1,1,target,0,geocentric_distant,geocentric_distant_target,East of,South of,Milwaukee is East of Ali. Ali turns right. Milwaukee is BLANK Ali.,ce49bac3-2edd-5319-8db6-9c23dcaffb9e,base
A3NRAEKWOKVUNN,1,1,target,1,geocentric_distant,geocentric_distant_target,East of,South of,Milwaukee is East of Ali. Ali turns right. Milwaukee is BLANK Ali.,ce49bac3-2edd-5319-8db6-9c23dcaffb9e,base
A3PGS1Q1XAY79I,1,1,target,1,geocentric_distant,geocentric_distant_target,East of,South of,Milwaukee is East of Ali. Ali turns right. Milwaukee is BLANK Ali.,ce49bac3-2edd-5319-8db6-9c23dcaffb9e,base
A3QUAM5Y482D4U,1,1,target,0,geocentric_distant,geocentric_distant_target,East of,South of,Milwaukee is East of Ali. Ali turns right. Milwaukee is BLANK Ali.,ce49bac3-2edd-5319-8db6-9c23dcaffb9e,base
AN4TEA6EBEB2V,1,1,target,1,geocentric_distant,geocentric_distant_target,East of,South of,Milwaukee is East of Ali. Ali turns right. Milwaukee is BLANK Ali.,ce49bac3-2edd-5319-8db6-9c23dcaffb9e,base
AR1IWBDA7MC86,1,1,target,0,geocentric_distant,geocentric_distant_target,East of,South of,Milwaukee is East of Ali. Ali turns right. Milwaukee is BLANK Ali.,ce49bac3-2edd-5319-8db6-9c23dcaffb9e,base
AURYD2FH3FUOQ,1,1,target,1,geocentric_distant,geocentric_distant_target,East of,South of,Milwaukee is East of Ali. Ali turns right. Milwaukee is BLANK Ali.,ce49bac3-2edd-5319-8db6-9c23dcaffb9e,base
AZ69TBTDH7AZS,1,1,target,1,geocentric_distant,geocentric_distant_target,East of,South of,Milwaukee is East of Ali. Ali turns right. Milwaukee is BLANK Ali.,ce49bac3-2edd-5319-8db6-9c23dcaffb9e,base
A14W0AXTJ3R19V,1,1,target,1,two_refs_geocentric,two_refs_geocentric_target,Northwest,Southeast,Milwaukee is North of Mark. Mark goes East. Milwaukee is BLANK of Mark.,4ec12ad0-e7c6-511d-97e4-2c59b20c8143,base
A16XDO6MW9ZKMI,1,1,target,0,two_refs_geocentric,two_refs_geocentric_target,Northwest,Southeast,Milwaukee is North of Mark. Mark goes East. Milwaukee is BLANK of Mark.,4ec12ad0-e7c6-511d-97e4-2c59b20c8143,base
A1BGTK6S3VVX34,1,1,target,0,two_refs_geocentric,two_refs_geocentric_target,Northwest,Southeast,Milwaukee is North of Mark. Mark goes East. Milwaukee is BLANK of Mark.,4ec12ad0-e7c6-511d-97e4-2c59b20c8143,base
A1GV0UZU0T2ORS,1,1,target,1,two_refs_geocentric,two_refs_geocentric_target,Northwest,Southeast,Milwaukee is North of Mark. Mark goes East. Milwaukee is BLANK of Mark.,4ec12ad0-e7c6-511d-97e4-2c59b20c8143,base
A1P458P1C6JOXP,1,1,target,1,two_refs_geocentric,two_refs_geocentric_target,Northwest,Southeast,Milwaukee is North of Mark. Mark goes East. Milwaukee is BLANK of Mark.,4ec12ad0-e7c6-511d-97e4-2c59b20c8143,base
A1PHDT66U6IK4Q,1,1,target,1,two_refs_geocentric,two_refs_geocentric_target,Northwest,Southeast,Milwaukee is North of Mark. Mark goes East. Milwaukee is BLANK of Mark.,4ec12ad0-e7c6-511d-97e4-2c59b20c8143,base
A1SISJL5ST2PWH,1,1,target,1,two_refs_geocentric,two_refs_geocentric_target,Northwest,Southeast,Milwaukee is North of Mark. Mark goes East. Milwaukee is BLANK of Mark.,4ec12ad0-e7c6-511d-97e4-2c59b20c8143,base
A1V3CI8BHA3265,1,1,target,0,two_refs_geocentric,two_refs_geocentric_target,Northwest,Southeast,Milwaukee is North of Mark. Mark goes East. Milwaukee is BLANK of Mark.,4ec12ad0-e7c6-511d-97e4-2c59b20c8143,base
A1WR3WTEHJEY2D,1,1,target,1,two_refs_geocentric,two_refs_geocentric_target,Northwest,Southeast,Milwaukee is North of Mark. Mark goes East. Milwaukee is BLANK of Mark.,4ec12ad0-e7c6-511d-97e4-2c59b20c8143,base
A1YR0204H9JTNK,1,1,target,1,two_refs_geocentric,two_refs_geocentric_target,Northwest,Southeast,Milwaukee is North of Mark. Mark goes East. Milwaukee is BLANK of Mark.,4ec12ad0-e7c6-511d-97e4-2c59b20c8143,base
A24EYMUIGY8M5O,1,1,target,1,two_refs_geocentric,two_refs_geocentric_target,Northwest,Southeast,Milwaukee is North of Mark. Mark goes East. Milwaukee is BLANK of Mark.,4ec12ad0-e7c6-511d-97e4-2c59b20c8143,base
A2HYYV0L5HT1IF,1,1,target,1,two_refs_geocentric,two_refs_geocentric_target,Northwest,Southeast,Milwaukee is North of Mark. Mark goes East. Milwaukee is BLANK of Mark.,4ec12ad0-e7c6-511d-97e4-2c59b20c8143,base
A3FNC8ELMK8YJA,1,1,target,1,two_refs_geocentric,two_refs_geocentric_target,Northwest,Southeast,Milwaukee is North of Mark. Mark goes East. Milwaukee is BLANK of Mark.,4ec12ad0-e7c6-511d-97e4-2c59b20c8143,base
A3LVLZS8S41ZD7,1,1,target,1,two_refs_geocentric,two_refs_geocentric_target,Northwest,Southeast,Milwaukee is North of Mark. Mark goes East. Milwaukee is BLANK of Mark.,4ec12ad0-e7c6-511d-97e4-2c59b20c8143,base
A3NRAEKWOKVUNN,1,1,target,1,two_refs_geocentric,two_refs_geocentric_target,Northwest,Southeast,Milwaukee is North of Mark. Mark goes East. Milwaukee is BLANK of Mark.,4ec12ad0-e7c6-511d-97e4-2c59b20c8143,base
A3PGS1Q1XAY79I,1,1,target,1,two_refs_geocentric,two_refs_geocentric_target,Northwest,Southeast,Milwaukee is North of Mark. Mark goes East. Milwaukee is BLANK of Mark.,4ec12ad0-e7c6-511d-97e4-2c59b20c8143,base
A3QUAM5Y482D4U,1,1,target,0,two_refs_geocentric,two_refs_geocentric_target,Northwest,Southeast,Milwaukee is North of Mark. Mark goes East. Milwaukee is BLANK of Mark.,4ec12ad0-e7c6-511d-97e4-2c59b20c8143,base
AN4TEA6EBEB2V,1,1,target,0,two_refs_geocentric,two_refs_geocentric_target,Northwest,Southeast,Milwaukee is North of Mark. Mark goes East. Milwaukee is BLANK of Mark.,4ec12ad0-e7c6-511d-97e4-2c59b20c8143,base
AR1IWBDA7MC86,1,1,target,1,two_refs_geocentric,two_refs_geocentric_target,Northwest,Southeast,Milwaukee is North of Mark. Mark goes East. Milwaukee is BLANK of Mark.,4ec12ad0-e7c6-511d-97e4-2c59b20c8143,base
AURYD2FH3FUOQ,1,1,target,1,two_refs_geocentric,two_refs_geocentric_target,Northwest,Southeast,Milwaukee is North of Mark. Mark goes East. Milwaukee is BLANK of Mark.,4ec12ad0-e7c6-511d-97e4-2c59b20c8143,base
AZ69TBTDH7AZS,1,1,target,1,two_refs_geocentric,two_refs_geocentric_target,Northwest,Southeast,Milwaukee is North of Mark. Mark goes East. Milwaukee is BLANK of Mark.,4ec12ad0-e7c6-511d-97e4-2c59b20c8143,base
A14W0AXTJ3R19V,1,1,target,1,geocentric_distant,geocentric_distant_target,South,East of,Milwaukee is South of Ali. Ali turns left. Milwaukee is BLANK Ali.,244dbf50-7c56-53b3-a5e2-96526647c538,base
A16XDO6MW9ZKMI,1,1,target,0,geocentric_distant,geocentric_distant_target,South,East of,Milwaukee is South of Ali. Ali turns left. Milwaukee is BLANK Ali.,244dbf50-7c56-53b3-a5e2-96526647c538,base
A1BGTK6S3VVX34,1,1,target,1,geocentric_distant,geocentric_distant_target,South,East of,Milwaukee is South of Ali. Ali turns left. Milwaukee is BLANK Ali.,244dbf50-7c56-53b3-a5e2-96526647c538,base
A1GV0UZU0T2ORS,1,1,target,1,geocentric_distant,geocentric_distant_target,South,East of,Milwaukee is South of Ali. Ali turns left. Milwaukee is BLANK Ali.,244dbf50-7c56-53b3-a5e2-96526647c538,base
A1P458P1C6JOXP,1,1,target,1,geocentric_distant,geocentric_distant_target,South,East of,Milwaukee is South of Ali. Ali turns left. Milwaukee is BLANK Ali.,244dbf50-7c56-53b3-a5e2-96526647c538,base
A1PHDT66U6IK4Q,1,1,target,0,geocentric_distant,geocentric_distant_target,South,East of,Milwaukee is South of Ali. Ali turns left. Milwaukee is BLANK Ali.,244dbf50-7c56-53b3-a5e2-96526647c538,base
A1SISJL5ST2PWH,1,1,target,1,geocentric_distant,geocentric_distant_target,South,East of,Milwaukee is South of Ali. Ali turns left. Milwaukee is BLANK Ali.,244dbf50-7c56-53b3-a5e2-96526647c538,base
A1V3CI8BHA3265,1,1,target,1,geocentric_distant,geocentric_distant_target,South,East of,Milwaukee is South of Ali. Ali turns left. Milwaukee is BLANK Ali.,244dbf50-7c56-53b3-a5e2-96526647c538,base
A1WR3WTEHJEY2D,1,1,target,1,geocentric_distant,geocentric_distant_target,South,East of,Milwaukee is South of Ali. Ali turns left. Milwaukee is BLANK Ali.,244dbf50-7c56-53b3-a5e2-96526647c538,base
A1YR0204H9JTNK,1,1,target,0,geocentric_distant,geocentric_distant_target,South,East of,Milwaukee is South of Ali. Ali turns left. Milwaukee is BLANK Ali.,244dbf50-7c56-53b3-a5e2-96526647c538,base
A24EYMUIGY8M5O,1,1,target,0,geocentric_distant,geocentric_distant_target,South,East of,Milwaukee is South of Ali. Ali turns left. Milwaukee is BLANK Ali.,244dbf50-7c56-53b3-a5e2-96526647c538,base
A2HYYV0L5HT1IF,1,1,target,0,geocentric_distant,geocentric_distant_target,South,East of,Milwaukee is South of Ali. Ali turns left. Milwaukee is BLANK Ali.,244dbf50-7c56-53b3-a5e2-96526647c538,base
A3FNC8ELMK8YJA,1,1,target,0,geocentric_distant,geocentric_distant_target,South,East of,Milwaukee is South of Ali. Ali turns left. Milwaukee is BLANK Ali.,244dbf50-7c56-53b3-a5e2-96526647c538,base
A3LVLZS8S41ZD7,1,1,target,1,geocentric_distant,geocentric_distant_target,South,East of,Milwaukee is South of Ali. Ali turns left. Milwaukee is BLANK Ali.,244dbf50-7c56-53b3-a5e2-96526647c538,base
A3NRAEKWOKVUNN,1,1,target,0,geocentric_distant,geocentric_distant_target,South,East of,Milwaukee is South of Ali. Ali turns left. Milwaukee is BLANK Ali.,244dbf50-7c56-53b3-a5e2-96526647c538,base
A3PGS1Q1XAY79I,1,1,target,1,geocentric_distant,geocentric_distant_target,South,East of,Milwaukee is South of Ali. Ali turns left. Milwaukee is BLANK Ali.,244dbf50-7c56-53b3-a5e2-96526647c538,base
A3QUAM5Y482D4U,1,1,target,0,geocentric_distant,geocentric_distant_target,South,East of,Milwaukee is South of Ali. Ali turns left. Milwaukee is BLANK Ali.,244dbf50-7c56-53b3-a5e2-96526647c538,base
AN4TEA6EBEB2V,1,1,target,1,geocentric_distant,geocentric_distant_target,South,East of,Milwaukee is South of Ali. Ali turns left. Milwaukee is BLANK Ali.,244dbf50-7c56-53b3-a5e2-96526647c538,base
AR1IWBDA7MC86,1,1,target,1,geocentric_distant,geocentric_distant_target,South,East of,Milwaukee is South of Ali. Ali turns left. Milwaukee is BLANK Ali.,244dbf50-7c56-53b3-a5e2-96526647c538,base
AURYD2FH3FUOQ,1,1,target,1,geocentric_distant,geocentric_distant_target,South,East of,Milwaukee is South of Ali. Ali turns left. Milwaukee is BLANK Ali.,244dbf50-7c56-53b3-a5e2-96526647c538,base
AZ69TBTDH7AZS,1,1,target,1,geocentric_distant,geocentric_distant_target,South,East of,Milwaukee is South of Ali. Ali turns left. Milwaukee is BLANK Ali.,244dbf50-7c56-53b3-a5e2-96526647c538,base
A14W0AXTJ3R19V,1,1,target,1,egocentric_distant,egocentric_distant_target,away from,towards,Milwaukee is to Ali's right. Ali turns left. Ali is facing BLANK Milwaukee.,32389095-9723-5f5e-a34c-35d1b952b45c,base
A16XDO6MW9ZKMI,1,1,target,1,egocentric_distant,egocentric_distant_target,away from,towards,Milwaukee is to Ali's right. Ali turns left. Ali is facing BLANK Milwaukee.,32389095-9723-5f5e-a34c-35d1b952b45c,base
A1BGTK6S3VVX34,1,1,target,0,egocentric_distant,egocentric_distant_target,away from,towards,Milwaukee is to Ali's right. Ali turns left. Ali is facing BLANK Milwaukee.,32389095-9723-5f5e-a34c-35d1b952b45c,base
A1GV0UZU0T2ORS,1,1,target,1,egocentric_distant,egocentric_distant_target,away from,towards,Milwaukee is to Ali's right. Ali turns left. Ali is facing BLANK Milwaukee.,32389095-9723-5f5e-a34c-35d1b952b45c,base
A1P458P1C6JOXP,1,1,target,1,egocentric_distant,egocentric_distant_target,away from,towards,Milwaukee is to Ali's right. Ali turns left. Ali is facing BLANK Milwaukee.,32389095-9723-5f5e-a34c-35d1b952b45c,base
A1PHDT66U6IK4Q,1,1,target,1,egocentric_distant,egocentric_distant_target,away from,towards,Milwaukee is to Ali's right. Ali turns left. Ali is facing BLANK Milwaukee.,32389095-9723-5f5e-a34c-35d1b952b45c,base
A1SISJL5ST2PWH,1,1,target,1,egocentric_distant,egocentric_distant_target,away from,towards,Milwaukee is to Ali's right. Ali turns left. Ali is facing BLANK Milwaukee.,32389095-9723-5f5e-a34c-35d1b952b45c,base
A1V3CI8BHA3265,1,1,target,1,egocentric_distant,egocentric_distant_target,away from,towards,Milwaukee is to Ali's right. Ali turns left. Ali is facing BLANK Milwaukee.,32389095-9723-5f5e-a34c-35d1b952b45c,base
A1WR3WTEHJEY2D,1,1,target,1,egocentric_distant,egocentric_distant_target,away from,towards,Milwaukee is to Ali's right. Ali turns left. Ali is facing BLANK Milwaukee.,32389095-9723-5f5e-a34c-35d1b952b45c,base
A1YR0204H9JTNK,1,1,target,1,egocentric_distant,egocentric_distant_target,away from,towards,Milwaukee is to Ali's right. Ali turns left. Ali is facing BLANK Milwaukee.,32389095-9723-5f5e-a34c-35d1b952b45c,base
A24EYMUIGY8M5O,1,1,target,1,egocentric_distant,egocentric_distant_target,away from,towards,Milwaukee is to Ali's right. Ali turns left. Ali is facing BLANK Milwaukee.,32389095-9723-5f5e-a34c-35d1b952b45c,base
A2HYYV0L5HT1IF,1,1,target,1,egocentric_distant,egocentric_distant_target,away from,towards,Milwaukee is to Ali's right. Ali turns left. Ali is facing BLANK Milwaukee.,32389095-9723-5f5e-a34c-35d1b952b45c,base
A3FNC8ELMK8YJA,1,1,target,1,egocentric_distant,egocentric_distant_target,away from,towards,Milwaukee is to Ali's right. Ali turns left. Ali is facing BLANK Milwaukee.,32389095-9723-5f5e-a34c-35d1b952b45c,base
A3LVLZS8S41ZD7,1,1,target,0,egocentric_distant,egocentric_distant_target,away from,towards,Milwaukee is to Ali's right. Ali turns left. Ali is facing BLANK Milwaukee.,32389095-9723-5f5e-a34c-35d1b952b45c,base
A3NRAEKWOKVUNN,1,1,target,1,egocentric_distant,egocentric_distant_target,away from,towards,Milwaukee is to Ali's right. Ali turns left. Ali is facing BLANK Milwaukee.,32389095-9723-5f5e-a34c-35d1b952b45c,base
A3PGS1Q1XAY79I,1,1,target,1,egocentric_distant,egocentric_distant_target,away from,towards,Milwaukee is to Ali's right. Ali turns left. Ali is facing BLANK Milwaukee.,32389095-9723-5f5e-a34c-35d1b952b45c,base
A3QUAM5Y482D4U,1,1,target,1,egocentric_distant,egocentric_distant_target,away from,towards,Milwaukee is to Ali's right. Ali turns left. Ali is facing BLANK Milwaukee.,32389095-9723-5f5e-a34c-35d1b952b45c,base
AN4TEA6EBEB2V,1,1,target,1,egocentric_distant,egocentric_distant_target,away from,towards,Milwaukee is to Ali's right. Ali turns left. Ali is facing BLANK Milwaukee.,32389095-9723-5f5e-a34c-35d1b952b45c,base
AR1IWBDA7MC86,1,1,target,1,egocentric_distant,egocentric_distant_target,away from,towards,Milwaukee is to Ali's right. Ali turns left. Ali is facing BLANK Milwaukee.,32389095-9723-5f5e-a34c-35d1b952b45c,base
AURYD2FH3FUOQ,1,1,target,1,egocentric_distant,egocentric_distant_target,away from,towards,Milwaukee is to Ali's right. Ali turns left. Ali is facing BLANK Milwaukee.,32389095-9723-5f5e-a34c-35d1b952b45c,base
AZ69TBTDH7AZS,1,1,target,1,egocentric_distant,egocentric_distant_target,away from,towards,Milwaukee is to Ali's right. Ali turns left. Ali is facing BLANK Milwaukee.,32389095-9723-5f5e-a34c-35d1b952b45c,base
A14W0AXTJ3R19V,1,1,target,1,relative_pos,relative_pos_target,higher than,lower than,The ball and the box are on the floor. Ali picks up the ball. The ball is BLANK the box.,044cf0fc-48d6-547a-a272-91462edda166,base
A16XDO6MW9ZKMI,1,1,target,1,relative_pos,relative_pos_target,higher than,lower than,The ball and the box are on the floor. Ali picks up the ball. The ball is BLANK the box.,044cf0fc-48d6-547a-a272-91462edda166,base
A1BGTK6S3VVX34,1,1,target,1,relative_pos,relative_pos_target,higher than,lower than,The ball and the box are on the floor. Ali picks up the ball. The ball is BLANK the box.,044cf0fc-48d6-547a-a272-91462edda166,base
A1GV0UZU0T2ORS,1,1,target,1,relative_pos,relative_pos_target,higher than,lower than,The ball and the box are on the floor. Ali picks up the ball. The ball is BLANK the box.,044cf0fc-48d6-547a-a272-91462edda166,base
A1P458P1C6JOXP,1,1,target,1,relative_pos,relative_pos_target,higher than,lower than,The ball and the box are on the floor. Ali picks up the ball. The ball is BLANK the box.,044cf0fc-48d6-547a-a272-91462edda166,base
A1PHDT66U6IK4Q,1,1,target,1,relative_pos,relative_pos_target,higher than,lower than,The ball and the box are on the floor. Ali picks up the ball. The ball is BLANK the box.,044cf0fc-48d6-547a-a272-91462edda166,base
A1SISJL5ST2PWH,1,1,target,1,relative_pos,relative_pos_target,higher than,lower than,The ball and the box are on the floor. Ali picks up the ball. The ball is BLANK the box.,044cf0fc-48d6-547a-a272-91462edda166,base
A1V3CI8BHA3265,1,1,target,1,relative_pos,relative_pos_target,higher than,lower than,The ball and the box are on the floor. Ali picks up the ball. The ball is BLANK the box.,044cf0fc-48d6-547a-a272-91462edda166,base
A1WR3WTEHJEY2D,1,1,target,1,relative_pos,relative_pos_target,higher than,lower than,The ball and the box are on the floor. Ali picks up the ball. The ball is BLANK the box.,044cf0fc-48d6-547a-a272-91462edda166,base
A1YR0204H9JTNK,1,1,target,0,relative_pos,relative_pos_target,higher than,lower than,The ball and the box are on the floor. Ali picks up the ball. The ball is BLANK the box.,044cf0fc-48d6-547a-a272-91462edda166,base
A24EYMUIGY8M5O,1,1,target,1,relative_pos,relative_pos_target,higher than,lower than,The ball and the box are on the floor. Ali picks up the ball. The ball is BLANK the box.,044cf0fc-48d6-547a-a272-91462edda166,base
A2HYYV0L5HT1IF,1,1,target,1,relative_pos,relative_pos_target,higher than,lower than,The ball and the box are on the floor. Ali picks up the ball. The ball is BLANK the box.,044cf0fc-48d6-547a-a272-91462edda166,base
A3FNC8ELMK8YJA,1,1,target,1,relative_pos,relative_pos_target,higher than,lower than,The ball and the box are on the floor. Ali picks up the ball. The ball is BLANK the box.,044cf0fc-48d6-547a-a272-91462edda166,base
A3LVLZS8S41ZD7,1,1,target,1,relative_pos,relative_pos_target,higher than,lower than,The ball and the box are on the floor. Ali picks up the ball. The ball is BLANK the box.,044cf0fc-48d6-547a-a272-91462edda166,base
A3NRAEKWOKVUNN,1,1,target,1,relative_pos,relative_pos_target,higher than,lower than,The ball and the box are on the floor. Ali picks up the ball. The ball is BLANK the box.,044cf0fc-48d6-547a-a272-91462edda166,base
A3PGS1Q1XAY79I,1,1,target,1,relative_pos,relative_pos_target,higher than,lower than,The ball and the box are on the floor. Ali picks up the ball. The ball is BLANK the box.,044cf0fc-48d6-547a-a272-91462edda166,base
A3QUAM5Y482D4U,1,1,target,1,relative_pos,relative_pos_target,higher than,lower than,The ball and the box are on the floor. Ali picks up the ball. The ball is BLANK the box.,044cf0fc-48d6-547a-a272-91462edda166,base
AN4TEA6EBEB2V,1,1,target,1,relative_pos,relative_pos_target,higher than,lower than,The ball and the box are on the floor. Ali picks up the ball. The ball is BLANK the box.,044cf0fc-48d6-547a-a272-91462edda166,base
AR1IWBDA7MC86,1,1,target,1,relative_pos,relative_pos_target,higher than,lower than,The ball and the box are on the floor. Ali picks up the ball. The ball is BLANK the box.,044cf0fc-48d6-547a-a272-91462edda166,base
AURYD2FH3FUOQ,1,1,target,0,relative_pos,relative_pos_target,higher than,lower than,The ball and the box are on the floor. Ali picks up the ball. The ball is BLANK the box.,044cf0fc-48d6-547a-a272-91462edda166,base
AZ69TBTDH7AZS,1,1,target,1,relative_pos,relative_pos_target,higher than,lower than,The ball and the box are on the floor. Ali picks up the ball. The ball is BLANK the box.,044cf0fc-48d6-547a-a272-91462edda166,base
A14W0AXTJ3R19V,1,1,target,1,action_follows,action_follows_target,moves,doesn't move,The ball is in the box. Ali moves the box. The ball BLANK.,2da44b16-f6f2-53c1-afe2-01437013b11d,base
A16XDO6MW9ZKMI,1,1,target,1,action_follows,action_follows_target,moves,doesn't move,The ball is in the box. Ali moves the box. The ball BLANK.,2da44b16-f6f2-53c1-afe2-01437013b11d,base
A1BGTK6S3VVX34,1,1,target,1,action_follows,action_follows_target,moves,doesn't move,The ball is in the box. Ali moves the box. The ball BLANK.,2da44b16-f6f2-53c1-afe2-01437013b11d,base
A1GV0UZU0T2ORS,1,1,target,1,action_follows,action_follows_target,moves,doesn't move,The ball is in the box. Ali moves the box. The ball BLANK.,2da44b16-f6f2-53c1-afe2-01437013b11d,base
A1P458P1C6JOXP,1,1,target,1,action_follows,action_follows_target,moves,doesn't move,The ball is in the box. Ali moves the box. The ball BLANK.,2da44b16-f6f2-53c1-afe2-01437013b11d,base
A1PHDT66U6IK4Q,1,1,target,1,action_follows,action_follows_target,moves,doesn't move,The ball is in the box. Ali moves the box. The ball BLANK.,2da44b16-f6f2-53c1-afe2-01437013b11d,base
A1SISJL5ST2PWH,1,1,target,1,action_follows,action_follows_target,moves,doesn't move,The ball is in the box. Ali moves the box. The ball BLANK.,2da44b16-f6f2-53c1-afe2-01437013b11d,base
A1V3CI8BHA3265,1,1,target,1,action_follows,action_follows_target,moves,doesn't move,The ball is in the box. Ali moves the box. The ball BLANK.,2da44b16-f6f2-53c1-afe2-01437013b11d,base
A1WR3WTEHJEY2D,1,1,target,1,action_follows,action_follows_target,moves,doesn't move,The ball is in the box. Ali moves the box. The ball BLANK.,2da44b16-f6f2-53c1-afe2-01437013b11d,base
A1YR0204H9JTNK,1,1,target,1,action_follows,action_follows_target,moves,doesn't move,The ball is in the box. Ali moves the box. The ball BLANK.,2da44b16-f6f2-53c1-afe2-01437013b11d,base
A24EYMUIGY8M5O,1,1,target,1,action_follows,action_follows_target,moves,doesn't move,The ball is in the box. Ali moves the box. The ball BLANK.,2da44b16-f6f2-53c1-afe2-01437013b11d,base
A2HYYV0L5HT1IF,1,1,target,1,action_follows,action_follows_target,moves,doesn't move,The ball is in the box. Ali moves the box. The ball BLANK.,2da44b16-f6f2-53c1-afe2-01437013b11d,base
A3FNC8ELMK8YJA,1,1,target,1,action_follows,action_follows_target,moves,doesn't move,The ball is in the box. Ali moves the box. The ball BLANK.,2da44b16-f6f2-53c1-afe2-01437013b11d,base
A3LVLZS8S41ZD7,1,1,target,1,action_follows,action_follows_target,moves,doesn't move,The ball is in the box. Ali moves the box. The ball BLANK.,2da44b16-f6f2-53c1-afe2-01437013b11d,base
A3NRAEKWOKVUNN,1,1,target,1,action_follows,action_follows_target,moves,doesn't move,The ball is in the box. Ali moves the box. The ball BLANK.,2da44b16-f6f2-53c1-afe2-01437013b11d,base
A3PGS1Q1XAY79I,1,1,target,1,action_follows,action_follows_target,moves,doesn't move,The ball is in the box. Ali moves the box. The ball BLANK.,2da44b16-f6f2-53c1-afe2-01437013b11d,base
A3QUAM5Y482D4U,1,1,target,1,action_follows,action_follows_target,moves,doesn't move,The ball is in the box. Ali moves the box. The ball BLANK.,2da44b16-f6f2-53c1-afe2-01437013b11d,base
AN4TEA6EBEB2V,1,1,target,0,action_follows,action_follows_target,moves,doesn't move,The ball is in the box. Ali moves the box. The ball BLANK.,2da44b16-f6f2-53c1-afe2-01437013b11d,base
AR1IWBDA7MC86,1,1,target,1,action_follows,action_follows_target,moves,doesn't move,The ball is in the box. Ali moves the box. The ball BLANK.,2da44b16-f6f2-53c1-afe2-01437013b11d,base
AURYD2FH3FUOQ,1,1,target,1,action_follows,action_follows_target,moves,doesn't move,The ball is in the box. Ali moves the box. The ball BLANK.,2da44b16-f6f2-53c1-afe2-01437013b11d,base
AZ69TBTDH7AZS,1,1,target,1,action_follows,action_follows_target,moves,doesn't move,The ball is in the box. Ali moves the box. The ball BLANK.,2da44b16-f6f2-53c1-afe2-01437013b11d,base
A14W0AXTJ3R19V,1,1,target,1,relative_pos,relative_pos_target,smaller than,larger than,The ball is next to the box. Ali puts the ball inside the box. The ball is BLANK the box.,c1a9e90a-27c0-50d7-abcd-4d2cecf8f091,base
A16XDO6MW9ZKMI,1,1,target,1,relative_pos,relative_pos_target,smaller than,larger than,The ball is next to the box. Ali puts the ball inside the box. The ball is BLANK the box.,c1a9e90a-27c0-50d7-abcd-4d2cecf8f091,base
A1BGTK6S3VVX34,1,1,target,1,relative_pos,relative_pos_target,smaller than,larger than,The ball is next to the box. Ali puts the ball inside the box. The ball is BLANK the box.,c1a9e90a-27c0-50d7-abcd-4d2cecf8f091,base
A1GV0UZU0T2ORS,1,1,target,1,relative_pos,relative_pos_target,smaller than,larger than,The ball is next to the box. Ali puts the ball inside the box. The ball is BLANK the box.,c1a9e90a-27c0-50d7-abcd-4d2cecf8f091,base
A1P458P1C6JOXP,1,1,target,1,relative_pos,relative_pos_target,smaller than,larger than,The ball is next to the box. Ali puts the ball inside the box. The ball is BLANK the box.,c1a9e90a-27c0-50d7-abcd-4d2cecf8f091,base
A1PHDT66U6IK4Q,1,1,target,1,relative_pos,relative_pos_target,smaller than,larger than,The ball is next to the box. Ali puts the ball inside the box. The ball is BLANK the box.,c1a9e90a-27c0-50d7-abcd-4d2cecf8f091,base
A1SISJL5ST2PWH,1,1,target,1,relative_pos,relative_pos_target,smaller than,larger than,The ball is next to the box. Ali puts the ball inside the box. The ball is BLANK the box.,c1a9e90a-27c0-50d7-abcd-4d2cecf8f091,base
A1V3CI8BHA3265,1,1,target,1,relative_pos,relative_pos_target,smaller than,larger than,The ball is next to the box. Ali puts the ball inside the box. The ball is BLANK the box.,c1a9e90a-27c0-50d7-abcd-4d2cecf8f091,base
A1WR3WTEHJEY2D,1,1,target,0,relative_pos,relative_pos_target,smaller than,larger than,The ball is next to the box. Ali puts the ball inside the box. The ball is BLANK the box.,c1a9e90a-27c0-50d7-abcd-4d2cecf8f091,base
A1YR0204H9JTNK,1,1,target,1,relative_pos,relative_pos_target,smaller than,larger than,The ball is next to the box. Ali puts the ball inside the box. The ball is BLANK the box.,c1a9e90a-27c0-50d7-abcd-4d2cecf8f091,base
A24EYMUIGY8M5O,1,1,target,1,relative_pos,relative_pos_target,smaller than,larger than,The ball is next to the box. Ali puts the ball inside the box. The ball is BLANK the box.,c1a9e90a-27c0-50d7-abcd-4d2cecf8f091,base
A2HYYV0L5HT1IF,1,1,target,1,relative_pos,relative_pos_target,smaller than,larger than,The ball is next to the box. Ali puts the ball inside the box. The ball is BLANK the box.,c1a9e90a-27c0-50d7-abcd-4d2cecf8f091,base
A3FNC8ELMK8YJA,1,1,target,1,relative_pos,relative_pos_target,smaller than,larger than,The ball is next to the box. Ali puts the ball inside the box. The ball is BLANK the box.,c1a9e90a-27c0-50d7-abcd-4d2cecf8f091,base
A3LVLZS8S41ZD7,1,1,target,1,relative_pos,relative_pos_target,smaller than,larger than,The ball is next to the box. Ali puts the ball inside the box. The ball is BLANK the box.,c1a9e90a-27c0-50d7-abcd-4d2cecf8f091,base
A3NRAEKWOKVUNN,1,1,target,1,relative_pos,relative_pos_target,smaller than,larger than,The ball is next to the box. Ali puts the ball inside the box. The ball is BLANK the box.,c1a9e90a-27c0-50d7-abcd-4d2cecf8f091,base
A3PGS1Q1XAY79I,1,1,target,1,relative_pos,relative_pos_target,smaller than,larger than,The ball is next to the box. Ali puts the ball inside the box. The ball is BLANK the box.,c1a9e90a-27c0-50d7-abcd-4d2cecf8f091,base
A3QUAM5Y482D4U,1,1,target,1,relative_pos,relative_pos_target,smaller than,larger than,The ball is next to the box. Ali puts the ball inside the box. The ball is BLANK the box.,c1a9e90a-27c0-50d7-abcd-4d2cecf8f091,base
AN4TEA6EBEB2V,1,1,target,1,relative_pos,relative_pos_target,smaller than,larger than,The ball is next to the box. Ali puts the ball inside the box. The ball is BLANK the box.,c1a9e90a-27c0-50d7-abcd-4d2cecf8f091,base
AR1IWBDA7MC86,1,1,target,1,relative_pos,relative_pos_target,smaller than,larger than,The ball is next to the box. Ali puts the ball inside the box. The ball is BLANK the box.,c1a9e90a-27c0-50d7-abcd-4d2cecf8f091,base
AURYD2FH3FUOQ,1,1,target,1,relative_pos,relative_pos_target,smaller than,larger than,The ball is next to the box. Ali puts the ball inside the box. The ball is BLANK the box.,c1a9e90a-27c0-50d7-abcd-4d2cecf8f091,base
AZ69TBTDH7AZS,1,1,target,1,relative_pos,relative_pos_target,smaller than,larger than,The ball is next to the box. Ali puts the ball inside the box. The ball is BLANK the box.,c1a9e90a-27c0-50d7-abcd-4d2cecf8f091,base
A14W0AXTJ3R19V,1,1,target,1,action_follows,action_follows_target,rolls,stays still,The ball is on the table. Ali tilts the table. The ball BLANK.,d05d26f0-6cbd-53d4-9d77-d28d1cf299f4,base
A16XDO6MW9ZKMI,1,1,target,1,action_follows,action_follows_target,rolls,stays still,The ball is on the table. Ali tilts the table. The ball BLANK.,d05d26f0-6cbd-53d4-9d77-d28d1cf299f4,base
A1BGTK6S3VVX34,1,1,target,1,action_follows,action_follows_target,rolls,stays still,The ball is on the table. Ali tilts the table. The ball BLANK.,d05d26f0-6cbd-53d4-9d77-d28d1cf299f4,base
A1GV0UZU0T2ORS,1,1,target,1,action_follows,action_follows_target,rolls,stays still,The ball is on the table. Ali tilts the table. The ball BLANK.,d05d26f0-6cbd-53d4-9d77-d28d1cf299f4,base
A1P458P1C6JOXP,1,1,target,1,action_follows,action_follows_target,rolls,stays still,The ball is on the table. Ali tilts the table. The ball BLANK.,d05d26f0-6cbd-53d4-9d77-d28d1cf299f4,base
A1PHDT66U6IK4Q,1,1,target,1,action_follows,action_follows_target,rolls,stays still,The ball is on the table. Ali tilts the table. The ball BLANK.,d05d26f0-6cbd-53d4-9d77-d28d1cf299f4,base
A1SISJL5ST2PWH,1,1,target,1,action_follows,action_follows_target,rolls,stays still,The ball is on the table. Ali tilts the table. The ball BLANK.,d05d26f0-6cbd-53d4-9d77-d28d1cf299f4,base
A1V3CI8BHA3265,1,1,target,1,action_follows,action_follows_target,rolls,stays still,The ball is on the table. Ali tilts the table. The ball BLANK.,d05d26f0-6cbd-53d4-9d77-d28d1cf299f4,base
A1WR3WTEHJEY2D,1,1,target,1,action_follows,action_follows_target,rolls,stays still,The ball is on the table. Ali tilts the table. The ball BLANK.,d05d26f0-6cbd-53d4-9d77-d28d1cf299f4,base
A1YR0204H9JTNK,1,1,target,1,action_follows,action_follows_target,rolls,stays still,The ball is on the table. Ali tilts the table. The ball BLANK.,d05d26f0-6cbd-53d4-9d77-d28d1cf299f4,base
A24EYMUIGY8M5O,1,1,target,1,action_follows,action_follows_target,rolls,stays still,The ball is on the table. Ali tilts the table. The ball BLANK.,d05d26f0-6cbd-53d4-9d77-d28d1cf299f4,base
A2HYYV0L5HT1IF,1,1,target,1,action_follows,action_follows_target,rolls,stays still,The ball is on the table. Ali tilts the table. The ball BLANK.,d05d26f0-6cbd-53d4-9d77-d28d1cf299f4,base
A3FNC8ELMK8YJA,1,1,target,1,action_follows,action_follows_target,rolls,stays still,The ball is on the table. Ali tilts the table. The ball BLANK.,d05d26f0-6cbd-53d4-9d77-d28d1cf299f4,base
A3LVLZS8S41ZD7,1,1,target,0,action_follows,action_follows_target,rolls,stays still,The ball is on the table. Ali tilts the table. The ball BLANK.,d05d26f0-6cbd-53d4-9d77-d28d1cf299f4,base
A3NRAEKWOKVUNN,1,1,target,1,action_follows,action_follows_target,rolls,stays still,The ball is on the table. Ali tilts the table. The ball BLANK.,d05d26f0-6cbd-53d4-9d77-d28d1cf299f4,base
A3PGS1Q1XAY79I,1,1,target,1,action_follows,action_follows_target,rolls,stays still,The ball is on the table. Ali tilts the table. The ball BLANK.,d05d26f0-6cbd-53d4-9d77-d28d1cf299f4,base
A3QUAM5Y482D4U,1,1,target,1,action_follows,action_follows_target,rolls,stays still,The ball is on the table. Ali tilts the table. The ball BLANK.,d05d26f0-6cbd-53d4-9d77-d28d1cf299f4,base
AN4TEA6EBEB2V,1,1,target,1,action_follows,action_follows_target,rolls,stays still,The ball is on the table. Ali tilts the table. The ball BLANK.,d05d26f0-6cbd-53d4-9d77-d28d1cf299f4,base
AR1IWBDA7MC86,1,1,target,1,action_follows,action_follows_target,rolls,stays still,The ball is on the table. Ali tilts the table. The ball BLANK.,d05d26f0-6cbd-53d4-9d77-d28d1cf299f4,base
AURYD2FH3FUOQ,1,1,target,1,action_follows,action_follows_target,rolls,stays still,The ball is on the table. Ali tilts the table. The ball BLANK.,d05d26f0-6cbd-53d4-9d77-d28d1cf299f4,base
AZ69TBTDH7AZS,1,1,target,1,action_follows,action_follows_target,rolls,stays still,The ball is on the table. Ali tilts the table. The ball BLANK.,d05d26f0-6cbd-53d4-9d77-d28d1cf299f4,base
A14W0AXTJ3R19V,1,1,target,1,action_follows,action_follows_target,moves,doesn't move,The ball is on top of the box. Ali pushes the box. The ball BLANK.,2dfebada-02ab-503a-9644-47cbdc67b70c,base
A16XDO6MW9ZKMI,1,1,target,1,action_follows,action_follows_target,moves,doesn't move,The ball is on top of the box. Ali pushes the box. The ball BLANK.,2dfebada-02ab-503a-9644-47cbdc67b70c,base
A1BGTK6S3VVX34,1,1,target,1,action_follows,action_follows_target,moves,doesn't move,The ball is on top of the box. Ali pushes the box. The ball BLANK.,2dfebada-02ab-503a-9644-47cbdc67b70c,base
A1GV0UZU0T2ORS,1,1,target,1,action_follows,action_follows_target,moves,doesn't move,The ball is on top of the box. Ali pushes the box. The ball BLANK.,2dfebada-02ab-503a-9644-47cbdc67b70c,base
A1P458P1C6JOXP,1,1,target,1,action_follows,action_follows_target,moves,doesn't move,The ball is on top of the box. Ali pushes the box. The ball BLANK.,2dfebada-02ab-503a-9644-47cbdc67b70c,base
A1PHDT66U6IK4Q,1,1,target,1,action_follows,action_follows_target,moves,doesn't move,The ball is on top of the box. Ali pushes the box. The ball BLANK.,2dfebada-02ab-503a-9644-47cbdc67b70c,base
A1SISJL5ST2PWH,1,1,target,1,action_follows,action_follows_target,moves,doesn't move,The ball is on top of the box. Ali pushes the box. The ball BLANK.,2dfebada-02ab-503a-9644-47cbdc67b70c,base
A1V3CI8BHA3265,1,1,target,1,action_follows,action_follows_target,moves,doesn't move,The ball is on top of the box. Ali pushes the box. The ball BLANK.,2dfebada-02ab-503a-9644-47cbdc67b70c,base
A1WR3WTEHJEY2D,1,1,target,1,action_follows,action_follows_target,moves,doesn't move,The ball is on top of the box. Ali pushes the box. The ball BLANK.,2dfebada-02ab-503a-9644-47cbdc67b70c,base
A1YR0204H9JTNK,1,1,target,1,action_follows,action_follows_target,moves,doesn't move,The ball is on top of the box. Ali pushes the box. The ball BLANK.,2dfebada-02ab-503a-9644-47cbdc67b70c,base
A24EYMUIGY8M5O,1,1,target,1,action_follows,action_follows_target,moves,doesn't move,The ball is on top of the box. Ali pushes the box. The ball BLANK.,2dfebada-02ab-503a-9644-47cbdc67b70c,base
A2HYYV0L5HT1IF,1,1,target,1,action_follows,action_follows_target,moves,doesn't move,The ball is on top of the box. Ali pushes the box. The ball BLANK.,2dfebada-02ab-503a-9644-47cbdc67b70c,base
A3FNC8ELMK8YJA,1,1,target,1,action_follows,action_follows_target,moves,doesn't move,The ball is on top of the box. Ali pushes the box. The ball BLANK.,2dfebada-02ab-503a-9644-47cbdc67b70c,base
A3LVLZS8S41ZD7,1,1,target,1,action_follows,action_follows_target,moves,doesn't move,The ball is on top of the box. Ali pushes the box. The ball BLANK.,2dfebada-02ab-503a-9644-47cbdc67b70c,base
A3NRAEKWOKVUNN,1,1,target,1,action_follows,action_follows_target,moves,doesn't move,The ball is on top of the box. Ali pushes the box. The ball BLANK.,2dfebada-02ab-503a-9644-47cbdc67b70c,base
A3PGS1Q1XAY79I,1,1,target,1,action_follows,action_follows_target,moves,doesn't move,The ball is on top of the box. Ali pushes the box. The ball BLANK.,2dfebada-02ab-503a-9644-47cbdc67b70c,base
A3QUAM5Y482D4U,1,1,target,1,action_follows,action_follows_target,moves,doesn't move,The ball is on top of the box. Ali pushes the box. The ball BLANK.,2dfebada-02ab-503a-9644-47cbdc67b70c,base
AN4TEA6EBEB2V,1,1,target,1,action_follows,action_follows_target,moves,doesn't move,The ball is on top of the box. Ali pushes the box. The ball BLANK.,2dfebada-02ab-503a-9644-47cbdc67b70c,base
AR1IWBDA7MC86,1,1,target,1,action_follows,action_follows_target,moves,doesn't move,The ball is on top of the box. Ali pushes the box. The ball BLANK.,2dfebada-02ab-503a-9644-47cbdc67b70c,base
AURYD2FH3FUOQ,1,1,target,1,action_follows,action_follows_target,moves,doesn't move,The ball is on top of the box. Ali pushes the box. The ball BLANK.,2dfebada-02ab-503a-9644-47cbdc67b70c,base
AZ69TBTDH7AZS,1,1,target,1,action_follows,action_follows_target,moves,doesn't move,The ball is on top of the box. Ali pushes the box. The ball BLANK.,2dfebada-02ab-503a-9644-47cbdc67b70c,base
A14W0AXTJ3R19V,1,1,target,1,action_follows,action_follows_target,falls off,stays on,The book is on the shelf. Ali bumps the shelf. The book BLANK the shelf.,97655222-8218-5430-b16f-9719673620c9,base
A16XDO6MW9ZKMI,1,1,target,1,action_follows,action_follows_target,falls off,stays on,The book is on the shelf. Ali bumps the shelf. The book BLANK the shelf.,97655222-8218-5430-b16f-9719673620c9,base
A1BGTK6S3VVX34,1,1,target,1,action_follows,action_follows_target,falls off,stays on,The book is on the shelf. Ali bumps the shelf. The book BLANK the shelf.,97655222-8218-5430-b16f-9719673620c9,base
A1GV0UZU0T2ORS,1,1,target,1,action_follows,action_follows_target,falls off,stays on,The book is on the shelf. Ali bumps the shelf. The book BLANK the shelf.,97655222-8218-5430-b16f-9719673620c9,base
A1P458P1C6JOXP,1,1,target,1,action_follows,action_follows_target,falls off,stays on,The book is on the shelf. Ali bumps the shelf. The book BLANK the shelf.,97655222-8218-5430-b16f-9719673620c9,base
A1PHDT66U6IK4Q,1,1,target,1,action_follows,action_follows_target,falls off,stays on,The book is on the shelf. Ali bumps the shelf. The book BLANK the shelf.,97655222-8218-5430-b16f-9719673620c9,base
A1SISJL5ST2PWH,1,1,target,1,action_follows,action_follows_target,falls off,stays on,The book is on the shelf. Ali bumps the shelf. The book BLANK the shelf.,97655222-8218-5430-b16f-9719673620c9,base
A1V3CI8BHA3265,1,1,target,1,action_follows,action_follows_target,falls off,stays on,The book is on the shelf. Ali bumps the shelf. The book BLANK the shelf.,97655222-8218-5430-b16f-9719673620c9,base
A1WR3WTEHJEY2D,1,1,target,1,action_follows,action_follows_target,falls off,stays on,The book is on the shelf. Ali bumps the shelf. The book BLANK the shelf.,97655222-8218-5430-b16f-9719673620c9,base
A1YR0204H9JTNK,1,1,target,1,action_follows,action_follows_target,falls off,stays on,The book is on the shelf. Ali bumps the shelf. The book BLANK the shelf.,97655222-8218-5430-b16f-9719673620c9,base
A24EYMUIGY8M5O,1,1,target,1,action_follows,action_follows_target,falls off,stays on,The book is on the shelf. Ali bumps the shelf. The book BLANK the shelf.,97655222-8218-5430-b16f-9719673620c9,base
A2HYYV0L5HT1IF,1,1,target,1,action_follows,action_follows_target,falls off,stays on,The book is on the shelf. Ali bumps the shelf. The book BLANK the shelf.,97655222-8218-5430-b16f-9719673620c9,base
A3FNC8ELMK8YJA,1,1,target,1,action_follows,action_follows_target,falls off,stays on,The book is on the shelf. Ali bumps the shelf. The book BLANK the shelf.,97655222-8218-5430-b16f-9719673620c9,base
A3LVLZS8S41ZD7,1,1,target,1,action_follows,action_follows_target,falls off,stays on,The book is on the shelf. Ali bumps the shelf. The book BLANK the shelf.,97655222-8218-5430-b16f-9719673620c9,base
A3NRAEKWOKVUNN,1,1,target,0,action_follows,action_follows_target,falls off,stays on,The book is on the shelf. Ali bumps the shelf. The book BLANK the shelf.,97655222-8218-5430-b16f-9719673620c9,base
A3PGS1Q1XAY79I,1,1,target,1,action_follows,action_follows_target,falls off,stays on,The book is on the shelf. Ali bumps the shelf. The book BLANK the shelf.,97655222-8218-5430-b16f-9719673620c9,base
A3QUAM5Y482D4U,1,1,target,1,action_follows,action_follows_target,falls off,stays on,The book is on the shelf. Ali bumps the shelf. The book BLANK the shelf.,97655222-8218-5430-b16f-9719673620c9,base
AN4TEA6EBEB2V,1,1,target,1,action_follows,action_follows_target,falls off,stays on,The book is on the shelf. Ali bumps the shelf. The book BLANK the shelf.,97655222-8218-5430-b16f-9719673620c9,base
AR1IWBDA7MC86,1,1,target,0,action_follows,action_follows_target,falls off,stays on,The book is on the shelf. Ali bumps the shelf. The book BLANK the shelf.,97655222-8218-5430-b16f-9719673620c9,base
AURYD2FH3FUOQ,1,1,target,1,action_follows,action_follows_target,falls off,stays on,The book is on the shelf. Ali bumps the shelf. The book BLANK the shelf.,97655222-8218-5430-b16f-9719673620c9,base
AZ69TBTDH7AZS,1,1,target,0,action_follows,action_follows_target,falls off,stays on,The book is on the shelf. Ali bumps the shelf. The book BLANK the shelf.,97655222-8218-5430-b16f-9719673620c9,base
A14W0AXTJ3R19V,1,1,target,0,action_nonfollows,action_nonfollows_target,doesn't move,moves,The book is under the table. Ali moves the table. The book BLANK.,5859e8ff-6125-598f-b093-8490c86f6e42,base
A16XDO6MW9ZKMI,1,1,target,0,action_nonfollows,action_nonfollows_target,doesn't move,moves,The book is under the table. Ali moves the table. The book BLANK.,5859e8ff-6125-598f-b093-8490c86f6e42,base
A1BGTK6S3VVX34,1,1,target,1,action_nonfollows,action_nonfollows_target,doesn't move,moves,The book is under the table. Ali moves the table. The book BLANK.,5859e8ff-6125-598f-b093-8490c86f6e42,base
A1GV0UZU0T2ORS,1,1,target,1,action_nonfollows,action_nonfollows_target,doesn't move,moves,The book is under the table. Ali moves the table. The book BLANK.,5859e8ff-6125-598f-b093-8490c86f6e42,base
A1P458P1C6JOXP,1,1,target,1,action_nonfollows,action_nonfollows_target,doesn't move,moves,The book is under the table. Ali moves the table. The book BLANK.,5859e8ff-6125-598f-b093-8490c86f6e42,base
A1PHDT66U6IK4Q,1,1,target,1,action_nonfollows,action_nonfollows_target,doesn't move,moves,The book is under the table. Ali moves the table. The book BLANK.,5859e8ff-6125-598f-b093-8490c86f6e42,base
A1SISJL5ST2PWH,1,1,target,1,action_nonfollows,action_nonfollows_target,doesn't move,moves,The book is under the table. Ali moves the table. The book BLANK.,5859e8ff-6125-598f-b093-8490c86f6e42,base
A1V3CI8BHA3265,1,1,target,1,action_nonfollows,action_nonfollows_target,doesn't move,moves,The book is under the table. Ali moves the table. The book BLANK.,5859e8ff-6125-598f-b093-8490c86f6e42,base
A1WR3WTEHJEY2D,1,1,target,1,action_nonfollows,action_nonfollows_target,doesn't move,moves,The book is under the table. Ali moves the table. The book BLANK.,5859e8ff-6125-598f-b093-8490c86f6e42,base
A1YR0204H9JTNK,1,1,target,1,action_nonfollows,action_nonfollows_target,doesn't move,moves,The book is under the table. Ali moves the table. The book BLANK.,5859e8ff-6125-598f-b093-8490c86f6e42,base
A24EYMUIGY8M5O,1,1,target,1,action_nonfollows,action_nonfollows_target,doesn't move,moves,The book is under the table. Ali moves the table. The book BLANK.,5859e8ff-6125-598f-b093-8490c86f6e42,base
A2HYYV0L5HT1IF,1,1,target,1,action_nonfollows,action_nonfollows_target,doesn't move,moves,The book is under the table. Ali moves the table. The book BLANK.,5859e8ff-6125-598f-b093-8490c86f6e42,base
A3FNC8ELMK8YJA,1,1,target,1,action_nonfollows,action_nonfollows_target,doesn't move,moves,The book is under the table. Ali moves the table. The book BLANK.,5859e8ff-6125-598f-b093-8490c86f6e42,base
A3LVLZS8S41ZD7,1,1,target,0,action_nonfollows,action_nonfollows_target,doesn't move,moves,The book is under the table. Ali moves the table. The book BLANK.,5859e8ff-6125-598f-b093-8490c86f6e42,base
A3NRAEKWOKVUNN,1,1,target,1,action_nonfollows,action_nonfollows_target,doesn't move,moves,The book is under the table. Ali moves the table. The book BLANK.,5859e8ff-6125-598f-b093-8490c86f6e42,base
A3PGS1Q1XAY79I,1,1,target,1,action_nonfollows,action_nonfollows_target,doesn't move,moves,The book is under the table. Ali moves the table. The book BLANK.,5859e8ff-6125-598f-b093-8490c86f6e42,base
A3QUAM5Y482D4U,1,1,target,0,action_nonfollows,action_nonfollows_target,doesn't move,moves,The book is under the table. Ali moves the table. The book BLANK.,5859e8ff-6125-598f-b093-8490c86f6e42,base
AN4TEA6EBEB2V,1,1,target,1,action_nonfollows,action_nonfollows_target,doesn't move,moves,The book is under the table. Ali moves the table. The book BLANK.,5859e8ff-6125-598f-b093-8490c86f6e42,base
AR1IWBDA7MC86,1,1,target,1,action_nonfollows,action_nonfollows_target,doesn't move,moves,The book is under the table. Ali moves the table. The book BLANK.,5859e8ff-6125-598f-b093-8490c86f6e42,base
AURYD2FH3FUOQ,1,1,target,0,action_nonfollows,action_nonfollows_target,doesn't move,moves,The book is under the table. Ali moves the table. The book BLANK.,5859e8ff-6125-598f-b093-8490c86f6e42,base
AZ69TBTDH7AZS,1,1,target,0,action_nonfollows,action_nonfollows_target,doesn't move,moves,The book is under the table. Ali moves the table. The book BLANK.,5859e8ff-6125-598f-b093-8490c86f6e42,base
A14W0AXTJ3R19V,1,1,target,0,action_nonfollows,action_nonfollows_target,close to,far from,The bowling ball is close to Ali. Ali throws the bowling ball. The bowling ball is BLANK Ali.,d7036c0b-8b82-5d23-a012-57ae1b59e7bc,base
A16XDO6MW9ZKMI,1,1,target,0,action_nonfollows,action_nonfollows_target,close to,far from,The bowling ball is close to Ali. Ali throws the bowling ball. The bowling ball is BLANK Ali.,d7036c0b-8b82-5d23-a012-57ae1b59e7bc,base
A1BGTK6S3VVX34,1,1,target,0,action_nonfollows,action_nonfollows_target,close to,far from,The bowling ball is close to Ali. Ali throws the bowling ball. The bowling ball is BLANK Ali.,d7036c0b-8b82-5d23-a012-57ae1b59e7bc,base
A1GV0UZU0T2ORS,1,1,target,0,action_nonfollows,action_nonfollows_target,close to,far from,The bowling ball is close to Ali. Ali throws the bowling ball. The bowling ball is BLANK Ali.,d7036c0b-8b82-5d23-a012-57ae1b59e7bc,base
A1P458P1C6JOXP,1,1,target,0,action_nonfollows,action_nonfollows_target,close to,far from,The bowling ball is close to Ali. Ali throws the bowling ball. The bowling ball is BLANK Ali.,d7036c0b-8b82-5d23-a012-57ae1b59e7bc,base
A1PHDT66U6IK4Q,1,1,target,0,action_nonfollows,action_nonfollows_target,close to,far from,The bowling ball is close to Ali. Ali throws the bowling ball. The bowling ball is BLANK Ali.,d7036c0b-8b82-5d23-a012-57ae1b59e7bc,base
A1SISJL5ST2PWH,1,1,target,0,action_nonfollows,action_nonfollows_target,close to,far from,The bowling ball is close to Ali. Ali throws the bowling ball. The bowling ball is BLANK Ali.,d7036c0b-8b82-5d23-a012-57ae1b59e7bc,base
A1V3CI8BHA3265,1,1,target,0,action_nonfollows,action_nonfollows_target,close to,far from,The bowling ball is close to Ali. Ali throws the bowling ball. The bowling ball is BLANK Ali.,d7036c0b-8b82-5d23-a012-57ae1b59e7bc,base
A1WR3WTEHJEY2D,1,1,target,0,action_nonfollows,action_nonfollows_target,close to,far from,The bowling ball is close to Ali. Ali throws the bowling ball. The bowling ball is BLANK Ali.,d7036c0b-8b82-5d23-a012-57ae1b59e7bc,base
A1YR0204H9JTNK,1,1,target,0,action_nonfollows,action_nonfollows_target,close to,far from,The bowling ball is close to Ali. Ali throws the bowling ball. The bowling ball is BLANK Ali.,d7036c0b-8b82-5d23-a012-57ae1b59e7bc,base
A24EYMUIGY8M5O,1,1,target,0,action_nonfollows,action_nonfollows_target,close to,far from,The bowling ball is close to Ali. Ali throws the bowling ball. The bowling ball is BLANK Ali.,d7036c0b-8b82-5d23-a012-57ae1b59e7bc,base
A2HYYV0L5HT1IF,1,1,target,0,action_nonfollows,action_nonfollows_target,close to,far from,The bowling ball is close to Ali. Ali throws the bowling ball. The bowling ball is BLANK Ali.,d7036c0b-8b82-5d23-a012-57ae1b59e7bc,base
A3FNC8ELMK8YJA,1,1,target,1,action_nonfollows,action_nonfollows_target,close to,far from,The bowling ball is close to Ali. Ali throws the bowling ball. The bowling ball is BLANK Ali.,d7036c0b-8b82-5d23-a012-57ae1b59e7bc,base
A3LVLZS8S41ZD7,1,1,target,0,action_nonfollows,action_nonfollows_target,close to,far from,The bowling ball is close to Ali. Ali throws the bowling ball. The bowling ball is BLANK Ali.,d7036c0b-8b82-5d23-a012-57ae1b59e7bc,base
A3NRAEKWOKVUNN,1,1,target,0,action_nonfollows,action_nonfollows_target,close to,far from,The bowling ball is close to Ali. Ali throws the bowling ball. The bowling ball is BLANK Ali.,d7036c0b-8b82-5d23-a012-57ae1b59e7bc,base
A3PGS1Q1XAY79I,1,1,target,0,action_nonfollows,action_nonfollows_target,close to,far from,The bowling ball is close to Ali. Ali throws the bowling ball. The bowling ball is BLANK Ali.,d7036c0b-8b82-5d23-a012-57ae1b59e7bc,base
A3QUAM5Y482D4U,1,1,target,0,action_nonfollows,action_nonfollows_target,close to,far from,The bowling ball is close to Ali. Ali throws the bowling ball. The bowling ball is BLANK Ali.,d7036c0b-8b82-5d23-a012-57ae1b59e7bc,base
AN4TEA6EBEB2V,1,1,target,0,action_nonfollows,action_nonfollows_target,close to,far from,The bowling ball is close to Ali. Ali throws the bowling ball. The bowling ball is BLANK Ali.,d7036c0b-8b82-5d23-a012-57ae1b59e7bc,base
AR1IWBDA7MC86,1,1,target,0,action_nonfollows,action_nonfollows_target,close to,far from,The bowling ball is close to Ali. Ali throws the bowling ball. The bowling ball is BLANK Ali.,d7036c0b-8b82-5d23-a012-57ae1b59e7bc,base
AURYD2FH3FUOQ,1,1,target,1,action_nonfollows,action_nonfollows_target,close to,far from,The bowling ball is close to Ali. Ali throws the bowling ball. The bowling ball is BLANK Ali.,d7036c0b-8b82-5d23-a012-57ae1b59e7bc,base
AZ69TBTDH7AZS,1,1,target,0,action_nonfollows,action_nonfollows_target,close to,far from,The bowling ball is close to Ali. Ali throws the bowling ball. The bowling ball is BLANK Ali.,d7036c0b-8b82-5d23-a012-57ae1b59e7bc,base
A14W0AXTJ3R19V,1,1,target,1,geocentric_near,geocentric_near_target,West of,East of,The box is West of Ali. Ali turns around. The box is BLANK Ali.,424089ec-6146-5b3f-bd32-9565a5513fe0,base
A16XDO6MW9ZKMI,1,1,target,0,geocentric_near,geocentric_near_target,West of,East of,The box is West of Ali. Ali turns around. The box is BLANK Ali.,424089ec-6146-5b3f-bd32-9565a5513fe0,base
A1BGTK6S3VVX34,1,1,target,1,geocentric_near,geocentric_near_target,West of,East of,The box is West of Ali. Ali turns around. The box is BLANK Ali.,424089ec-6146-5b3f-bd32-9565a5513fe0,base
A1GV0UZU0T2ORS,1,1,target,0,geocentric_near,geocentric_near_target,West of,East of,The box is West of Ali. Ali turns around. The box is BLANK Ali.,424089ec-6146-5b3f-bd32-9565a5513fe0,base
A1P458P1C6JOXP,1,1,target,0,geocentric_near,geocentric_near_target,West of,East of,The box is West of Ali. Ali turns around. The box is BLANK Ali.,424089ec-6146-5b3f-bd32-9565a5513fe0,base
A1PHDT66U6IK4Q,1,1,target,1,geocentric_near,geocentric_near_target,West of,East of,The box is West of Ali. Ali turns around. The box is BLANK Ali.,424089ec-6146-5b3f-bd32-9565a5513fe0,base
A1SISJL5ST2PWH,1,1,target,1,geocentric_near,geocentric_near_target,West of,East of,The box is West of Ali. Ali turns around. The box is BLANK Ali.,424089ec-6146-5b3f-bd32-9565a5513fe0,base
A1V3CI8BHA3265,1,1,target,1,geocentric_near,geocentric_near_target,West of,East of,The box is West of Ali. Ali turns around. The box is BLANK Ali.,424089ec-6146-5b3f-bd32-9565a5513fe0,base
A1WR3WTEHJEY2D,1,1,target,0,geocentric_near,geocentric_near_target,West of,East of,The box is West of Ali. Ali turns around. The box is BLANK Ali.,424089ec-6146-5b3f-bd32-9565a5513fe0,base
A1YR0204H9JTNK,1,1,target,0,geocentric_near,geocentric_near_target,West of,East of,The box is West of Ali. Ali turns around. The box is BLANK Ali.,424089ec-6146-5b3f-bd32-9565a5513fe0,base
A24EYMUIGY8M5O,1,1,target,0,geocentric_near,geocentric_near_target,West of,East of,The box is West of Ali. Ali turns around. The box is BLANK Ali.,424089ec-6146-5b3f-bd32-9565a5513fe0,base
A2HYYV0L5HT1IF,1,1,target,0,geocentric_near,geocentric_near_target,West of,East of,The box is West of Ali. Ali turns around. The box is BLANK Ali.,424089ec-6146-5b3f-bd32-9565a5513fe0,base
A3FNC8ELMK8YJA,1,1,target,0,geocentric_near,geocentric_near_target,West of,East of,The box is West of Ali. Ali turns around. The box is BLANK Ali.,424089ec-6146-5b3f-bd32-9565a5513fe0,base
A3LVLZS8S41ZD7,1,1,target,1,geocentric_near,geocentric_near_target,West of,East of,The box is West of Ali. Ali turns around. The box is BLANK Ali.,424089ec-6146-5b3f-bd32-9565a5513fe0,base
A3NRAEKWOKVUNN,1,1,target,0,geocentric_near,geocentric_near_target,West of,East of,The box is West of Ali. Ali turns around. The box is BLANK Ali.,424089ec-6146-5b3f-bd32-9565a5513fe0,base
A3PGS1Q1XAY79I,1,1,target,1,geocentric_near,geocentric_near_target,West of,East of,The box is West of Ali. Ali turns around. The box is BLANK Ali.,424089ec-6146-5b3f-bd32-9565a5513fe0,base
A3QUAM5Y482D4U,1,1,target,1,geocentric_near,geocentric_near_target,West of,East of,The box is West of Ali. Ali turns around. The box is BLANK Ali.,424089ec-6146-5b3f-bd32-9565a5513fe0,base
AN4TEA6EBEB2V,1,1,target,1,geocentric_near,geocentric_near_target,West of,East of,The box is West of Ali. Ali turns around. The box is BLANK Ali.,424089ec-6146-5b3f-bd32-9565a5513fe0,base
AR1IWBDA7MC86,1,1,target,0,geocentric_near,geocentric_near_target,West of,East of,The box is West of Ali. Ali turns around. The box is BLANK Ali.,424089ec-6146-5b3f-bd32-9565a5513fe0,base
AURYD2FH3FUOQ,1,1,target,1,geocentric_near,geocentric_near_target,West of,East of,The box is West of Ali. Ali turns around. The box is BLANK Ali.,424089ec-6146-5b3f-bd32-9565a5513fe0,base
AZ69TBTDH7AZS,1,1,target,0,geocentric_near,geocentric_near_target,West of,East of,The box is West of Ali. Ali turns around. The box is BLANK Ali.,424089ec-6146-5b3f-bd32-9565a5513fe0,base
A14W0AXTJ3R19V,1,1,target,1,action_nonfollows,action_nonfollows_target,below,above,The box is below the bridge. Ali goes over the bridge. The box is BLANK the bridge.,578799ee-3b11-5e9d-8026-f74f4e8fce4c,base
A16XDO6MW9ZKMI,1,1,target,1,action_nonfollows,action_nonfollows_target,below,above,The box is below the bridge. Ali goes over the bridge. The box is BLANK the bridge.,578799ee-3b11-5e9d-8026-f74f4e8fce4c,base
A1BGTK6S3VVX34,1,1,target,0,action_nonfollows,action_nonfollows_target,below,above,The box is below the bridge. Ali goes over the bridge. The box is BLANK the bridge.,578799ee-3b11-5e9d-8026-f74f4e8fce4c,base
A1GV0UZU0T2ORS,1,1,target,1,action_nonfollows,action_nonfollows_target,below,above,The box is below the bridge. Ali goes over the bridge. The box is BLANK the bridge.,578799ee-3b11-5e9d-8026-f74f4e8fce4c,base
A1P458P1C6JOXP,1,1,target,1,action_nonfollows,action_nonfollows_target,below,above,The box is below the bridge. Ali goes over the bridge. The box is BLANK the bridge.,578799ee-3b11-5e9d-8026-f74f4e8fce4c,base
A1PHDT66U6IK4Q,1,1,target,1,action_nonfollows,action_nonfollows_target,below,above,The box is below the bridge. Ali goes over the bridge. The box is BLANK the bridge.,578799ee-3b11-5e9d-8026-f74f4e8fce4c,base
A1SISJL5ST2PWH,1,1,target,1,action_nonfollows,action_nonfollows_target,below,above,The box is below the bridge. Ali goes over the bridge. The box is BLANK the bridge.,578799ee-3b11-5e9d-8026-f74f4e8fce4c,base
A1V3CI8BHA3265,1,1,target,1,action_nonfollows,action_nonfollows_target,below,above,The box is below the bridge. Ali goes over the bridge. The box is BLANK the bridge.,578799ee-3b11-5e9d-8026-f74f4e8fce4c,base
A1WR3WTEHJEY2D,1,1,target,1,action_nonfollows,action_nonfollows_target,below,above,The box is below the bridge. Ali goes over the bridge. The box is BLANK the bridge.,578799ee-3b11-5e9d-8026-f74f4e8fce4c,base
A1YR0204H9JTNK,1,1,target,1,action_nonfollows,action_nonfollows_target,below,above,The box is below the bridge. Ali goes over the bridge. The box is BLANK the bridge.,578799ee-3b11-5e9d-8026-f74f4e8fce4c,base
A24EYMUIGY8M5O,1,1,target,1,action_nonfollows,action_nonfollows_target,below,above,The box is below the bridge. Ali goes over the bridge. The box is BLANK the bridge.,578799ee-3b11-5e9d-8026-f74f4e8fce4c,base
A2HYYV0L5HT1IF,1,1,target,1,action_nonfollows,action_nonfollows_target,below,above,The box is below the bridge. Ali goes over the bridge. The box is BLANK the bridge.,578799ee-3b11-5e9d-8026-f74f4e8fce4c,base
A3FNC8ELMK8YJA,1,1,target,1,action_nonfollows,action_nonfollows_target,below,above,The box is below the bridge. Ali goes over the bridge. The box is BLANK the bridge.,578799ee-3b11-5e9d-8026-f74f4e8fce4c,base
A3LVLZS8S41ZD7,1,1,target,0,action_nonfollows,action_nonfollows_target,below,above,The box is below the bridge. Ali goes over the bridge. The box is BLANK the bridge.,578799ee-3b11-5e9d-8026-f74f4e8fce4c,base
A3NRAEKWOKVUNN,1,1,target,1,action_nonfollows,action_nonfollows_target,below,above,The box is below the bridge. Ali goes over the bridge. The box is BLANK the bridge.,578799ee-3b11-5e9d-8026-f74f4e8fce4c,base
A3PGS1Q1XAY79I,1,1,target,1,action_nonfollows,action_nonfollows_target,below,above,The box is below the bridge. Ali goes over the bridge. The box is BLANK the bridge.,578799ee-3b11-5e9d-8026-f74f4e8fce4c,base
A3QUAM5Y482D4U,1,1,target,1,action_nonfollows,action_nonfollows_target,below,above,The box is below the bridge. Ali goes over the bridge. The box is BLANK the bridge.,578799ee-3b11-5e9d-8026-f74f4e8fce4c,base
AN4TEA6EBEB2V,1,1,target,1,action_nonfollows,action_nonfollows_target,below,above,The box is below the bridge. Ali goes over the bridge. The box is BLANK the bridge.,578799ee-3b11-5e9d-8026-f74f4e8fce4c,base
AR1IWBDA7MC86,1,1,target,1,action_nonfollows,action_nonfollows_target,below,above,The box is below the bridge. Ali goes over the bridge. The box is BLANK the bridge.,578799ee-3b11-5e9d-8026-f74f4e8fce4c,base
AURYD2FH3FUOQ,1,1,target,1,action_nonfollows,action_nonfollows_target,below,above,The box is below the bridge. Ali goes over the bridge. The box is BLANK the bridge.,578799ee-3b11-5e9d-8026-f74f4e8fce4c,base
AZ69TBTDH7AZS,1,1,target,1,action_nonfollows,action_nonfollows_target,below,above,The box is below the bridge. Ali goes over the bridge. The box is BLANK the bridge.,578799ee-3b11-5e9d-8026-f74f4e8fce4c,base
A14W0AXTJ3R19V,1,1,target,1,action_nonfollows,action_nonfollows_target,close to,far from,The box is close to Ali. Ali throws the ball. The box is BLANK Ali.,27bc3da0-29e8-5aff-8cdc-aebfdecd2412,base
A16XDO6MW9ZKMI,1,1,target,0,action_nonfollows,action_nonfollows_target,close to,far from,The box is close to Ali. Ali throws the ball. The box is BLANK Ali.,27bc3da0-29e8-5aff-8cdc-aebfdecd2412,base
A1BGTK6S3VVX34,1,1,target,0,action_nonfollows,action_nonfollows_target,close to,far from,The box is close to Ali. Ali throws the ball. The box is BLANK Ali.,27bc3da0-29e8-5aff-8cdc-aebfdecd2412,base
A1GV0UZU0T2ORS,1,1,target,1,action_nonfollows,action_nonfollows_target,close to,far from,The box is close to Ali. Ali throws the ball. The box is BLANK Ali.,27bc3da0-29e8-5aff-8cdc-aebfdecd2412,base
A1P458P1C6JOXP,1,1,target,1,action_nonfollows,action_nonfollows_target,close to,far from,The box is close to Ali. Ali throws the ball. The box is BLANK Ali.,27bc3da0-29e8-5aff-8cdc-aebfdecd2412,base
A1PHDT66U6IK4Q,1,1,target,0,action_nonfollows,action_nonfollows_target,close to,far from,The box is close to Ali. Ali throws the ball. The box is BLANK Ali.,27bc3da0-29e8-5aff-8cdc-aebfdecd2412,base
A1SISJL5ST2PWH,1,1,target,1,action_nonfollows,action_nonfollows_target,close to,far from,The box is close to Ali. Ali throws the ball. The box is BLANK Ali.,27bc3da0-29e8-5aff-8cdc-aebfdecd2412,base
A1V3CI8BHA3265,1,1,target,1,action_nonfollows,action_nonfollows_target,close to,far from,The box is close to Ali. Ali throws the ball. The box is BLANK Ali.,27bc3da0-29e8-5aff-8cdc-aebfdecd2412,base
A1WR3WTEHJEY2D,1,1,target,1,action_nonfollows,action_nonfollows_target,close to,far from,The box is close to Ali. Ali throws the ball. The box is BLANK Ali.,27bc3da0-29e8-5aff-8cdc-aebfdecd2412,base
A1YR0204H9JTNK,1,1,target,1,action_nonfollows,action_nonfollows_target,close to,far from,The box is close to Ali. Ali throws the ball. The box is BLANK Ali.,27bc3da0-29e8-5aff-8cdc-aebfdecd2412,base
A24EYMUIGY8M5O,1,1,target,1,action_nonfollows,action_nonfollows_target,close to,far from,The box is close to Ali. Ali throws the ball. The box is BLANK Ali.,27bc3da0-29e8-5aff-8cdc-aebfdecd2412,base
A2HYYV0L5HT1IF,1,1,target,1,action_nonfollows,action_nonfollows_target,close to,far from,The box is close to Ali. Ali throws the ball. The box is BLANK Ali.,27bc3da0-29e8-5aff-8cdc-aebfdecd2412,base
A3FNC8ELMK8YJA,1,1,target,1,action_nonfollows,action_nonfollows_target,close to,far from,The box is close to Ali. Ali throws the ball. The box is BLANK Ali.,27bc3da0-29e8-5aff-8cdc-aebfdecd2412,base
A3LVLZS8S41ZD7,1,1,target,0,action_nonfollows,action_nonfollows_target,close to,far from,The box is close to Ali. Ali throws the ball. The box is BLANK Ali.,27bc3da0-29e8-5aff-8cdc-aebfdecd2412,base
A3NRAEKWOKVUNN,1,1,target,1,action_nonfollows,action_nonfollows_target,close to,far from,The box is close to Ali. Ali throws the ball. The box is BLANK Ali.,27bc3da0-29e8-5aff-8cdc-aebfdecd2412,base
A3PGS1Q1XAY79I,1,1,target,1,action_nonfollows,action_nonfollows_target,close to,far from,The box is close to Ali. Ali throws the ball. The box is BLANK Ali.,27bc3da0-29e8-5aff-8cdc-aebfdecd2412,base
A3QUAM5Y482D4U,1,1,target,0,action_nonfollows,action_nonfollows_target,close to,far from,The box is close to Ali. Ali throws the ball. The box is BLANK Ali.,27bc3da0-29e8-5aff-8cdc-aebfdecd2412,base
AN4TEA6EBEB2V,1,1,target,1,action_nonfollows,action_nonfollows_target,close to,far from,The box is close to Ali. Ali throws the ball. The box is BLANK Ali.,27bc3da0-29e8-5aff-8cdc-aebfdecd2412,base
AR1IWBDA7MC86,1,1,target,0,action_nonfollows,action_nonfollows_target,close to,far from,The box is close to Ali. Ali throws the ball. The box is BLANK Ali.,27bc3da0-29e8-5aff-8cdc-aebfdecd2412,base
AURYD2FH3FUOQ,1,1,target,1,action_nonfollows,action_nonfollows_target,close to,far from,The box is close to Ali. Ali throws the ball. The box is BLANK Ali.,27bc3da0-29e8-5aff-8cdc-aebfdecd2412,base
AZ69TBTDH7AZS,1,1,target,0,action_nonfollows,action_nonfollows_target,close to,far from,The box is close to Ali. Ali throws the ball. The box is BLANK Ali.,27bc3da0-29e8-5aff-8cdc-aebfdecd2412,base
A14W0AXTJ3R19V,1,1,target,1,relative_pos,relative_pos_target,touching,not touching,The box is in front of the ball. Ali pushes the box into the ball. The ball is BLANK the box.,c19018a2-a128-5e3f-a208-df11ef8b3457,base
A16XDO6MW9ZKMI,1,1,target,1,relative_pos,relative_pos_target,touching,not touching,The box is in front of the ball. Ali pushes the box into the ball. The ball is BLANK the box.,c19018a2-a128-5e3f-a208-df11ef8b3457,base
A1BGTK6S3VVX34,1,1,target,1,relative_pos,relative_pos_target,touching,not touching,The box is in front of the ball. Ali pushes the box into the ball. The ball is BLANK the box.,c19018a2-a128-5e3f-a208-df11ef8b3457,base
A1GV0UZU0T2ORS,1,1,target,1,relative_pos,relative_pos_target,touching,not touching,The box is in front of the ball. Ali pushes the box into the ball. The ball is BLANK the box.,c19018a2-a128-5e3f-a208-df11ef8b3457,base
A1P458P1C6JOXP,1,1,target,1,relative_pos,relative_pos_target,touching,not touching,The box is in front of the ball. Ali pushes the box into the ball. The ball is BLANK the box.,c19018a2-a128-5e3f-a208-df11ef8b3457,base
A1PHDT66U6IK4Q,1,1,target,1,relative_pos,relative_pos_target,touching,not touching,The box is in front of the ball. Ali pushes the box into the ball. The ball is BLANK the box.,c19018a2-a128-5e3f-a208-df11ef8b3457,base
A1SISJL5ST2PWH,1,1,target,1,relative_pos,relative_pos_target,touching,not touching,The box is in front of the ball. Ali pushes the box into the ball. The ball is BLANK the box.,c19018a2-a128-5e3f-a208-df11ef8b3457,base
A1V3CI8BHA3265,1,1,target,1,relative_pos,relative_pos_target,touching,not touching,The box is in front of the ball. Ali pushes the box into the ball. The ball is BLANK the box.,c19018a2-a128-5e3f-a208-df11ef8b3457,base
A1WR3WTEHJEY2D,1,1,target,1,relative_pos,relative_pos_target,touching,not touching,The box is in front of the ball. Ali pushes the box into the ball. The ball is BLANK the box.,c19018a2-a128-5e3f-a208-df11ef8b3457,base
A1YR0204H9JTNK,1,1,target,1,relative_pos,relative_pos_target,touching,not touching,The box is in front of the ball. Ali pushes the box into the ball. The ball is BLANK the box.,c19018a2-a128-5e3f-a208-df11ef8b3457,base
A24EYMUIGY8M5O,1,1,target,1,relative_pos,relative_pos_target,touching,not touching,The box is in front of the ball. Ali pushes the box into the ball. The ball is BLANK the box.,c19018a2-a128-5e3f-a208-df11ef8b3457,base
A2HYYV0L5HT1IF,1,1,target,1,relative_pos,relative_pos_target,touching,not touching,The box is in front of the ball. Ali pushes the box into the ball. The ball is BLANK the box.,c19018a2-a128-5e3f-a208-df11ef8b3457,base
A3FNC8ELMK8YJA,1,1,target,1,relative_pos,relative_pos_target,touching,not touching,The box is in front of the ball. Ali pushes the box into the ball. The ball is BLANK the box.,c19018a2-a128-5e3f-a208-df11ef8b3457,base
A3LVLZS8S41ZD7,1,1,target,1,relative_pos,relative_pos_target,touching,not touching,The box is in front of the ball. Ali pushes the box into the ball. The ball is BLANK the box.,c19018a2-a128-5e3f-a208-df11ef8b3457,base
A3NRAEKWOKVUNN,1,1,target,1,relative_pos,relative_pos_target,touching,not touching,The box is in front of the ball. Ali pushes the box into the ball. The ball is BLANK the box.,c19018a2-a128-5e3f-a208-df11ef8b3457,base
A3PGS1Q1XAY79I,1,1,target,1,relative_pos,relative_pos_target,touching,not touching,The box is in front of the ball. Ali pushes the box into the ball. The ball is BLANK the box.,c19018a2-a128-5e3f-a208-df11ef8b3457,base
A3QUAM5Y482D4U,1,1,target,1,relative_pos,relative_pos_target,touching,not touching,The box is in front of the ball. Ali pushes the box into the ball. The ball is BLANK the box.,c19018a2-a128-5e3f-a208-df11ef8b3457,base
AN4TEA6EBEB2V,1,1,target,1,relative_pos,relative_pos_target,touching,not touching,The box is in front of the ball. Ali pushes the box into the ball. The ball is BLANK the box.,c19018a2-a128-5e3f-a208-df11ef8b3457,base
AR1IWBDA7MC86,1,1,target,1,relative_pos,relative_pos_target,touching,not touching,The box is in front of the ball. Ali pushes the box into the ball. The ball is BLANK the box.,c19018a2-a128-5e3f-a208-df11ef8b3457,base
AURYD2FH3FUOQ,1,1,target,1,relative_pos,relative_pos_target,touching,not touching,The box is in front of the ball. Ali pushes the box into the ball. The ball is BLANK the box.,c19018a2-a128-5e3f-a208-df11ef8b3457,base
AZ69TBTDH7AZS,1,1,target,1,relative_pos,relative_pos_target,touching,not touching,The box is in front of the ball. Ali pushes the box into the ball. The ball is BLANK the box.,c19018a2-a128-5e3f-a208-df11ef8b3457,base
A14W0AXTJ3R19V,1,1,target,1,relative_pos,relative_pos_target,above,below,The box is next to the desk. Ali stacks the box on the desk. The box is BLANK the desk.,41953893-82b1-5f95-bfe5-97972ea666ec,base
A16XDO6MW9ZKMI,1,1,target,1,relative_pos,relative_pos_target,above,below,The box is next to the desk. Ali stacks the box on the desk. The box is BLANK the desk.,41953893-82b1-5f95-bfe5-97972ea666ec,base
A1BGTK6S3VVX34,1,1,target,1,relative_pos,relative_pos_target,above,below,The box is next to the desk. Ali stacks the box on the desk. The box is BLANK the desk.,41953893-82b1-5f95-bfe5-97972ea666ec,base
A1GV0UZU0T2ORS,1,1,target,1,relative_pos,relative_pos_target,above,below,The box is next to the desk. Ali stacks the box on the desk. The box is BLANK the desk.,41953893-82b1-5f95-bfe5-97972ea666ec,base
A1P458P1C6JOXP,1,1,target,1,relative_pos,relative_pos_target,above,below,The box is next to the desk. Ali stacks the box on the desk. The box is BLANK the desk.,41953893-82b1-5f95-bfe5-97972ea666ec,base
A1PHDT66U6IK4Q,1,1,target,1,relative_pos,relative_pos_target,above,below,The box is next to the desk. Ali stacks the box on the desk. The box is BLANK the desk.,41953893-82b1-5f95-bfe5-97972ea666ec,base
A1SISJL5ST2PWH,1,1,target,1,relative_pos,relative_pos_target,above,below,The box is next to the desk. Ali stacks the box on the desk. The box is BLANK the desk.,41953893-82b1-5f95-bfe5-97972ea666ec,base
A1V3CI8BHA3265,1,1,target,1,relative_pos,relative_pos_target,above,below,The box is next to the desk. Ali stacks the box on the desk. The box is BLANK the desk.,41953893-82b1-5f95-bfe5-97972ea666ec,base
A1WR3WTEHJEY2D,1,1,target,1,relative_pos,relative_pos_target,above,below,The box is next to the desk. Ali stacks the box on the desk. The box is BLANK the desk.,41953893-82b1-5f95-bfe5-97972ea666ec,base
A1YR0204H9JTNK,1,1,target,1,relative_pos,relative_pos_target,above,below,The box is next to the desk. Ali stacks the box on the desk. The box is BLANK the desk.,41953893-82b1-5f95-bfe5-97972ea666ec,base
A24EYMUIGY8M5O,1,1,target,1,relative_pos,relative_pos_target,above,below,The box is next to the desk. Ali stacks the box on the desk. The box is BLANK the desk.,41953893-82b1-5f95-bfe5-97972ea666ec,base
A2HYYV0L5HT1IF,1,1,target,1,relative_pos,relative_pos_target,above,below,The box is next to the desk. Ali stacks the box on the desk. The box is BLANK the desk.,41953893-82b1-5f95-bfe5-97972ea666ec,base
A3FNC8ELMK8YJA,1,1,target,1,relative_pos,relative_pos_target,above,below,The box is next to the desk. Ali stacks the box on the desk. The box is BLANK the desk.,41953893-82b1-5f95-bfe5-97972ea666ec,base
A3LVLZS8S41ZD7,1,1,target,1,relative_pos,relative_pos_target,above,below,The box is next to the desk. Ali stacks the box on the desk. The box is BLANK the desk.,41953893-82b1-5f95-bfe5-97972ea666ec,base
A3NRAEKWOKVUNN,1,1,target,1,relative_pos,relative_pos_target,above,below,The box is next to the desk. Ali stacks the box on the desk. The box is BLANK the desk.,41953893-82b1-5f95-bfe5-97972ea666ec,base
A3PGS1Q1XAY79I,1,1,target,1,relative_pos,relative_pos_target,above,below,The box is next to the desk. Ali stacks the box on the desk. The box is BLANK the desk.,41953893-82b1-5f95-bfe5-97972ea666ec,base
A3QUAM5Y482D4U,1,1,target,1,relative_pos,relative_pos_target,above,below,The box is next to the desk. Ali stacks the box on the desk. The box is BLANK the desk.,41953893-82b1-5f95-bfe5-97972ea666ec,base
AN4TEA6EBEB2V,1,1,target,1,relative_pos,relative_pos_target,above,below,The box is next to the desk. Ali stacks the box on the desk. The box is BLANK the desk.,41953893-82b1-5f95-bfe5-97972ea666ec,base
AR1IWBDA7MC86,1,1,target,1,relative_pos,relative_pos_target,above,below,The box is next to the desk. Ali stacks the box on the desk. The box is BLANK the desk.,41953893-82b1-5f95-bfe5-97972ea666ec,base
AURYD2FH3FUOQ,1,1,target,1,relative_pos,relative_pos_target,above,below,The box is next to the desk. Ali stacks the box on the desk. The box is BLANK the desk.,41953893-82b1-5f95-bfe5-97972ea666ec,base
AZ69TBTDH7AZS,1,1,target,1,relative_pos,relative_pos_target,above,below,The box is next to the desk. Ali stacks the box on the desk. The box is BLANK the desk.,41953893-82b1-5f95-bfe5-97972ea666ec,base
A14W0AXTJ3R19V,1,1,target,1,state_nonfollows,state_nonfollows_target,dry,wet,The empty glass is on the table. Ali knocks the glass over. The table is BLANK.,03be173e-02aa-5a79-968a-ce8ea00117d3,base
A16XDO6MW9ZKMI,1,1,target,0,state_nonfollows,state_nonfollows_target,dry,wet,The empty glass is on the table. Ali knocks the glass over. The table is BLANK.,03be173e-02aa-5a79-968a-ce8ea00117d3,base
A1BGTK6S3VVX34,1,1,target,1,state_nonfollows,state_nonfollows_target,dry,wet,The empty glass is on the table. Ali knocks the glass over. The table is BLANK.,03be173e-02aa-5a79-968a-ce8ea00117d3,base
A1GV0UZU0T2ORS,1,1,target,1,state_nonfollows,state_nonfollows_target,dry,wet,The empty glass is on the table. Ali knocks the glass over. The table is BLANK.,03be173e-02aa-5a79-968a-ce8ea00117d3,base
A1P458P1C6JOXP,1,1,target,0,state_nonfollows,state_nonfollows_target,dry,wet,The empty glass is on the table. Ali knocks the glass over. The table is BLANK.,03be173e-02aa-5a79-968a-ce8ea00117d3,base
A1PHDT66U6IK4Q,1,1,target,1,state_nonfollows,state_nonfollows_target,dry,wet,The empty glass is on the table. Ali knocks the glass over. The table is BLANK.,03be173e-02aa-5a79-968a-ce8ea00117d3,base
A1SISJL5ST2PWH,1,1,target,1,state_nonfollows,state_nonfollows_target,dry,wet,The empty glass is on the table. Ali knocks the glass over. The table is BLANK.,03be173e-02aa-5a79-968a-ce8ea00117d3,base
A1V3CI8BHA3265,1,1,target,1,state_nonfollows,state_nonfollows_target,dry,wet,The empty glass is on the table. Ali knocks the glass over. The table is BLANK.,03be173e-02aa-5a79-968a-ce8ea00117d3,base
A1WR3WTEHJEY2D,1,1,target,0,state_nonfollows,state_nonfollows_target,dry,wet,The empty glass is on the table. Ali knocks the glass over. The table is BLANK.,03be173e-02aa-5a79-968a-ce8ea00117d3,base
A1YR0204H9JTNK,1,1,target,0,state_nonfollows,state_nonfollows_target,dry,wet,The empty glass is on the table. Ali knocks the glass over. The table is BLANK.,03be173e-02aa-5a79-968a-ce8ea00117d3,base
A24EYMUIGY8M5O,1,1,target,1,state_nonfollows,state_nonfollows_target,dry,wet,The empty glass is on the table. Ali knocks the glass over. The table is BLANK.,03be173e-02aa-5a79-968a-ce8ea00117d3,base
A2HYYV0L5HT1IF,1,1,target,1,state_nonfollows,state_nonfollows_target,dry,wet,The empty glass is on the table. Ali knocks the glass over. The table is BLANK.,03be173e-02aa-5a79-968a-ce8ea00117d3,base
A3FNC8ELMK8YJA,1,1,target,0,state_nonfollows,state_nonfollows_target,dry,wet,The empty glass is on the table. Ali knocks the glass over. The table is BLANK.,03be173e-02aa-5a79-968a-ce8ea00117d3,base
A3LVLZS8S41ZD7,1,1,target,0,state_nonfollows,state_nonfollows_target,dry,wet,The empty glass is on the table. Ali knocks the glass over. The table is BLANK.,03be173e-02aa-5a79-968a-ce8ea00117d3,base
A3NRAEKWOKVUNN,1,1,target,0,state_nonfollows,state_nonfollows_target,dry,wet,The empty glass is on the table. Ali knocks the glass over. The table is BLANK.,03be173e-02aa-5a79-968a-ce8ea00117d3,base
A3PGS1Q1XAY79I,1,1,target,1,state_nonfollows,state_nonfollows_target,dry,wet,The empty glass is on the table. Ali knocks the glass over. The table is BLANK.,03be173e-02aa-5a79-968a-ce8ea00117d3,base
A3QUAM5Y482D4U,1,1,target,1,state_nonfollows,state_nonfollows_target,dry,wet,The empty glass is on the table. Ali knocks the glass over. The table is BLANK.,03be173e-02aa-5a79-968a-ce8ea00117d3,base
AN4TEA6EBEB2V,1,1,target,1,state_nonfollows,state_nonfollows_target,dry,wet,The empty glass is on the table. Ali knocks the glass over. The table is BLANK.,03be173e-02aa-5a79-968a-ce8ea00117d3,base
AR1IWBDA7MC86,1,1,target,1,state_nonfollows,state_nonfollows_target,dry,wet,The empty glass is on the table. Ali knocks the glass over. The table is BLANK.,03be173e-02aa-5a79-968a-ce8ea00117d3,base
AURYD2FH3FUOQ,1,1,target,0,state_nonfollows,state_nonfollows_target,dry,wet,The empty glass is on the table. Ali knocks the glass over. The table is BLANK.,03be173e-02aa-5a79-968a-ce8ea00117d3,base
AZ69TBTDH7AZS,1,1,target,1,state_nonfollows,state_nonfollows_target,dry,wet,The empty glass is on the table. Ali knocks the glass over. The table is BLANK.,03be173e-02aa-5a79-968a-ce8ea00117d3,base
A14W0AXTJ3R19V,1,1,target,1,state_follows,state_follows_target,wet,dry,The glass is on the table. Ali overfills the glass. The table is BLANK.,b488b842-a9fa-5135-9bc3-b9fbf921d8fa,base
A16XDO6MW9ZKMI,1,1,target,1,state_follows,state_follows_target,wet,dry,The glass is on the table. Ali overfills the glass. The table is BLANK.,b488b842-a9fa-5135-9bc3-b9fbf921d8fa,base
A1BGTK6S3VVX34,1,1,target,1,state_follows,state_follows_target,wet,dry,The glass is on the table. Ali overfills the glass. The table is BLANK.,b488b842-a9fa-5135-9bc3-b9fbf921d8fa,base
A1GV0UZU0T2ORS,1,1,target,1,state_follows,state_follows_target,wet,dry,The glass is on the table. Ali overfills the glass. The table is BLANK.,b488b842-a9fa-5135-9bc3-b9fbf921d8fa,base
A1P458P1C6JOXP,1,1,target,1,state_follows,state_follows_target,wet,dry,The glass is on the table. Ali overfills the glass. The table is BLANK.,b488b842-a9fa-5135-9bc3-b9fbf921d8fa,base
A1PHDT66U6IK4Q,1,1,target,1,state_follows,state_follows_target,wet,dry,The glass is on the table. Ali overfills the glass. The table is BLANK.,b488b842-a9fa-5135-9bc3-b9fbf921d8fa,base
A1SISJL5ST2PWH,1,1,target,1,state_follows,state_follows_target,wet,dry,The glass is on the table. Ali overfills the glass. The table is BLANK.,b488b842-a9fa-5135-9bc3-b9fbf921d8fa,base
A1V3CI8BHA3265,1,1,target,1,state_follows,state_follows_target,wet,dry,The glass is on the table. Ali overfills the glass. The table is BLANK.,b488b842-a9fa-5135-9bc3-b9fbf921d8fa,base
A1WR3WTEHJEY2D,1,1,target,1,state_follows,state_follows_target,wet,dry,The glass is on the table. Ali overfills the glass. The table is BLANK.,b488b842-a9fa-5135-9bc3-b9fbf921d8fa,base
A1YR0204H9JTNK,1,1,target,1,state_follows,state_follows_target,wet,dry,The glass is on the table. Ali overfills the glass. The table is BLANK.,b488b842-a9fa-5135-9bc3-b9fbf921d8fa,base
A24EYMUIGY8M5O,1,1,target,1,state_follows,state_follows_target,wet,dry,The glass is on the table. Ali overfills the glass. The table is BLANK.,b488b842-a9fa-5135-9bc3-b9fbf921d8fa,base
A2HYYV0L5HT1IF,1,1,target,1,state_follows,state_follows_target,wet,dry,The glass is on the table. Ali overfills the glass. The table is BLANK.,b488b842-a9fa-5135-9bc3-b9fbf921d8fa,base
A3FNC8ELMK8YJA,1,1,target,1,state_follows,state_follows_target,wet,dry,The glass is on the table. Ali overfills the glass. The table is BLANK.,b488b842-a9fa-5135-9bc3-b9fbf921d8fa,base
A3LVLZS8S41ZD7,1,1,target,1,state_follows,state_follows_target,wet,dry,The glass is on the table. Ali overfills the glass. The table is BLANK.,b488b842-a9fa-5135-9bc3-b9fbf921d8fa,base
A3NRAEKWOKVUNN,1,1,target,1,state_follows,state_follows_target,wet,dry,The glass is on the table. Ali overfills the glass. The table is BLANK.,b488b842-a9fa-5135-9bc3-b9fbf921d8fa,base
A3PGS1Q1XAY79I,1,1,target,1,state_follows,state_follows_target,wet,dry,The glass is on the table. Ali overfills the glass. The table is BLANK.,b488b842-a9fa-5135-9bc3-b9fbf921d8fa,base
A3QUAM5Y482D4U,1,1,target,1,state_follows,state_follows_target,wet,dry,The glass is on the table. Ali overfills the glass. The table is BLANK.,b488b842-a9fa-5135-9bc3-b9fbf921d8fa,base
AN4TEA6EBEB2V,1,1,target,1,state_follows,state_follows_target,wet,dry,The glass is on the table. Ali overfills the glass. The table is BLANK.,b488b842-a9fa-5135-9bc3-b9fbf921d8fa,base
AR1IWBDA7MC86,1,1,target,1,state_follows,state_follows_target,wet,dry,The glass is on the table. Ali overfills the glass. The table is BLANK.,b488b842-a9fa-5135-9bc3-b9fbf921d8fa,base
AURYD2FH3FUOQ,1,1,target,1,state_follows,state_follows_target,wet,dry,The glass is on the table. Ali overfills the glass. The table is BLANK.,b488b842-a9fa-5135-9bc3-b9fbf921d8fa,base
AZ69TBTDH7AZS,1,1,target,1,state_follows,state_follows_target,wet,dry,The glass is on the table. Ali overfills the glass. The table is BLANK.,b488b842-a9fa-5135-9bc3-b9fbf921d8fa,base
A14W0AXTJ3R19V,1,1,target,1,state_nonfollows,state_nonfollows_target,doesn't melt,melts,The ice cube and the banana are in the fridge. Ali takes the banana out of the fridge. The ice cube BLANK.,1e93b176-c42b-5b4f-af1e-84a6a5ac8488,base
A16XDO6MW9ZKMI,1,1,target,1,state_nonfollows,state_nonfollows_target,doesn't melt,melts,The ice cube and the banana are in the fridge. Ali takes the banana out of the fridge. The ice cube BLANK.,1e93b176-c42b-5b4f-af1e-84a6a5ac8488,base
A1BGTK6S3VVX34,1,1,target,0,state_nonfollows,state_nonfollows_target,doesn't melt,melts,The ice cube and the banana are in the fridge. Ali takes the banana out of the fridge. The ice cube BLANK.,1e93b176-c42b-5b4f-af1e-84a6a5ac8488,base
A1GV0UZU0T2ORS,1,1,target,1,state_nonfollows,state_nonfollows_target,doesn't melt,melts,The ice cube and the banana are in the fridge. Ali takes the banana out of the fridge. The ice cube BLANK.,1e93b176-c42b-5b4f-af1e-84a6a5ac8488,base
A1P458P1C6JOXP,1,1,target,1,state_nonfollows,state_nonfollows_target,doesn't melt,melts,The ice cube and the banana are in the fridge. Ali takes the banana out of the fridge. The ice cube BLANK.,1e93b176-c42b-5b4f-af1e-84a6a5ac8488,base
A1PHDT66U6IK4Q,1,1,target,1,state_nonfollows,state_nonfollows_target,doesn't melt,melts,The ice cube and the banana are in the fridge. Ali takes the banana out of the fridge. The ice cube BLANK.,1e93b176-c42b-5b4f-af1e-84a6a5ac8488,base
A1SISJL5ST2PWH,1,1,target,1,state_nonfollows,state_nonfollows_target,doesn't melt,melts,The ice cube and the banana are in the fridge. Ali takes the banana out of the fridge. The ice cube BLANK.,1e93b176-c42b-5b4f-af1e-84a6a5ac8488,base
A1V3CI8BHA3265,1,1,target,1,state_nonfollows,state_nonfollows_target,doesn't melt,melts,The ice cube and the banana are in the fridge. Ali takes the banana out of the fridge. The ice cube BLANK.,1e93b176-c42b-5b4f-af1e-84a6a5ac8488,base
A1WR3WTEHJEY2D,1,1,target,1,state_nonfollows,state_nonfollows_target,doesn't melt,melts,The ice cube and the banana are in the fridge. Ali takes the banana out of the fridge. The ice cube BLANK.,1e93b176-c42b-5b4f-af1e-84a6a5ac8488,base
A1YR0204H9JTNK,1,1,target,1,state_nonfollows,state_nonfollows_target,doesn't melt,melts,The ice cube and the banana are in the fridge. Ali takes the banana out of the fridge. The ice cube BLANK.,1e93b176-c42b-5b4f-af1e-84a6a5ac8488,base
A24EYMUIGY8M5O,1,1,target,1,state_nonfollows,state_nonfollows_target,doesn't melt,melts,The ice cube and the banana are in the fridge. Ali takes the banana out of the fridge. The ice cube BLANK.,1e93b176-c42b-5b4f-af1e-84a6a5ac8488,base
A2HYYV0L5HT1IF,1,1,target,1,state_nonfollows,state_nonfollows_target,doesn't melt,melts,The ice cube and the banana are in the fridge. Ali takes the banana out of the fridge. The ice cube BLANK.,1e93b176-c42b-5b4f-af1e-84a6a5ac8488,base
A3FNC8ELMK8YJA,1,1,target,1,state_nonfollows,state_nonfollows_target,doesn't melt,melts,The ice cube and the banana are in the fridge. Ali takes the banana out of the fridge. The ice cube BLANK.,1e93b176-c42b-5b4f-af1e-84a6a5ac8488,base
A3LVLZS8S41ZD7,1,1,target,1,state_nonfollows,state_nonfollows_target,doesn't melt,melts,The ice cube and the banana are in the fridge. Ali takes the banana out of the fridge. The ice cube BLANK.,1e93b176-c42b-5b4f-af1e-84a6a5ac8488,base
A3NRAEKWOKVUNN,1,1,target,0,state_nonfollows,state_nonfollows_target,doesn't melt,melts,The ice cube and the banana are in the fridge. Ali takes the banana out of the fridge. The ice cube BLANK.,1e93b176-c42b-5b4f-af1e-84a6a5ac8488,base
A3PGS1Q1XAY79I,1,1,target,1,state_nonfollows,state_nonfollows_target,doesn't melt,melts,The ice cube and the banana are in the fridge. Ali takes the banana out of the fridge. The ice cube BLANK.,1e93b176-c42b-5b4f-af1e-84a6a5ac8488,base
A3QUAM5Y482D4U,1,1,target,0,state_nonfollows,state_nonfollows_target,doesn't melt,melts,The ice cube and the banana are in the fridge. Ali takes the banana out of the fridge. The ice cube BLANK.,1e93b176-c42b-5b4f-af1e-84a6a5ac8488,base
AN4TEA6EBEB2V,1,1,target,1,state_nonfollows,state_nonfollows_target,doesn't melt,melts,The ice cube and the banana are in the fridge. Ali takes the banana out of the fridge. The ice cube BLANK.,1e93b176-c42b-5b4f-af1e-84a6a5ac8488,base
AR1IWBDA7MC86,1,1,target,1,state_nonfollows,state_nonfollows_target,doesn't melt,melts,The ice cube and the banana are in the fridge. Ali takes the banana out of the fridge. The ice cube BLANK.,1e93b176-c42b-5b4f-af1e-84a6a5ac8488,base
AURYD2FH3FUOQ,1,1,target,1,state_nonfollows,state_nonfollows_target,doesn't melt,melts,The ice cube and the banana are in the fridge. Ali takes the banana out of the fridge. The ice cube BLANK.,1e93b176-c42b-5b4f-af1e-84a6a5ac8488,base
AZ69TBTDH7AZS,1,1,target,1,state_nonfollows,state_nonfollows_target,doesn't melt,melts,The ice cube and the banana are in the fridge. Ali takes the banana out of the fridge. The ice cube BLANK.,1e93b176-c42b-5b4f-af1e-84a6a5ac8488,base
A14W0AXTJ3R19V,1,1,target,1,state_nonfollows,state_nonfollows_target,warmer,colder,The ice cube is on the floor. Ali moves the ice cube to the counter. The ice cube gets BLANK.,b55eca4b-7d04-54ad-aa71-a23ef8a5e936,base
A16XDO6MW9ZKMI,1,1,target,0,state_nonfollows,state_nonfollows_target,warmer,colder,The ice cube is on the floor. Ali moves the ice cube to the counter. The ice cube gets BLANK.,b55eca4b-7d04-54ad-aa71-a23ef8a5e936,base
A1BGTK6S3VVX34,1,1,target,1,state_nonfollows,state_nonfollows_target,warmer,colder,The ice cube is on the floor. Ali moves the ice cube to the counter. The ice cube gets BLANK.,b55eca4b-7d04-54ad-aa71-a23ef8a5e936,base
A1GV0UZU0T2ORS,1,1,target,1,state_nonfollows,state_nonfollows_target,warmer,colder,The ice cube is on the floor. Ali moves the ice cube to the counter. The ice cube gets BLANK.,b55eca4b-7d04-54ad-aa71-a23ef8a5e936,base
A1P458P1C6JOXP,1,1,target,1,state_nonfollows,state_nonfollows_target,warmer,colder,The ice cube is on the floor. Ali moves the ice cube to the counter. The ice cube gets BLANK.,b55eca4b-7d04-54ad-aa71-a23ef8a5e936,base
A1PHDT66U6IK4Q,1,1,target,1,state_nonfollows,state_nonfollows_target,warmer,colder,The ice cube is on the floor. Ali moves the ice cube to the counter. The ice cube gets BLANK.,b55eca4b-7d04-54ad-aa71-a23ef8a5e936,base
A1SISJL5ST2PWH,1,1,target,0,state_nonfollows,state_nonfollows_target,warmer,colder,The ice cube is on the floor. Ali moves the ice cube to the counter. The ice cube gets BLANK.,b55eca4b-7d04-54ad-aa71-a23ef8a5e936,base
A1V3CI8BHA3265,1,1,target,1,state_nonfollows,state_nonfollows_target,warmer,colder,The ice cube is on the floor. Ali moves the ice cube to the counter. The ice cube gets BLANK.,b55eca4b-7d04-54ad-aa71-a23ef8a5e936,base
A1WR3WTEHJEY2D,1,1,target,1,state_nonfollows,state_nonfollows_target,warmer,colder,The ice cube is on the floor. Ali moves the ice cube to the counter. The ice cube gets BLANK.,b55eca4b-7d04-54ad-aa71-a23ef8a5e936,base
A1YR0204H9JTNK,1,1,target,1,state_nonfollows,state_nonfollows_target,warmer,colder,The ice cube is on the floor. Ali moves the ice cube to the counter. The ice cube gets BLANK.,b55eca4b-7d04-54ad-aa71-a23ef8a5e936,base
A24EYMUIGY8M5O,1,1,target,1,state_nonfollows,state_nonfollows_target,warmer,colder,The ice cube is on the floor. Ali moves the ice cube to the counter. The ice cube gets BLANK.,b55eca4b-7d04-54ad-aa71-a23ef8a5e936,base
A2HYYV0L5HT1IF,1,1,target,1,state_nonfollows,state_nonfollows_target,warmer,colder,The ice cube is on the floor. Ali moves the ice cube to the counter. The ice cube gets BLANK.,b55eca4b-7d04-54ad-aa71-a23ef8a5e936,base
A3FNC8ELMK8YJA,1,1,target,1,state_nonfollows,state_nonfollows_target,warmer,colder,The ice cube is on the floor. Ali moves the ice cube to the counter. The ice cube gets BLANK.,b55eca4b-7d04-54ad-aa71-a23ef8a5e936,base
A3LVLZS8S41ZD7,1,1,target,0,state_nonfollows,state_nonfollows_target,warmer,colder,The ice cube is on the floor. Ali moves the ice cube to the counter. The ice cube gets BLANK.,b55eca4b-7d04-54ad-aa71-a23ef8a5e936,base
A3NRAEKWOKVUNN,1,1,target,1,state_nonfollows,state_nonfollows_target,warmer,colder,The ice cube is on the floor. Ali moves the ice cube to the counter. The ice cube gets BLANK.,b55eca4b-7d04-54ad-aa71-a23ef8a5e936,base
A3PGS1Q1XAY79I,1,1,target,1,state_nonfollows,state_nonfollows_target,warmer,colder,The ice cube is on the floor. Ali moves the ice cube to the counter. The ice cube gets BLANK.,b55eca4b-7d04-54ad-aa71-a23ef8a5e936,base
A3QUAM5Y482D4U,1,1,target,0,state_nonfollows,state_nonfollows_target,warmer,colder,The ice cube is on the floor. Ali moves the ice cube to the counter. The ice cube gets BLANK.,b55eca4b-7d04-54ad-aa71-a23ef8a5e936,base
AN4TEA6EBEB2V,1,1,target,1,state_nonfollows,state_nonfollows_target,warmer,colder,The ice cube is on the floor. Ali moves the ice cube to the counter. The ice cube gets BLANK.,b55eca4b-7d04-54ad-aa71-a23ef8a5e936,base
AR1IWBDA7MC86,1,1,target,1,state_nonfollows,state_nonfollows_target,warmer,colder,The ice cube is on the floor. Ali moves the ice cube to the counter. The ice cube gets BLANK.,b55eca4b-7d04-54ad-aa71-a23ef8a5e936,base
AURYD2FH3FUOQ,1,1,target,1,state_nonfollows,state_nonfollows_target,warmer,colder,The ice cube is on the floor. Ali moves the ice cube to the counter. The ice cube gets BLANK.,b55eca4b-7d04-54ad-aa71-a23ef8a5e936,base
AZ69TBTDH7AZS,1,1,target,1,state_nonfollows,state_nonfollows_target,warmer,colder,The ice cube is on the floor. Ali moves the ice cube to the counter. The ice cube gets BLANK.,b55eca4b-7d04-54ad-aa71-a23ef8a5e936,base
A14W0AXTJ3R19V,1,1,target,1,state_nonfollows,state_nonfollows_target,doesn't melt,melts,The icecube is in the freezer. Ali puts the icecube in the snow. The icecube BLANK.,984ae212-2075-5ac2-90f0-2f7109a85ac5,base
A16XDO6MW9ZKMI,1,1,target,1,state_nonfollows,state_nonfollows_target,doesn't melt,melts,The icecube is in the freezer. Ali puts the icecube in the snow. The icecube BLANK.,984ae212-2075-5ac2-90f0-2f7109a85ac5,base
A1BGTK6S3VVX34,1,1,target,1,state_nonfollows,state_nonfollows_target,doesn't melt,melts,The icecube is in the freezer. Ali puts the icecube in the snow. The icecube BLANK.,984ae212-2075-5ac2-90f0-2f7109a85ac5,base
A1GV0UZU0T2ORS,1,1,target,1,state_nonfollows,state_nonfollows_target,doesn't melt,melts,The icecube is in the freezer. Ali puts the icecube in the snow. The icecube BLANK.,984ae212-2075-5ac2-90f0-2f7109a85ac5,base
A1P458P1C6JOXP,1,1,target,1,state_nonfollows,state_nonfollows_target,doesn't melt,melts,The icecube is in the freezer. Ali puts the icecube in the snow. The icecube BLANK.,984ae212-2075-5ac2-90f0-2f7109a85ac5,base
A1PHDT66U6IK4Q,1,1,target,1,state_nonfollows,state_nonfollows_target,doesn't melt,melts,The icecube is in the freezer. Ali puts the icecube in the snow. The icecube BLANK.,984ae212-2075-5ac2-90f0-2f7109a85ac5,base
A1SISJL5ST2PWH,1,1,target,1,state_nonfollows,state_nonfollows_target,doesn't melt,melts,The icecube is in the freezer. Ali puts the icecube in the snow. The icecube BLANK.,984ae212-2075-5ac2-90f0-2f7109a85ac5,base
A1V3CI8BHA3265,1,1,target,1,state_nonfollows,state_nonfollows_target,doesn't melt,melts,The icecube is in the freezer. Ali puts the icecube in the snow. The icecube BLANK.,984ae212-2075-5ac2-90f0-2f7109a85ac5,base
A1WR3WTEHJEY2D,1,1,target,1,state_nonfollows,state_nonfollows_target,doesn't melt,melts,The icecube is in the freezer. Ali puts the icecube in the snow. The icecube BLANK.,984ae212-2075-5ac2-90f0-2f7109a85ac5,base
A1YR0204H9JTNK,1,1,target,1,state_nonfollows,state_nonfollows_target,doesn't melt,melts,The icecube is in the freezer. Ali puts the icecube in the snow. The icecube BLANK.,984ae212-2075-5ac2-90f0-2f7109a85ac5,base
A24EYMUIGY8M5O,1,1,target,0,state_nonfollows,state_nonfollows_target,doesn't melt,melts,The icecube is in the freezer. Ali puts the icecube in the snow. The icecube BLANK.,984ae212-2075-5ac2-90f0-2f7109a85ac5,base
A2HYYV0L5HT1IF,1,1,target,1,state_nonfollows,state_nonfollows_target,doesn't melt,melts,The icecube is in the freezer. Ali puts the icecube in the snow. The icecube BLANK.,984ae212-2075-5ac2-90f0-2f7109a85ac5,base
A3FNC8ELMK8YJA,1,1,target,1,state_nonfollows,state_nonfollows_target,doesn't melt,melts,The icecube is in the freezer. Ali puts the icecube in the snow. The icecube BLANK.,984ae212-2075-5ac2-90f0-2f7109a85ac5,base
A3LVLZS8S41ZD7,1,1,target,1,state_nonfollows,state_nonfollows_target,doesn't melt,melts,The icecube is in the freezer. Ali puts the icecube in the snow. The icecube BLANK.,984ae212-2075-5ac2-90f0-2f7109a85ac5,base
A3NRAEKWOKVUNN,1,1,target,1,state_nonfollows,state_nonfollows_target,doesn't melt,melts,The icecube is in the freezer. Ali puts the icecube in the snow. The icecube BLANK.,984ae212-2075-5ac2-90f0-2f7109a85ac5,base
A3PGS1Q1XAY79I,1,1,target,1,state_nonfollows,state_nonfollows_target,doesn't melt,melts,The icecube is in the freezer. Ali puts the icecube in the snow. The icecube BLANK.,984ae212-2075-5ac2-90f0-2f7109a85ac5,base
A3QUAM5Y482D4U,1,1,target,1,state_nonfollows,state_nonfollows_target,doesn't melt,melts,The icecube is in the freezer. Ali puts the icecube in the snow. The icecube BLANK.,984ae212-2075-5ac2-90f0-2f7109a85ac5,base
AN4TEA6EBEB2V,1,1,target,1,state_nonfollows,state_nonfollows_target,doesn't melt,melts,The icecube is in the freezer. Ali puts the icecube in the snow. The icecube BLANK.,984ae212-2075-5ac2-90f0-2f7109a85ac5,base
AR1IWBDA7MC86,1,1,target,1,state_nonfollows,state_nonfollows_target,doesn't melt,melts,The icecube is in the freezer. Ali puts the icecube in the snow. The icecube BLANK.,984ae212-2075-5ac2-90f0-2f7109a85ac5,base
AURYD2FH3FUOQ,1,1,target,1,state_nonfollows,state_nonfollows_target,doesn't melt,melts,The icecube is in the freezer. Ali puts the icecube in the snow. The icecube BLANK.,984ae212-2075-5ac2-90f0-2f7109a85ac5,base
AZ69TBTDH7AZS,1,1,target,1,state_nonfollows,state_nonfollows_target,doesn't melt,melts,The icecube is in the freezer. Ali puts the icecube in the snow. The icecube BLANK.,984ae212-2075-5ac2-90f0-2f7109a85ac5,base
A14W0AXTJ3R19V,1,1,target,1,geocentric_near,geocentric_near_target,East of,North of,The painting is East of Ali. Ali turns left. The painting is BLANK Ali.,1524fa21-bce4-5af0-9fdc-6a1ff52e8db6,base
A16XDO6MW9ZKMI,1,1,target,0,geocentric_near,geocentric_near_target,East of,North of,The painting is East of Ali. Ali turns left. The painting is BLANK Ali.,1524fa21-bce4-5af0-9fdc-6a1ff52e8db6,base
A1BGTK6S3VVX34,1,1,target,0,geocentric_near,geocentric_near_target,East of,North of,The painting is East of Ali. Ali turns left. The painting is BLANK Ali.,1524fa21-bce4-5af0-9fdc-6a1ff52e8db6,base
A1GV0UZU0T2ORS,1,1,target,1,geocentric_near,geocentric_near_target,East of,North of,The painting is East of Ali. Ali turns left. The painting is BLANK Ali.,1524fa21-bce4-5af0-9fdc-6a1ff52e8db6,base
A1P458P1C6JOXP,1,1,target,1,geocentric_near,geocentric_near_target,East of,North of,The painting is East of Ali. Ali turns left. The painting is BLANK Ali.,1524fa21-bce4-5af0-9fdc-6a1ff52e8db6,base
A1PHDT66U6IK4Q,1,1,target,1,geocentric_near,geocentric_near_target,East of,North of,The painting is East of Ali. Ali turns left. The painting is BLANK Ali.,1524fa21-bce4-5af0-9fdc-6a1ff52e8db6,base
A1SISJL5ST2PWH,1,1,target,1,geocentric_near,geocentric_near_target,East of,North of,The painting is East of Ali. Ali turns left. The painting is BLANK Ali.,1524fa21-bce4-5af0-9fdc-6a1ff52e8db6,base
A1V3CI8BHA3265,1,1,target,1,geocentric_near,geocentric_near_target,East of,North of,The painting is East of Ali. Ali turns left. The painting is BLANK Ali.,1524fa21-bce4-5af0-9fdc-6a1ff52e8db6,base
A1WR3WTEHJEY2D,1,1,target,1,geocentric_near,geocentric_near_target,East of,North of,The painting is East of Ali. Ali turns left. The painting is BLANK Ali.,1524fa21-bce4-5af0-9fdc-6a1ff52e8db6,base
A1YR0204H9JTNK,1,1,target,0,geocentric_near,geocentric_near_target,East of,North of,The painting is East of Ali. Ali turns left. The painting is BLANK Ali.,1524fa21-bce4-5af0-9fdc-6a1ff52e8db6,base
A24EYMUIGY8M5O,1,1,target,0,geocentric_near,geocentric_near_target,East of,North of,The painting is East of Ali. Ali turns left. The painting is BLANK Ali.,1524fa21-bce4-5af0-9fdc-6a1ff52e8db6,base
A2HYYV0L5HT1IF,1,1,target,0,geocentric_near,geocentric_near_target,East of,North of,The painting is East of Ali. Ali turns left. The painting is BLANK Ali.,1524fa21-bce4-5af0-9fdc-6a1ff52e8db6,base
A3FNC8ELMK8YJA,1,1,target,0,geocentric_near,geocentric_near_target,East of,North of,The painting is East of Ali. Ali turns left. The painting is BLANK Ali.,1524fa21-bce4-5af0-9fdc-6a1ff52e8db6,base
A3LVLZS8S41ZD7,1,1,target,1,geocentric_near,geocentric_near_target,East of,North of,The painting is East of Ali. Ali turns left. The painting is BLANK Ali.,1524fa21-bce4-5af0-9fdc-6a1ff52e8db6,base
A3NRAEKWOKVUNN,1,1,target,1,geocentric_near,geocentric_near_target,East of,North of,The painting is East of Ali. Ali turns left. The painting is BLANK Ali.,1524fa21-bce4-5af0-9fdc-6a1ff52e8db6,base
A3PGS1Q1XAY79I,1,1,target,1,geocentric_near,geocentric_near_target,East of,North of,The painting is East of Ali. Ali turns left. The painting is BLANK Ali.,1524fa21-bce4-5af0-9fdc-6a1ff52e8db6,base
A3QUAM5Y482D4U,1,1,target,0,geocentric_near,geocentric_near_target,East of,North of,The painting is East of Ali. Ali turns left. The painting is BLANK Ali.,1524fa21-bce4-5af0-9fdc-6a1ff52e8db6,base
AN4TEA6EBEB2V,1,1,target,1,geocentric_near,geocentric_near_target,East of,North of,The painting is East of Ali. Ali turns left. The painting is BLANK Ali.,1524fa21-bce4-5af0-9fdc-6a1ff52e8db6,base
AR1IWBDA7MC86,1,1,target,0,geocentric_near,geocentric_near_target,East of,North of,The painting is East of Ali. Ali turns left. The painting is BLANK Ali.,1524fa21-bce4-5af0-9fdc-6a1ff52e8db6,base
AURYD2FH3FUOQ,1,1,target,0,geocentric_near,geocentric_near_target,East of,North of,The painting is East of Ali. Ali turns left. The painting is BLANK Ali.,1524fa21-bce4-5af0-9fdc-6a1ff52e8db6,base
AZ69TBTDH7AZS,1,1,target,0,geocentric_near,geocentric_near_target,East of,North of,The painting is East of Ali. Ali turns left. The painting is BLANK Ali.,1524fa21-bce4-5af0-9fdc-6a1ff52e8db6,base
A14W0AXTJ3R19V,1,1,target,1,geocentric_near,geocentric_near_target,East of,South of,The painting is East of Ali. Ali turns right. The painting is BLANK Ali.,47856cd0-4034-58db-b6c8-09eef76a40e4,base
A16XDO6MW9ZKMI,1,1,target,1,geocentric_near,geocentric_near_target,East of,South of,The painting is East of Ali. Ali turns right. The painting is BLANK Ali.,47856cd0-4034-58db-b6c8-09eef76a40e4,base
A1BGTK6S3VVX34,1,1,target,1,geocentric_near,geocentric_near_target,East of,South of,The painting is East of Ali. Ali turns right. The painting is BLANK Ali.,47856cd0-4034-58db-b6c8-09eef76a40e4,base
A1GV0UZU0T2ORS,1,1,target,1,geocentric_near,geocentric_near_target,East of,South of,The painting is East of Ali. Ali turns right. The painting is BLANK Ali.,47856cd0-4034-58db-b6c8-09eef76a40e4,base
A1P458P1C6JOXP,1,1,target,1,geocentric_near,geocentric_near_target,East of,South of,The painting is East of Ali. Ali turns right. The painting is BLANK Ali.,47856cd0-4034-58db-b6c8-09eef76a40e4,base
A1PHDT66U6IK4Q,1,1,target,0,geocentric_near,geocentric_near_target,East of,South of,The painting is East of Ali. Ali turns right. The painting is BLANK Ali.,47856cd0-4034-58db-b6c8-09eef76a40e4,base
A1SISJL5ST2PWH,1,1,target,1,geocentric_near,geocentric_near_target,East of,South of,The painting is East of Ali. Ali turns right. The painting is BLANK Ali.,47856cd0-4034-58db-b6c8-09eef76a40e4,base
A1V3CI8BHA3265,1,1,target,1,geocentric_near,geocentric_near_target,East of,South of,The painting is East of Ali. Ali turns right. The painting is BLANK Ali.,47856cd0-4034-58db-b6c8-09eef76a40e4,base
A1WR3WTEHJEY2D,1,1,target,0,geocentric_near,geocentric_near_target,East of,South of,The painting is East of Ali. Ali turns right. The painting is BLANK Ali.,47856cd0-4034-58db-b6c8-09eef76a40e4,base
A1YR0204H9JTNK,1,1,target,0,geocentric_near,geocentric_near_target,East of,South of,The painting is East of Ali. Ali turns right. The painting is BLANK Ali.,47856cd0-4034-58db-b6c8-09eef76a40e4,base
A24EYMUIGY8M5O,1,1,target,1,geocentric_near,geocentric_near_target,East of,South of,The painting is East of Ali. Ali turns right. The painting is BLANK Ali.,47856cd0-4034-58db-b6c8-09eef76a40e4,base
A2HYYV0L5HT1IF,1,1,target,0,geocentric_near,geocentric_near_target,East of,South of,The painting is East of Ali. Ali turns right. The painting is BLANK Ali.,47856cd0-4034-58db-b6c8-09eef76a40e4,base
A3FNC8ELMK8YJA,1,1,target,0,geocentric_near,geocentric_near_target,East of,South of,The painting is East of Ali. Ali turns right. The painting is BLANK Ali.,47856cd0-4034-58db-b6c8-09eef76a40e4,base
A3LVLZS8S41ZD7,1,1,target,1,geocentric_near,geocentric_near_target,East of,South of,The painting is East of Ali. Ali turns right. The painting is BLANK Ali.,47856cd0-4034-58db-b6c8-09eef76a40e4,base
A3NRAEKWOKVUNN,1,1,target,1,geocentric_near,geocentric_near_target,East of,South of,The painting is East of Ali. Ali turns right. The painting is BLANK Ali.,47856cd0-4034-58db-b6c8-09eef76a40e4,base
A3PGS1Q1XAY79I,1,1,target,1,geocentric_near,geocentric_near_target,East of,South of,The painting is East of Ali. Ali turns right. The painting is BLANK Ali.,47856cd0-4034-58db-b6c8-09eef76a40e4,base
A3QUAM5Y482D4U,1,1,target,0,geocentric_near,geocentric_near_target,East of,South of,The painting is East of Ali. Ali turns right. The painting is BLANK Ali.,47856cd0-4034-58db-b6c8-09eef76a40e4,base
AN4TEA6EBEB2V,1,1,target,1,geocentric_near,geocentric_near_target,East of,South of,The painting is East of Ali. Ali turns right. The painting is BLANK Ali.,47856cd0-4034-58db-b6c8-09eef76a40e4,base
AR1IWBDA7MC86,1,1,target,0,geocentric_near,geocentric_near_target,East of,South of,The painting is East of Ali. Ali turns right. The painting is BLANK Ali.,47856cd0-4034-58db-b6c8-09eef76a40e4,base
AURYD2FH3FUOQ,1,1,target,1,geocentric_near,geocentric_near_target,East of,South of,The painting is East of Ali. Ali turns right. The painting is BLANK Ali.,47856cd0-4034-58db-b6c8-09eef76a40e4,base
AZ69TBTDH7AZS,1,1,target,0,geocentric_near,geocentric_near_target,East of,South of,The painting is East of Ali. Ali turns right. The painting is BLANK Ali.,47856cd0-4034-58db-b6c8-09eef76a40e4,base
A14W0AXTJ3R19V,1,1,target,0,geocentric_near,geocentric_near_target,North of,South of,The painting is North of Ali. Ali turns around. The painting is BLANK Ali.,64e3f33d-f1bb-5469-960d-6b974ada7e0a,base
A16XDO6MW9ZKMI,1,1,target,0,geocentric_near,geocentric_near_target,North of,South of,The painting is North of Ali. Ali turns around. The painting is BLANK Ali.,64e3f33d-f1bb-5469-960d-6b974ada7e0a,base
A1BGTK6S3VVX34,1,1,target,0,geocentric_near,geocentric_near_target,North of,South of,The painting is North of Ali. Ali turns around. The painting is BLANK Ali.,64e3f33d-f1bb-5469-960d-6b974ada7e0a,base
A1GV0UZU0T2ORS,1,1,target,1,geocentric_near,geocentric_near_target,North of,South of,The painting is North of Ali. Ali turns around. The painting is BLANK Ali.,64e3f33d-f1bb-5469-960d-6b974ada7e0a,base
A1P458P1C6JOXP,1,1,target,1,geocentric_near,geocentric_near_target,North of,South of,The painting is North of Ali. Ali turns around. The painting is BLANK Ali.,64e3f33d-f1bb-5469-960d-6b974ada7e0a,base
A1PHDT66U6IK4Q,1,1,target,0,geocentric_near,geocentric_near_target,North of,South of,The painting is North of Ali. Ali turns around. The painting is BLANK Ali.,64e3f33d-f1bb-5469-960d-6b974ada7e0a,base
A1SISJL5ST2PWH,1,1,target,0,geocentric_near,geocentric_near_target,North of,South of,The painting is North of Ali. Ali turns around. The painting is BLANK Ali.,64e3f33d-f1bb-5469-960d-6b974ada7e0a,base
A1V3CI8BHA3265,1,1,target,0,geocentric_near,geocentric_near_target,North of,South of,The painting is North of Ali. Ali turns around. The painting is BLANK Ali.,64e3f33d-f1bb-5469-960d-6b974ada7e0a,base
A1WR3WTEHJEY2D,1,1,target,0,geocentric_near,geocentric_near_target,North of,South of,The painting is North of Ali. Ali turns around. The painting is BLANK Ali.,64e3f33d-f1bb-5469-960d-6b974ada7e0a,base
A1YR0204H9JTNK,1,1,target,0,geocentric_near,geocentric_near_target,North of,South of,The painting is North of Ali. Ali turns around. The painting is BLANK Ali.,64e3f33d-f1bb-5469-960d-6b974ada7e0a,base
A24EYMUIGY8M5O,1,1,target,0,geocentric_near,geocentric_near_target,North of,South of,The painting is North of Ali. Ali turns around. The painting is BLANK Ali.,64e3f33d-f1bb-5469-960d-6b974ada7e0a,base
A2HYYV0L5HT1IF,1,1,target,0,geocentric_near,geocentric_near_target,North of,South of,The painting is North of Ali. Ali turns around. The painting is BLANK Ali.,64e3f33d-f1bb-5469-960d-6b974ada7e0a,base
A3FNC8ELMK8YJA,1,1,target,0,geocentric_near,geocentric_near_target,North of,South of,The painting is North of Ali. Ali turns around. The painting is BLANK Ali.,64e3f33d-f1bb-5469-960d-6b974ada7e0a,base
A3LVLZS8S41ZD7,1,1,target,1,geocentric_near,geocentric_near_target,North of,South of,The painting is North of Ali. Ali turns around. The painting is BLANK Ali.,64e3f33d-f1bb-5469-960d-6b974ada7e0a,base
A3NRAEKWOKVUNN,1,1,target,1,geocentric_near,geocentric_near_target,North of,South of,The painting is North of Ali. Ali turns around. The painting is BLANK Ali.,64e3f33d-f1bb-5469-960d-6b974ada7e0a,base
A3PGS1Q1XAY79I,1,1,target,0,geocentric_near,geocentric_near_target,North of,South of,The painting is North of Ali. Ali turns around. The painting is BLANK Ali.,64e3f33d-f1bb-5469-960d-6b974ada7e0a,base
A3QUAM5Y482D4U,1,1,target,0,geocentric_near,geocentric_near_target,North of,South of,The painting is North of Ali. Ali turns around. The painting is BLANK Ali.,64e3f33d-f1bb-5469-960d-6b974ada7e0a,base
AN4TEA6EBEB2V,1,1,target,1,geocentric_near,geocentric_near_target,North of,South of,The painting is North of Ali. Ali turns around. The painting is BLANK Ali.,64e3f33d-f1bb-5469-960d-6b974ada7e0a,base
AR1IWBDA7MC86,1,1,target,1,geocentric_near,geocentric_near_target,North of,South of,The painting is North of Ali. Ali turns around. The painting is BLANK Ali.,64e3f33d-f1bb-5469-960d-6b974ada7e0a,base
AURYD2FH3FUOQ,1,1,target,1,geocentric_near,geocentric_near_target,North of,South of,The painting is North of Ali. Ali turns around. The painting is BLANK Ali.,64e3f33d-f1bb-5469-960d-6b974ada7e0a,base
AZ69TBTDH7AZS,1,1,target,1,geocentric_near,geocentric_near_target,North of,South of,The painting is North of Ali. Ali turns around. The painting is BLANK Ali.,64e3f33d-f1bb-5469-960d-6b974ada7e0a,base
A14W0AXTJ3R19V,1,1,target,1,egocentric_near,egocentric_near_target,in front of,behind,The painting is behind Ali. Ali turns around. The painting is BLANK Ali.,2f87db55-6872-558e-9eb7-dbf56ea0d6b2,base
A16XDO6MW9ZKMI,1,1,target,1,egocentric_near,egocentric_near_target,in front of,behind,The painting is behind Ali. Ali turns around. The painting is BLANK Ali.,2f87db55-6872-558e-9eb7-dbf56ea0d6b2,base
A1BGTK6S3VVX34,1,1,target,1,egocentric_near,egocentric_near_target,in front of,behind,The painting is behind Ali. Ali turns around. The painting is BLANK Ali.,2f87db55-6872-558e-9eb7-dbf56ea0d6b2,base
A1GV0UZU0T2ORS,1,1,target,1,egocentric_near,egocentric_near_target,in front of,behind,The painting is behind Ali. Ali turns around. The painting is BLANK Ali.,2f87db55-6872-558e-9eb7-dbf56ea0d6b2,base
A1P458P1C6JOXP,1,1,target,1,egocentric_near,egocentric_near_target,in front of,behind,The painting is behind Ali. Ali turns around. The painting is BLANK Ali.,2f87db55-6872-558e-9eb7-dbf56ea0d6b2,base
A1PHDT66U6IK4Q,1,1,target,1,egocentric_near,egocentric_near_target,in front of,behind,The painting is behind Ali. Ali turns around. The painting is BLANK Ali.,2f87db55-6872-558e-9eb7-dbf56ea0d6b2,base
A1SISJL5ST2PWH,1,1,target,1,egocentric_near,egocentric_near_target,in front of,behind,The painting is behind Ali. Ali turns around. The painting is BLANK Ali.,2f87db55-6872-558e-9eb7-dbf56ea0d6b2,base
A1V3CI8BHA3265,1,1,target,1,egocentric_near,egocentric_near_target,in front of,behind,The painting is behind Ali. Ali turns around. The painting is BLANK Ali.,2f87db55-6872-558e-9eb7-dbf56ea0d6b2,base
A1WR3WTEHJEY2D,1,1,target,0,egocentric_near,egocentric_near_target,in front of,behind,The painting is behind Ali. Ali turns around. The painting is BLANK Ali.,2f87db55-6872-558e-9eb7-dbf56ea0d6b2,base
A1YR0204H9JTNK,1,1,target,1,egocentric_near,egocentric_near_target,in front of,behind,The painting is behind Ali. Ali turns around. The painting is BLANK Ali.,2f87db55-6872-558e-9eb7-dbf56ea0d6b2,base
A24EYMUIGY8M5O,1,1,target,1,egocentric_near,egocentric_near_target,in front of,behind,The painting is behind Ali. Ali turns around. The painting is BLANK Ali.,2f87db55-6872-558e-9eb7-dbf56ea0d6b2,base
A2HYYV0L5HT1IF,1,1,target,1,egocentric_near,egocentric_near_target,in front of,behind,The painting is behind Ali. Ali turns around. The painting is BLANK Ali.,2f87db55-6872-558e-9eb7-dbf56ea0d6b2,base
A3FNC8ELMK8YJA,1,1,target,1,egocentric_near,egocentric_near_target,in front of,behind,The painting is behind Ali. Ali turns around. The painting is BLANK Ali.,2f87db55-6872-558e-9eb7-dbf56ea0d6b2,base
A3LVLZS8S41ZD7,1,1,target,1,egocentric_near,egocentric_near_target,in front of,behind,The painting is behind Ali. Ali turns around. The painting is BLANK Ali.,2f87db55-6872-558e-9eb7-dbf56ea0d6b2,base
A3NRAEKWOKVUNN,1,1,target,1,egocentric_near,egocentric_near_target,in front of,behind,The painting is behind Ali. Ali turns around. The painting is BLANK Ali.,2f87db55-6872-558e-9eb7-dbf56ea0d6b2,base
A3PGS1Q1XAY79I,1,1,target,1,egocentric_near,egocentric_near_target,in front of,behind,The painting is behind Ali. Ali turns around. The painting is BLANK Ali.,2f87db55-6872-558e-9eb7-dbf56ea0d6b2,base
A3QUAM5Y482D4U,1,1,target,1,egocentric_near,egocentric_near_target,in front of,behind,The painting is behind Ali. Ali turns around. The painting is BLANK Ali.,2f87db55-6872-558e-9eb7-dbf56ea0d6b2,base
AN4TEA6EBEB2V,1,1,target,1,egocentric_near,egocentric_near_target,in front of,behind,The painting is behind Ali. Ali turns around. The painting is BLANK Ali.,2f87db55-6872-558e-9eb7-dbf56ea0d6b2,base
AR1IWBDA7MC86,1,1,target,1,egocentric_near,egocentric_near_target,in front of,behind,The painting is behind Ali. Ali turns around. The painting is BLANK Ali.,2f87db55-6872-558e-9eb7-dbf56ea0d6b2,base
AURYD2FH3FUOQ,1,1,target,1,egocentric_near,egocentric_near_target,in front of,behind,The painting is behind Ali. Ali turns around. The painting is BLANK Ali.,2f87db55-6872-558e-9eb7-dbf56ea0d6b2,base
AZ69TBTDH7AZS,1,1,target,1,egocentric_near,egocentric_near_target,in front of,behind,The painting is behind Ali. Ali turns around. The painting is BLANK Ali.,2f87db55-6872-558e-9eb7-dbf56ea0d6b2,base
A14W0AXTJ3R19V,1,1,target,1,egocentric_near,egocentric_near_target,left of,right of,The painting is behind Ali. Ali turns left. The painting is BLANK Ali.,2f6ac9c5-17f9-5a23-ab8d-9d0d3d3335c4,base
A16XDO6MW9ZKMI,1,1,target,1,egocentric_near,egocentric_near_target,left of,right of,The painting is behind Ali. Ali turns left. The painting is BLANK Ali.,2f6ac9c5-17f9-5a23-ab8d-9d0d3d3335c4,base
A1BGTK6S3VVX34,1,1,target,0,egocentric_near,egocentric_near_target,left of,right of,The painting is behind Ali. Ali turns left. The painting is BLANK Ali.,2f6ac9c5-17f9-5a23-ab8d-9d0d3d3335c4,base
A1GV0UZU0T2ORS,1,1,target,0,egocentric_near,egocentric_near_target,left of,right of,The painting is behind Ali. Ali turns left. The painting is BLANK Ali.,2f6ac9c5-17f9-5a23-ab8d-9d0d3d3335c4,base
A1P458P1C6JOXP,1,1,target,1,egocentric_near,egocentric_near_target,left of,right of,The painting is behind Ali. Ali turns left. The painting is BLANK Ali.,2f6ac9c5-17f9-5a23-ab8d-9d0d3d3335c4,base
A1PHDT66U6IK4Q,1,1,target,1,egocentric_near,egocentric_near_target,left of,right of,The painting is behind Ali. Ali turns left. The painting is BLANK Ali.,2f6ac9c5-17f9-5a23-ab8d-9d0d3d3335c4,base
A1SISJL5ST2PWH,1,1,target,1,egocentric_near,egocentric_near_target,left of,right of,The painting is behind Ali. Ali turns left. The painting is BLANK Ali.,2f6ac9c5-17f9-5a23-ab8d-9d0d3d3335c4,base
A1V3CI8BHA3265,1,1,target,1,egocentric_near,egocentric_near_target,left of,right of,The painting is behind Ali. Ali turns left. The painting is BLANK Ali.,2f6ac9c5-17f9-5a23-ab8d-9d0d3d3335c4,base
A1WR3WTEHJEY2D,1,1,target,1,egocentric_near,egocentric_near_target,left of,right of,The painting is behind Ali. Ali turns left. The painting is BLANK Ali.,2f6ac9c5-17f9-5a23-ab8d-9d0d3d3335c4,base
A1YR0204H9JTNK,1,1,target,0,egocentric_near,egocentric_near_target,left of,right of,The painting is behind Ali. Ali turns left. The painting is BLANK Ali.,2f6ac9c5-17f9-5a23-ab8d-9d0d3d3335c4,base
A24EYMUIGY8M5O,1,1,target,1,egocentric_near,egocentric_near_target,left of,right of,The painting is behind Ali. Ali turns left. The painting is BLANK Ali.,2f6ac9c5-17f9-5a23-ab8d-9d0d3d3335c4,base
A2HYYV0L5HT1IF,1,1,target,0,egocentric_near,egocentric_near_target,left of,right of,The painting is behind Ali. Ali turns left. The painting is BLANK Ali.,2f6ac9c5-17f9-5a23-ab8d-9d0d3d3335c4,base
A3FNC8ELMK8YJA,1,1,target,1,egocentric_near,egocentric_near_target,left of,right of,The painting is behind Ali. Ali turns left. The painting is BLANK Ali.,2f6ac9c5-17f9-5a23-ab8d-9d0d3d3335c4,base
A3LVLZS8S41ZD7,1,1,target,0,egocentric_near,egocentric_near_target,left of,right of,The painting is behind Ali. Ali turns left. The painting is BLANK Ali.,2f6ac9c5-17f9-5a23-ab8d-9d0d3d3335c4,base
A3NRAEKWOKVUNN,1,1,target,1,egocentric_near,egocentric_near_target,left of,right of,The painting is behind Ali. Ali turns left. The painting is BLANK Ali.,2f6ac9c5-17f9-5a23-ab8d-9d0d3d3335c4,base
A3PGS1Q1XAY79I,1,1,target,0,egocentric_near,egocentric_near_target,left of,right of,The painting is behind Ali. Ali turns left. The painting is BLANK Ali.,2f6ac9c5-17f9-5a23-ab8d-9d0d3d3335c4,base
A3QUAM5Y482D4U,1,1,target,1,egocentric_near,egocentric_near_target,left of,right of,The painting is behind Ali. Ali turns left. The painting is BLANK Ali.,2f6ac9c5-17f9-5a23-ab8d-9d0d3d3335c4,base
AN4TEA6EBEB2V,1,1,target,0,egocentric_near,egocentric_near_target,left of,right of,The painting is behind Ali. Ali turns left. The painting is BLANK Ali.,2f6ac9c5-17f9-5a23-ab8d-9d0d3d3335c4,base
AR1IWBDA7MC86,1,1,target,1,egocentric_near,egocentric_near_target,left of,right of,The painting is behind Ali. Ali turns left. The painting is BLANK Ali.,2f6ac9c5-17f9-5a23-ab8d-9d0d3d3335c4,base
AURYD2FH3FUOQ,1,1,target,1,egocentric_near,egocentric_near_target,left of,right of,The painting is behind Ali. Ali turns left. The painting is BLANK Ali.,2f6ac9c5-17f9-5a23-ab8d-9d0d3d3335c4,base
AZ69TBTDH7AZS,1,1,target,1,egocentric_near,egocentric_near_target,left of,right of,The painting is behind Ali. Ali turns left. The painting is BLANK Ali.,2f6ac9c5-17f9-5a23-ab8d-9d0d3d3335c4,base
A14W0AXTJ3R19V,1,1,target,0,egocentric_near,egocentric_near_target,left of,right of,The painting is in front of Ali. Ali turns right. The painting is BLANK Ali.,0e4f4e87-15d0-5112-9419-f448e5fefa0a,base
A16XDO6MW9ZKMI,1,1,target,0,egocentric_near,egocentric_near_target,left of,right of,The painting is in front of Ali. Ali turns right. The painting is BLANK Ali.,0e4f4e87-15d0-5112-9419-f448e5fefa0a,base
A1BGTK6S3VVX34,1,1,target,1,egocentric_near,egocentric_near_target,left of,right of,The painting is in front of Ali. Ali turns right. The painting is BLANK Ali.,0e4f4e87-15d0-5112-9419-f448e5fefa0a,base
A1GV0UZU0T2ORS,1,1,target,1,egocentric_near,egocentric_near_target,left of,right of,The painting is in front of Ali. Ali turns right. The painting is BLANK Ali.,0e4f4e87-15d0-5112-9419-f448e5fefa0a,base
A1P458P1C6JOXP,1,1,target,1,egocentric_near,egocentric_near_target,left of,right of,The painting is in front of Ali. Ali turns right. The painting is BLANK Ali.,0e4f4e87-15d0-5112-9419-f448e5fefa0a,base
A1PHDT66U6IK4Q,1,1,target,0,egocentric_near,egocentric_near_target,left of,right of,The painting is in front of Ali. Ali turns right. The painting is BLANK Ali.,0e4f4e87-15d0-5112-9419-f448e5fefa0a,base
A1SISJL5ST2PWH,1,1,target,1,egocentric_near,egocentric_near_target,left of,right of,The painting is in front of Ali. Ali turns right. The painting is BLANK Ali.,0e4f4e87-15d0-5112-9419-f448e5fefa0a,base
A1V3CI8BHA3265,1,1,target,1,egocentric_near,egocentric_near_target,left of,right of,The painting is in front of Ali. Ali turns right. The painting is BLANK Ali.,0e4f4e87-15d0-5112-9419-f448e5fefa0a,base
A1WR3WTEHJEY2D,1,1,target,1,egocentric_near,egocentric_near_target,left of,right of,The painting is in front of Ali. Ali turns right. The painting is BLANK Ali.,0e4f4e87-15d0-5112-9419-f448e5fefa0a,base
A1YR0204H9JTNK,1,1,target,1,egocentric_near,egocentric_near_target,left of,right of,The painting is in front of Ali. Ali turns right. The painting is BLANK Ali.,0e4f4e87-15d0-5112-9419-f448e5fefa0a,base
A24EYMUIGY8M5O,1,1,target,1,egocentric_near,egocentric_near_target,left of,right of,The painting is in front of Ali. Ali turns right. The painting is BLANK Ali.,0e4f4e87-15d0-5112-9419-f448e5fefa0a,base
A2HYYV0L5HT1IF,1,1,target,1,egocentric_near,egocentric_near_target,left of,right of,The painting is in front of Ali. Ali turns right. The painting is BLANK Ali.,0e4f4e87-15d0-5112-9419-f448e5fefa0a,base
A3FNC8ELMK8YJA,1,1,target,1,egocentric_near,egocentric_near_target,left of,right of,The painting is in front of Ali. Ali turns right. The painting is BLANK Ali.,0e4f4e87-15d0-5112-9419-f448e5fefa0a,base
A3LVLZS8S41ZD7,1,1,target,0,egocentric_near,egocentric_near_target,left of,right of,The painting is in front of Ali. Ali turns right. The painting is BLANK Ali.,0e4f4e87-15d0-5112-9419-f448e5fefa0a,base
A3NRAEKWOKVUNN,1,1,target,1,egocentric_near,egocentric_near_target,left of,right of,The painting is in front of Ali. Ali turns right. The painting is BLANK Ali.,0e4f4e87-15d0-5112-9419-f448e5fefa0a,base
A3PGS1Q1XAY79I,1,1,target,1,egocentric_near,egocentric_near_target,left of,right of,The painting is in front of Ali. Ali turns right. The painting is BLANK Ali.,0e4f4e87-15d0-5112-9419-f448e5fefa0a,base
A3QUAM5Y482D4U,1,1,target,1,egocentric_near,egocentric_near_target,left of,right of,The painting is in front of Ali. Ali turns right. The painting is BLANK Ali.,0e4f4e87-15d0-5112-9419-f448e5fefa0a,base
AN4TEA6EBEB2V,1,1,target,1,egocentric_near,egocentric_near_target,left of,right of,The painting is in front of Ali. Ali turns right. The painting is BLANK Ali.,0e4f4e87-15d0-5112-9419-f448e5fefa0a,base
AR1IWBDA7MC86,1,1,target,1,egocentric_near,egocentric_near_target,left of,right of,The painting is in front of Ali. Ali turns right. The painting is BLANK Ali.,0e4f4e87-15d0-5112-9419-f448e5fefa0a,base
AURYD2FH3FUOQ,1,1,target,1,egocentric_near,egocentric_near_target,left of,right of,The painting is in front of Ali. Ali turns right. The painting is BLANK Ali.,0e4f4e87-15d0-5112-9419-f448e5fefa0a,base
AZ69TBTDH7AZS,1,1,target,0,egocentric_near,egocentric_near_target,left of,right of,The painting is in front of Ali. Ali turns right. The painting is BLANK Ali.,0e4f4e87-15d0-5112-9419-f448e5fefa0a,base
A14W0AXTJ3R19V,1,1,target,1,state_follows,state_follows_target,two pieces,one piece,The paper is in one piece. Ali rips the paper. The paper is in BLANK.,7458bdf0-d5e5-588f-b9f6-5524c8d5ef62,base
A16XDO6MW9ZKMI,1,1,target,1,state_follows,state_follows_target,two pieces,one piece,The paper is in one piece. Ali rips the paper. The paper is in BLANK.,7458bdf0-d5e5-588f-b9f6-5524c8d5ef62,base
A1BGTK6S3VVX34,1,1,target,1,state_follows,state_follows_target,two pieces,one piece,The paper is in one piece. Ali rips the paper. The paper is in BLANK.,7458bdf0-d5e5-588f-b9f6-5524c8d5ef62,base
A1GV0UZU0T2ORS,1,1,target,1,state_follows,state_follows_target,two pieces,one piece,The paper is in one piece. Ali rips the paper. The paper is in BLANK.,7458bdf0-d5e5-588f-b9f6-5524c8d5ef62,base
A1P458P1C6JOXP,1,1,target,1,state_follows,state_follows_target,two pieces,one piece,The paper is in one piece. Ali rips the paper. The paper is in BLANK.,7458bdf0-d5e5-588f-b9f6-5524c8d5ef62,base
A1PHDT66U6IK4Q,1,1,target,1,state_follows,state_follows_target,two pieces,one piece,The paper is in one piece. Ali rips the paper. The paper is in BLANK.,7458bdf0-d5e5-588f-b9f6-5524c8d5ef62,base
A1SISJL5ST2PWH,1,1,target,1,state_follows,state_follows_target,two pieces,one piece,The paper is in one piece. Ali rips the paper. The paper is in BLANK.,7458bdf0-d5e5-588f-b9f6-5524c8d5ef62,base
A1V3CI8BHA3265,1,1,target,1,state_follows,state_follows_target,two pieces,one piece,The paper is in one piece. Ali rips the paper. The paper is in BLANK.,7458bdf0-d5e5-588f-b9f6-5524c8d5ef62,base
A1WR3WTEHJEY2D,1,1,target,1,state_follows,state_follows_target,two pieces,one piece,The paper is in one piece. Ali rips the paper. The paper is in BLANK.,7458bdf0-d5e5-588f-b9f6-5524c8d5ef62,base
A1YR0204H9JTNK,1,1,target,1,state_follows,state_follows_target,two pieces,one piece,The paper is in one piece. Ali rips the paper. The paper is in BLANK.,7458bdf0-d5e5-588f-b9f6-5524c8d5ef62,base
A24EYMUIGY8M5O,1,1,target,1,state_follows,state_follows_target,two pieces,one piece,The paper is in one piece. Ali rips the paper. The paper is in BLANK.,7458bdf0-d5e5-588f-b9f6-5524c8d5ef62,base
A2HYYV0L5HT1IF,1,1,target,1,state_follows,state_follows_target,two pieces,one piece,The paper is in one piece. Ali rips the paper. The paper is in BLANK.,7458bdf0-d5e5-588f-b9f6-5524c8d5ef62,base
A3FNC8ELMK8YJA,1,1,target,1,state_follows,state_follows_target,two pieces,one piece,The paper is in one piece. Ali rips the paper. The paper is in BLANK.,7458bdf0-d5e5-588f-b9f6-5524c8d5ef62,base
A3LVLZS8S41ZD7,1,1,target,1,state_follows,state_follows_target,two pieces,one piece,The paper is in one piece. Ali rips the paper. The paper is in BLANK.,7458bdf0-d5e5-588f-b9f6-5524c8d5ef62,base
A3NRAEKWOKVUNN,1,1,target,1,state_follows,state_follows_target,two pieces,one piece,The paper is in one piece. Ali rips the paper. The paper is in BLANK.,7458bdf0-d5e5-588f-b9f6-5524c8d5ef62,base
A3PGS1Q1XAY79I,1,1,target,1,state_follows,state_follows_target,two pieces,one piece,The paper is in one piece. Ali rips the paper. The paper is in BLANK.,7458bdf0-d5e5-588f-b9f6-5524c8d5ef62,base
A3QUAM5Y482D4U,1,1,target,1,state_follows,state_follows_target,two pieces,one piece,The paper is in one piece. Ali rips the paper. The paper is in BLANK.,7458bdf0-d5e5-588f-b9f6-5524c8d5ef62,base
AN4TEA6EBEB2V,1,1,target,1,state_follows,state_follows_target,two pieces,one piece,The paper is in one piece. Ali rips the paper. The paper is in BLANK.,7458bdf0-d5e5-588f-b9f6-5524c8d5ef62,base
AR1IWBDA7MC86,1,1,target,1,state_follows,state_follows_target,two pieces,one piece,The paper is in one piece. Ali rips the paper. The paper is in BLANK.,7458bdf0-d5e5-588f-b9f6-5524c8d5ef62,base
AURYD2FH3FUOQ,1,1,target,1,state_follows,state_follows_target,two pieces,one piece,The paper is in one piece. Ali rips the paper. The paper is in BLANK.,7458bdf0-d5e5-588f-b9f6-5524c8d5ef62,base
AZ69TBTDH7AZS,1,1,target,1,state_follows,state_follows_target,two pieces,one piece,The paper is in one piece. Ali rips the paper. The paper is in BLANK.,7458bdf0-d5e5-588f-b9f6-5524c8d5ef62,base
A14W0AXTJ3R19V,1,1,target,1,state_follows,state_follows_target,darker,lighter,The room is dark. Ali blows out the candle. The room gets BLANK.,859f75f7-2237-52f8-8acb-48de35621f8c,base
A16XDO6MW9ZKMI,1,1,target,1,state_follows,state_follows_target,darker,lighter,The room is dark. Ali blows out the candle. The room gets BLANK.,859f75f7-2237-52f8-8acb-48de35621f8c,base
A1BGTK6S3VVX34,1,1,target,1,state_follows,state_follows_target,darker,lighter,The room is dark. Ali blows out the candle. The room gets BLANK.,859f75f7-2237-52f8-8acb-48de35621f8c,base
A1GV0UZU0T2ORS,1,1,target,1,state_follows,state_follows_target,darker,lighter,The room is dark. Ali blows out the candle. The room gets BLANK.,859f75f7-2237-52f8-8acb-48de35621f8c,base
A1P458P1C6JOXP,1,1,target,1,state_follows,state_follows_target,darker,lighter,The room is dark. Ali blows out the candle. The room gets BLANK.,859f75f7-2237-52f8-8acb-48de35621f8c,base
A1PHDT66U6IK4Q,1,1,target,0,state_follows,state_follows_target,darker,lighter,The room is dark. Ali blows out the candle. The room gets BLANK.,859f75f7-2237-52f8-8acb-48de35621f8c,base
A1SISJL5ST2PWH,1,1,target,1,state_follows,state_follows_target,darker,lighter,The room is dark. Ali blows out the candle. The room gets BLANK.,859f75f7-2237-52f8-8acb-48de35621f8c,base
A1V3CI8BHA3265,1,1,target,1,state_follows,state_follows_target,darker,lighter,The room is dark. Ali blows out the candle. The room gets BLANK.,859f75f7-2237-52f8-8acb-48de35621f8c,base
A1WR3WTEHJEY2D,1,1,target,1,state_follows,state_follows_target,darker,lighter,The room is dark. Ali blows out the candle. The room gets BLANK.,859f75f7-2237-52f8-8acb-48de35621f8c,base
A1YR0204H9JTNK,1,1,target,1,state_follows,state_follows_target,darker,lighter,The room is dark. Ali blows out the candle. The room gets BLANK.,859f75f7-2237-52f8-8acb-48de35621f8c,base
A24EYMUIGY8M5O,1,1,target,1,state_follows,state_follows_target,darker,lighter,The room is dark. Ali blows out the candle. The room gets BLANK.,859f75f7-2237-52f8-8acb-48de35621f8c,base
A2HYYV0L5HT1IF,1,1,target,1,state_follows,state_follows_target,darker,lighter,The room is dark. Ali blows out the candle. The room gets BLANK.,859f75f7-2237-52f8-8acb-48de35621f8c,base
A3FNC8ELMK8YJA,1,1,target,1,state_follows,state_follows_target,darker,lighter,The room is dark. Ali blows out the candle. The room gets BLANK.,859f75f7-2237-52f8-8acb-48de35621f8c,base
A3LVLZS8S41ZD7,1,1,target,1,state_follows,state_follows_target,darker,lighter,The room is dark. Ali blows out the candle. The room gets BLANK.,859f75f7-2237-52f8-8acb-48de35621f8c,base
A3NRAEKWOKVUNN,1,1,target,1,state_follows,state_follows_target,darker,lighter,The room is dark. Ali blows out the candle. The room gets BLANK.,859f75f7-2237-52f8-8acb-48de35621f8c,base
A3PGS1Q1XAY79I,1,1,target,1,state_follows,state_follows_target,darker,lighter,The room is dark. Ali blows out the candle. The room gets BLANK.,859f75f7-2237-52f8-8acb-48de35621f8c,base
A3QUAM5Y482D4U,1,1,target,1,state_follows,state_follows_target,darker,lighter,The room is dark. Ali blows out the candle. The room gets BLANK.,859f75f7-2237-52f8-8acb-48de35621f8c,base
AN4TEA6EBEB2V,1,1,target,1,state_follows,state_follows_target,darker,lighter,The room is dark. Ali blows out the candle. The room gets BLANK.,859f75f7-2237-52f8-8acb-48de35621f8c,base
AR1IWBDA7MC86,1,1,target,1,state_follows,state_follows_target,darker,lighter,The room is dark. Ali blows out the candle. The room gets BLANK.,859f75f7-2237-52f8-8acb-48de35621f8c,base
AURYD2FH3FUOQ,1,1,target,1,state_follows,state_follows_target,darker,lighter,The room is dark. Ali blows out the candle. The room gets BLANK.,859f75f7-2237-52f8-8acb-48de35621f8c,base
AZ69TBTDH7AZS,1,1,target,1,state_follows,state_follows_target,darker,lighter,The room is dark. Ali blows out the candle. The room gets BLANK.,859f75f7-2237-52f8-8acb-48de35621f8c,base
A14W0AXTJ3R19V,1,1,target,1,state_follows,state_follows_target,colder,warmer,The soup is on the stove. Ali turns off the stove. The soup gets BLANK.,ab9e5c8f-c86e-5918-a7f7-8f4feb230eae,base
A16XDO6MW9ZKMI,1,1,target,0,state_follows,state_follows_target,colder,warmer,The soup is on the stove. Ali turns off the stove. The soup gets BLANK.,ab9e5c8f-c86e-5918-a7f7-8f4feb230eae,base
A1BGTK6S3VVX34,1,1,target,1,state_follows,state_follows_target,colder,warmer,The soup is on the stove. Ali turns off the stove. The soup gets BLANK.,ab9e5c8f-c86e-5918-a7f7-8f4feb230eae,base
A1GV0UZU0T2ORS,1,1,target,0,state_follows,state_follows_target,colder,warmer,The soup is on the stove. Ali turns off the stove. The soup gets BLANK.,ab9e5c8f-c86e-5918-a7f7-8f4feb230eae,base
A1P458P1C6JOXP,1,1,target,1,state_follows,state_follows_target,colder,warmer,The soup is on the stove. Ali turns off the stove. The soup gets BLANK.,ab9e5c8f-c86e-5918-a7f7-8f4feb230eae,base
A1PHDT66U6IK4Q,1,1,target,1,state_follows,state_follows_target,colder,warmer,The soup is on the stove. Ali turns off the stove. The soup gets BLANK.,ab9e5c8f-c86e-5918-a7f7-8f4feb230eae,base
A1SISJL5ST2PWH,1,1,target,1,state_follows,state_follows_target,colder,warmer,The soup is on the stove. Ali turns off the stove. The soup gets BLANK.,ab9e5c8f-c86e-5918-a7f7-8f4feb230eae,base
A1V3CI8BHA3265,1,1,target,1,state_follows,state_follows_target,colder,warmer,The soup is on the stove. Ali turns off the stove. The soup gets BLANK.,ab9e5c8f-c86e-5918-a7f7-8f4feb230eae,base
A1WR3WTEHJEY2D,1,1,target,1,state_follows,state_follows_target,colder,warmer,The soup is on the stove. Ali turns off the stove. The soup gets BLANK.,ab9e5c8f-c86e-5918-a7f7-8f4feb230eae,base
A1YR0204H9JTNK,1,1,target,1,state_follows,state_follows_target,colder,warmer,The soup is on the stove. Ali turns off the stove. The soup gets BLANK.,ab9e5c8f-c86e-5918-a7f7-8f4feb230eae,base
A24EYMUIGY8M5O,1,1,target,1,state_follows,state_follows_target,colder,warmer,The soup is on the stove. Ali turns off the stove. The soup gets BLANK.,ab9e5c8f-c86e-5918-a7f7-8f4feb230eae,base
A2HYYV0L5HT1IF,1,1,target,1,state_follows,state_follows_target,colder,warmer,The soup is on the stove. Ali turns off the stove. The soup gets BLANK.,ab9e5c8f-c86e-5918-a7f7-8f4feb230eae,base
A3FNC8ELMK8YJA,1,1,target,1,state_follows,state_follows_target,colder,warmer,The soup is on the stove. Ali turns off the stove. The soup gets BLANK.,ab9e5c8f-c86e-5918-a7f7-8f4feb230eae,base
A3LVLZS8S41ZD7,1,1,target,1,state_follows,state_follows_target,colder,warmer,The soup is on the stove. Ali turns off the stove. The soup gets BLANK.,ab9e5c8f-c86e-5918-a7f7-8f4feb230eae,base
A3NRAEKWOKVUNN,1,1,target,1,state_follows,state_follows_target,colder,warmer,The soup is on the stove. Ali turns off the stove. The soup gets BLANK.,ab9e5c8f-c86e-5918-a7f7-8f4feb230eae,base
A3PGS1Q1XAY79I,1,1,target,1,state_follows,state_follows_target,colder,warmer,The soup is on the stove. Ali turns off the stove. The soup gets BLANK.,ab9e5c8f-c86e-5918-a7f7-8f4feb230eae,base
A3QUAM5Y482D4U,1,1,target,1,state_follows,state_follows_target,colder,warmer,The soup is on the stove. Ali turns off the stove. The soup gets BLANK.,ab9e5c8f-c86e-5918-a7f7-8f4feb230eae,base
AN4TEA6EBEB2V,1,1,target,1,state_follows,state_follows_target,colder,warmer,The soup is on the stove. Ali turns off the stove. The soup gets BLANK.,ab9e5c8f-c86e-5918-a7f7-8f4feb230eae,base
AR1IWBDA7MC86,1,1,target,1,state_follows,state_follows_target,colder,warmer,The soup is on the stove. Ali turns off the stove. The soup gets BLANK.,ab9e5c8f-c86e-5918-a7f7-8f4feb230eae,base
AURYD2FH3FUOQ,1,1,target,1,state_follows,state_follows_target,colder,warmer,The soup is on the stove. Ali turns off the stove. The soup gets BLANK.,ab9e5c8f-c86e-5918-a7f7-8f4feb230eae,base
AZ69TBTDH7AZS,1,1,target,0,state_follows,state_follows_target,colder,warmer,The soup is on the stove. Ali turns off the stove. The soup gets BLANK.,ab9e5c8f-c86e-5918-a7f7-8f4feb230eae,base
A14W0AXTJ3R19V,1,1,target,1,geocentric_near,geocentric_near_target,North of,East of,The statue is North of Ali. Ali walks West. The statue is BLANK of Ali.,509b8364-1a32-5e7f-93c8-449b551718c5,base
A16XDO6MW9ZKMI,1,1,target,0,geocentric_near,geocentric_near_target,North of,East of,The statue is North of Ali. Ali walks West. The statue is BLANK of Ali.,509b8364-1a32-5e7f-93c8-449b551718c5,base
A1BGTK6S3VVX34,1,1,target,0,geocentric_near,geocentric_near_target,North of,East of,The statue is North of Ali. Ali walks West. The statue is BLANK of Ali.,509b8364-1a32-5e7f-93c8-449b551718c5,base
A1GV0UZU0T2ORS,1,1,target,1,geocentric_near,geocentric_near_target,North of,East of,The statue is North of Ali. Ali walks West. The statue is BLANK of Ali.,509b8364-1a32-5e7f-93c8-449b551718c5,base
A1P458P1C6JOXP,1,1,target,1,geocentric_near,geocentric_near_target,North of,East of,The statue is North of Ali. Ali walks West. The statue is BLANK of Ali.,509b8364-1a32-5e7f-93c8-449b551718c5,base
A1PHDT66U6IK4Q,1,1,target,0,geocentric_near,geocentric_near_target,North of,East of,The statue is North of Ali. Ali walks West. The statue is BLANK of Ali.,509b8364-1a32-5e7f-93c8-449b551718c5,base
A1SISJL5ST2PWH,1,1,target,0,geocentric_near,geocentric_near_target,North of,East of,The statue is North of Ali. Ali walks West. The statue is BLANK of Ali.,509b8364-1a32-5e7f-93c8-449b551718c5,base
A1V3CI8BHA3265,1,1,target,1,geocentric_near,geocentric_near_target,North of,East of,The statue is North of Ali. Ali walks West. The statue is BLANK of Ali.,509b8364-1a32-5e7f-93c8-449b551718c5,base
A1WR3WTEHJEY2D,1,1,target,0,geocentric_near,geocentric_near_target,North of,East of,The statue is North of Ali. Ali walks West. The statue is BLANK of Ali.,509b8364-1a32-5e7f-93c8-449b551718c5,base
A1YR0204H9JTNK,1,1,target,0,geocentric_near,geocentric_near_target,North of,East of,The statue is North of Ali. Ali walks West. The statue is BLANK of Ali.,509b8364-1a32-5e7f-93c8-449b551718c5,base
A24EYMUIGY8M5O,1,1,target,1,geocentric_near,geocentric_near_target,North of,East of,The statue is North of Ali. Ali walks West. The statue is BLANK of Ali.,509b8364-1a32-5e7f-93c8-449b551718c5,base
A2HYYV0L5HT1IF,1,1,target,1,geocentric_near,geocentric_near_target,North of,East of,The statue is North of Ali. Ali walks West. The statue is BLANK of Ali.,509b8364-1a32-5e7f-93c8-449b551718c5,base
A3FNC8ELMK8YJA,1,1,target,0,geocentric_near,geocentric_near_target,North of,East of,The statue is North of Ali. Ali walks West. The statue is BLANK of Ali.,509b8364-1a32-5e7f-93c8-449b551718c5,base
A3LVLZS8S41ZD7,1,1,target,0,geocentric_near,geocentric_near_target,North of,East of,The statue is North of Ali. Ali walks West. The statue is BLANK of Ali.,509b8364-1a32-5e7f-93c8-449b551718c5,base
A3NRAEKWOKVUNN,1,1,target,1,geocentric_near,geocentric_near_target,North of,East of,The statue is North of Ali. Ali walks West. The statue is BLANK of Ali.,509b8364-1a32-5e7f-93c8-449b551718c5,base
A3PGS1Q1XAY79I,1,1,target,1,geocentric_near,geocentric_near_target,North of,East of,The statue is North of Ali. Ali walks West. The statue is BLANK of Ali.,509b8364-1a32-5e7f-93c8-449b551718c5,base
A3QUAM5Y482D4U,1,1,target,1,geocentric_near,geocentric_near_target,North of,East of,The statue is North of Ali. Ali walks West. The statue is BLANK of Ali.,509b8364-1a32-5e7f-93c8-449b551718c5,base
AN4TEA6EBEB2V,1,1,target,0,geocentric_near,geocentric_near_target,North of,East of,The statue is North of Ali. Ali walks West. The statue is BLANK of Ali.,509b8364-1a32-5e7f-93c8-449b551718c5,base
AR1IWBDA7MC86,1,1,target,0,geocentric_near,geocentric_near_target,North of,East of,The statue is North of Ali. Ali walks West. The statue is BLANK of Ali.,509b8364-1a32-5e7f-93c8-449b551718c5,base
AURYD2FH3FUOQ,1,1,target,1,geocentric_near,geocentric_near_target,North of,East of,The statue is North of Ali. Ali walks West. The statue is BLANK of Ali.,509b8364-1a32-5e7f-93c8-449b551718c5,base
AZ69TBTDH7AZS,1,1,target,0,geocentric_near,geocentric_near_target,North of,East of,The statue is North of Ali. Ali walks West. The statue is BLANK of Ali.,509b8364-1a32-5e7f-93c8-449b551718c5,base
A14W0AXTJ3R19V,1,1,target,1,geocentric_near,geocentric_near_target,West of,South of,The statue is West of Ali. Ali walks North. The statue is BLANK of Ali.,b9f30b99-3fb3-5807-a2ec-bbe349b45d3a,base
A16XDO6MW9ZKMI,1,1,target,0,geocentric_near,geocentric_near_target,West of,South of,The statue is West of Ali. Ali walks North. The statue is BLANK of Ali.,b9f30b99-3fb3-5807-a2ec-bbe349b45d3a,base
A1BGTK6S3VVX34,1,1,target,1,geocentric_near,geocentric_near_target,West of,South of,The statue is West of Ali. Ali walks North. The statue is BLANK of Ali.,b9f30b99-3fb3-5807-a2ec-bbe349b45d3a,base
A1GV0UZU0T2ORS,1,1,target,1,geocentric_near,geocentric_near_target,West of,South of,The statue is West of Ali. Ali walks North. The statue is BLANK of Ali.,b9f30b99-3fb3-5807-a2ec-bbe349b45d3a,base
A1P458P1C6JOXP,1,1,target,1,geocentric_near,geocentric_near_target,West of,South of,The statue is West of Ali. Ali walks North. The statue is BLANK of Ali.,b9f30b99-3fb3-5807-a2ec-bbe349b45d3a,base
A1PHDT66U6IK4Q,1,1,target,1,geocentric_near,geocentric_near_target,West of,South of,The statue is West of Ali. Ali walks North. The statue is BLANK of Ali.,b9f30b99-3fb3-5807-a2ec-bbe349b45d3a,base
A1SISJL5ST2PWH,1,1,target,0,geocentric_near,geocentric_near_target,West of,South of,The statue is West of Ali. Ali walks North. The statue is BLANK of Ali.,b9f30b99-3fb3-5807-a2ec-bbe349b45d3a,base
A1V3CI8BHA3265,1,1,target,0,geocentric_near,geocentric_near_target,West of,South of,The statue is West of Ali. Ali walks North. The statue is BLANK of Ali.,b9f30b99-3fb3-5807-a2ec-bbe349b45d3a,base
A1WR3WTEHJEY2D,1,1,target,1,geocentric_near,geocentric_near_target,West of,South of,The statue is West of Ali. Ali walks North. The statue is BLANK of Ali.,b9f30b99-3fb3-5807-a2ec-bbe349b45d3a,base
A1YR0204H9JTNK,1,1,target,1,geocentric_near,geocentric_near_target,West of,South of,The statue is West of Ali. Ali walks North. The statue is BLANK of Ali.,b9f30b99-3fb3-5807-a2ec-bbe349b45d3a,base
A24EYMUIGY8M5O,1,1,target,0,geocentric_near,geocentric_near_target,West of,South of,The statue is West of Ali. Ali walks North. The statue is BLANK of Ali.,b9f30b99-3fb3-5807-a2ec-bbe349b45d3a,base
A2HYYV0L5HT1IF,1,1,target,1,geocentric_near,geocentric_near_target,West of,South of,The statue is West of Ali. Ali walks North. The statue is BLANK of Ali.,b9f30b99-3fb3-5807-a2ec-bbe349b45d3a,base
A3FNC8ELMK8YJA,1,1,target,0,geocentric_near,geocentric_near_target,West of,South of,The statue is West of Ali. Ali walks North. The statue is BLANK of Ali.,b9f30b99-3fb3-5807-a2ec-bbe349b45d3a,base
A3LVLZS8S41ZD7,1,1,target,0,geocentric_near,geocentric_near_target,West of,South of,The statue is West of Ali. Ali walks North. The statue is BLANK of Ali.,b9f30b99-3fb3-5807-a2ec-bbe349b45d3a,base
A3NRAEKWOKVUNN,1,1,target,0,geocentric_near,geocentric_near_target,West of,South of,The statue is West of Ali. Ali walks North. The statue is BLANK of Ali.,b9f30b99-3fb3-5807-a2ec-bbe349b45d3a,base
A3PGS1Q1XAY79I,1,1,target,0,geocentric_near,geocentric_near_target,West of,South of,The statue is West of Ali. Ali walks North. The statue is BLANK of Ali.,b9f30b99-3fb3-5807-a2ec-bbe349b45d3a,base
A3QUAM5Y482D4U,1,1,target,1,geocentric_near,geocentric_near_target,West of,South of,The statue is West of Ali. Ali walks North. The statue is BLANK of Ali.,b9f30b99-3fb3-5807-a2ec-bbe349b45d3a,base
AN4TEA6EBEB2V,1,1,target,0,geocentric_near,geocentric_near_target,West of,South of,The statue is West of Ali. Ali walks North. The statue is BLANK of Ali.,b9f30b99-3fb3-5807-a2ec-bbe349b45d3a,base
AR1IWBDA7MC86,1,1,target,1,geocentric_near,geocentric_near_target,West of,South of,The statue is West of Ali. Ali walks North. The statue is BLANK of Ali.,b9f30b99-3fb3-5807-a2ec-bbe349b45d3a,base
AURYD2FH3FUOQ,1,1,target,1,geocentric_near,geocentric_near_target,West of,South of,The statue is West of Ali. Ali walks North. The statue is BLANK of Ali.,b9f30b99-3fb3-5807-a2ec-bbe349b45d3a,base
AZ69TBTDH7AZS,1,1,target,1,geocentric_near,geocentric_near_target,West of,South of,The statue is West of Ali. Ali walks North. The statue is BLANK of Ali.,b9f30b99-3fb3-5807-a2ec-bbe349b45d3a,base
A14W0AXTJ3R19V,1,1,target,1,action_follows,action_follows_target,far from,close to,The tennis ball is next to the bowling ball. Ali throws the tennis ball. The tennis ball is BLANK the bowling ball.,d0ffaeea-8ab9-5329-a1e2-398798a8fba8,base
A16XDO6MW9ZKMI,1,1,target,1,action_follows,action_follows_target,far from,close to,The tennis ball is next to the bowling ball. Ali throws the tennis ball. The tennis ball is BLANK the bowling ball.,d0ffaeea-8ab9-5329-a1e2-398798a8fba8,base
A1BGTK6S3VVX34,1,1,target,1,action_follows,action_follows_target,far from,close to,The tennis ball is next to the bowling ball. Ali throws the tennis ball. The tennis ball is BLANK the bowling ball.,d0ffaeea-8ab9-5329-a1e2-398798a8fba8,base
A1GV0UZU0T2ORS,1,1,target,1,action_follows,action_follows_target,far from,close to,The tennis ball is next to the bowling ball. Ali throws the tennis ball. The tennis ball is BLANK the bowling ball.,d0ffaeea-8ab9-5329-a1e2-398798a8fba8,base
A1P458P1C6JOXP,1,1,target,1,action_follows,action_follows_target,far from,close to,The tennis ball is next to the bowling ball. Ali throws the tennis ball. The tennis ball is BLANK the bowling ball.,d0ffaeea-8ab9-5329-a1e2-398798a8fba8,base
A1PHDT66U6IK4Q,1,1,target,1,action_follows,action_follows_target,far from,close to,The tennis ball is next to the bowling ball. Ali throws the tennis ball. The tennis ball is BLANK the bowling ball.,d0ffaeea-8ab9-5329-a1e2-398798a8fba8,base
A1SISJL5ST2PWH,1,1,target,1,action_follows,action_follows_target,far from,close to,The tennis ball is next to the bowling ball. Ali throws the tennis ball. The tennis ball is BLANK the bowling ball.,d0ffaeea-8ab9-5329-a1e2-398798a8fba8,base
A1V3CI8BHA3265,1,1,target,1,action_follows,action_follows_target,far from,close to,The tennis ball is next to the bowling ball. Ali throws the tennis ball. The tennis ball is BLANK the bowling ball.,d0ffaeea-8ab9-5329-a1e2-398798a8fba8,base
A1WR3WTEHJEY2D,1,1,target,1,action_follows,action_follows_target,far from,close to,The tennis ball is next to the bowling ball. Ali throws the tennis ball. The tennis ball is BLANK the bowling ball.,d0ffaeea-8ab9-5329-a1e2-398798a8fba8,base
A1YR0204H9JTNK,1,1,target,1,action_follows,action_follows_target,far from,close to,The tennis ball is next to the bowling ball. Ali throws the tennis ball. The tennis ball is BLANK the bowling ball.,d0ffaeea-8ab9-5329-a1e2-398798a8fba8,base
A24EYMUIGY8M5O,1,1,target,1,action_follows,action_follows_target,far from,close to,The tennis ball is next to the bowling ball. Ali throws the tennis ball. The tennis ball is BLANK the bowling ball.,d0ffaeea-8ab9-5329-a1e2-398798a8fba8,base
A2HYYV0L5HT1IF,1,1,target,1,action_follows,action_follows_target,far from,close to,The tennis ball is next to the bowling ball. Ali throws the tennis ball. The tennis ball is BLANK the bowling ball.,d0ffaeea-8ab9-5329-a1e2-398798a8fba8,base
A3FNC8ELMK8YJA,1,1,target,1,action_follows,action_follows_target,far from,close to,The tennis ball is next to the bowling ball. Ali throws the tennis ball. The tennis ball is BLANK the bowling ball.,d0ffaeea-8ab9-5329-a1e2-398798a8fba8,base
A3LVLZS8S41ZD7,1,1,target,1,action_follows,action_follows_target,far from,close to,The tennis ball is next to the bowling ball. Ali throws the tennis ball. The tennis ball is BLANK the bowling ball.,d0ffaeea-8ab9-5329-a1e2-398798a8fba8,base
A3NRAEKWOKVUNN,1,1,target,1,action_follows,action_follows_target,far from,close to,The tennis ball is next to the bowling ball. Ali throws the tennis ball. The tennis ball is BLANK the bowling ball.,d0ffaeea-8ab9-5329-a1e2-398798a8fba8,base
A3PGS1Q1XAY79I,1,1,target,1,action_follows,action_follows_target,far from,close to,The tennis ball is next to the bowling ball. Ali throws the tennis ball. The tennis ball is BLANK the bowling ball.,d0ffaeea-8ab9-5329-a1e2-398798a8fba8,base
A3QUAM5Y482D4U,1,1,target,1,action_follows,action_follows_target,far from,close to,The tennis ball is next to the bowling ball. Ali throws the tennis ball. The tennis ball is BLANK the bowling ball.,d0ffaeea-8ab9-5329-a1e2-398798a8fba8,base
AN4TEA6EBEB2V,1,1,target,1,action_follows,action_follows_target,far from,close to,The tennis ball is next to the bowling ball. Ali throws the tennis ball. The tennis ball is BLANK the bowling ball.,d0ffaeea-8ab9-5329-a1e2-398798a8fba8,base
AR1IWBDA7MC86,1,1,target,1,action_follows,action_follows_target,far from,close to,The tennis ball is next to the bowling ball. Ali throws the tennis ball. The tennis ball is BLANK the bowling ball.,d0ffaeea-8ab9-5329-a1e2-398798a8fba8,base
AURYD2FH3FUOQ,1,1,target,1,action_follows,action_follows_target,far from,close to,The tennis ball is next to the bowling ball. Ali throws the tennis ball. The tennis ball is BLANK the bowling ball.,d0ffaeea-8ab9-5329-a1e2-398798a8fba8,base
AZ69TBTDH7AZS,1,1,target,1,action_follows,action_follows_target,far from,close to,The tennis ball is next to the bowling ball. Ali throws the tennis ball. The tennis ball is BLANK the bowling ball.,d0ffaeea-8ab9-5329-a1e2-398798a8fba8,base
A14W0AXTJ3R19V,1,1,target,1,state_nonfollows,state_nonfollows_target,clean,painted,The wall was painted 1 month ago. Ali touches the wall. Ali's hand is BLANK.,e6f27e68-1747-5207-b62d-4a53a1ef2129,base
A16XDO6MW9ZKMI,1,1,target,0,state_nonfollows,state_nonfollows_target,clean,painted,The wall was painted 1 month ago. Ali touches the wall. Ali's hand is BLANK.,e6f27e68-1747-5207-b62d-4a53a1ef2129,base
A1BGTK6S3VVX34,1,1,target,1,state_nonfollows,state_nonfollows_target,clean,painted,The wall was painted 1 month ago. Ali touches the wall. Ali's hand is BLANK.,e6f27e68-1747-5207-b62d-4a53a1ef2129,base
A1GV0UZU0T2ORS,1,1,target,0,state_nonfollows,state_nonfollows_target,clean,painted,The wall was painted 1 month ago. Ali touches the wall. Ali's hand is BLANK.,e6f27e68-1747-5207-b62d-4a53a1ef2129,base
A1P458P1C6JOXP,1,1,target,1,state_nonfollows,state_nonfollows_target,clean,painted,The wall was painted 1 month ago. Ali touches the wall. Ali's hand is BLANK.,e6f27e68-1747-5207-b62d-4a53a1ef2129,base
A1PHDT66U6IK4Q,1,1,target,1,state_nonfollows,state_nonfollows_target,clean,painted,The wall was painted 1 month ago. Ali touches the wall. Ali's hand is BLANK.,e6f27e68-1747-5207-b62d-4a53a1ef2129,base
A1SISJL5ST2PWH,1,1,target,1,state_nonfollows,state_nonfollows_target,clean,painted,The wall was painted 1 month ago. Ali touches the wall. Ali's hand is BLANK.,e6f27e68-1747-5207-b62d-4a53a1ef2129,base
A1V3CI8BHA3265,1,1,target,1,state_nonfollows,state_nonfollows_target,clean,painted,The wall was painted 1 month ago. Ali touches the wall. Ali's hand is BLANK.,e6f27e68-1747-5207-b62d-4a53a1ef2129,base
A1WR3WTEHJEY2D,1,1,target,1,state_nonfollows,state_nonfollows_target,clean,painted,The wall was painted 1 month ago. Ali touches the wall. Ali's hand is BLANK.,e6f27e68-1747-5207-b62d-4a53a1ef2129,base
A1YR0204H9JTNK,1,1,target,1,state_nonfollows,state_nonfollows_target,clean,painted,The wall was painted 1 month ago. Ali touches the wall. Ali's hand is BLANK.,e6f27e68-1747-5207-b62d-4a53a1ef2129,base
A24EYMUIGY8M5O,1,1,target,1,state_nonfollows,state_nonfollows_target,clean,painted,The wall was painted 1 month ago. Ali touches the wall. Ali's hand is BLANK.,e6f27e68-1747-5207-b62d-4a53a1ef2129,base
A2HYYV0L5HT1IF,1,1,target,1,state_nonfollows,state_nonfollows_target,clean,painted,The wall was painted 1 month ago. Ali touches the wall. Ali's hand is BLANK.,e6f27e68-1747-5207-b62d-4a53a1ef2129,base
A3FNC8ELMK8YJA,1,1,target,1,state_nonfollows,state_nonfollows_target,clean,painted,The wall was painted 1 month ago. Ali touches the wall. Ali's hand is BLANK.,e6f27e68-1747-5207-b62d-4a53a1ef2129,base
A3LVLZS8S41ZD7,1,1,target,0,state_nonfollows,state_nonfollows_target,clean,painted,The wall was painted 1 month ago. Ali touches the wall. Ali's hand is BLANK.,e6f27e68-1747-5207-b62d-4a53a1ef2129,base
A3NRAEKWOKVUNN,1,1,target,1,state_nonfollows,state_nonfollows_target,clean,painted,The wall was painted 1 month ago. Ali touches the wall. Ali's hand is BLANK.,e6f27e68-1747-5207-b62d-4a53a1ef2129,base
A3PGS1Q1XAY79I,1,1,target,1,state_nonfollows,state_nonfollows_target,clean,painted,The wall was painted 1 month ago. Ali touches the wall. Ali's hand is BLANK.,e6f27e68-1747-5207-b62d-4a53a1ef2129,base
A3QUAM5Y482D4U,1,1,target,0,state_nonfollows,state_nonfollows_target,clean,painted,The wall was painted 1 month ago. Ali touches the wall. Ali's hand is BLANK.,e6f27e68-1747-5207-b62d-4a53a1ef2129,base
AN4TEA6EBEB2V,1,1,target,1,state_nonfollows,state_nonfollows_target,clean,painted,The wall was painted 1 month ago. Ali touches the wall. Ali's hand is BLANK.,e6f27e68-1747-5207-b62d-4a53a1ef2129,base
AR1IWBDA7MC86,1,1,target,1,state_nonfollows,state_nonfollows_target,clean,painted,The wall was painted 1 month ago. Ali touches the wall. Ali's hand is BLANK.,e6f27e68-1747-5207-b62d-4a53a1ef2129,base
AURYD2FH3FUOQ,1,1,target,1,state_nonfollows,state_nonfollows_target,clean,painted,The wall was painted 1 month ago. Ali touches the wall. Ali's hand is BLANK.,e6f27e68-1747-5207-b62d-4a53a1ef2129,base
AZ69TBTDH7AZS,1,1,target,1,state_nonfollows,state_nonfollows_target,clean,painted,The wall was painted 1 month ago. Ali touches the wall. Ali's hand is BLANK.,e6f27e68-1747-5207-b62d-4a53a1ef2129,base
A14W0AXTJ3R19V,1,1,target,0,state_nonfollows,state_nonfollows_target,doesn't break,breaks,The window is behind Ali and the wall is in front of Ali. Ali throws the baseball at the wall. The window BLANK.,93f6ca60-d035-5404-98d1-5cab22558138,base
A16XDO6MW9ZKMI,1,1,target,0,state_nonfollows,state_nonfollows_target,doesn't break,breaks,The window is behind Ali and the wall is in front of Ali. Ali throws the baseball at the wall. The window BLANK.,93f6ca60-d035-5404-98d1-5cab22558138,base
A1BGTK6S3VVX34,1,1,target,1,state_nonfollows,state_nonfollows_target,doesn't break,breaks,The window is behind Ali and the wall is in front of Ali. Ali throws the baseball at the wall. The window BLANK.,93f6ca60-d035-5404-98d1-5cab22558138,base
A1GV0UZU0T2ORS,1,1,target,1,state_nonfollows,state_nonfollows_target,doesn't break,breaks,The window is behind Ali and the wall is in front of Ali. Ali throws the baseball at the wall. The window BLANK.,93f6ca60-d035-5404-98d1-5cab22558138,base
A1P458P1C6JOXP,1,1,target,0,state_nonfollows,state_nonfollows_target,doesn't break,breaks,The window is behind Ali and the wall is in front of Ali. Ali throws the baseball at the wall. The window BLANK.,93f6ca60-d035-5404-98d1-5cab22558138,base
A1PHDT66U6IK4Q,1,1,target,1,state_nonfollows,state_nonfollows_target,doesn't break,breaks,The window is behind Ali and the wall is in front of Ali. Ali throws the baseball at the wall. The window BLANK.,93f6ca60-d035-5404-98d1-5cab22558138,base
A1SISJL5ST2PWH,1,1,target,1,state_nonfollows,state_nonfollows_target,doesn't break,breaks,The window is behind Ali and the wall is in front of Ali. Ali throws the baseball at the wall. The window BLANK.,93f6ca60-d035-5404-98d1-5cab22558138,base
A1V3CI8BHA3265,1,1,target,1,state_nonfollows,state_nonfollows_target,doesn't break,breaks,The window is behind Ali and the wall is in front of Ali. Ali throws the baseball at the wall. The window BLANK.,93f6ca60-d035-5404-98d1-5cab22558138,base
A1WR3WTEHJEY2D,1,1,target,1,state_nonfollows,state_nonfollows_target,doesn't break,breaks,The window is behind Ali and the wall is in front of Ali. Ali throws the baseball at the wall. The window BLANK.,93f6ca60-d035-5404-98d1-5cab22558138,base
A24EYMUIGY8M5O,1,1,target,1,state_nonfollows,state_nonfollows_target,doesn't break,breaks,The window is behind Ali and the wall is in front of Ali. Ali throws the baseball at the wall. The window BLANK.,93f6ca60-d035-5404-98d1-5cab22558138,base
A2HYYV0L5HT1IF,1,1,target,0,state_nonfollows,state_nonfollows_target,doesn't break,breaks,The window is behind Ali and the wall is in front of Ali. Ali throws the baseball at the wall. The window BLANK.,93f6ca60-d035-5404-98d1-5cab22558138,base
A3FNC8ELMK8YJA,1,1,target,1,state_nonfollows,state_nonfollows_target,doesn't break,breaks,The window is behind Ali and the wall is in front of Ali. Ali throws the baseball at the wall. The window BLANK.,93f6ca60-d035-5404-98d1-5cab22558138,base
A3LVLZS8S41ZD7,1,1,target,0,state_nonfollows,state_nonfollows_target,doesn't break,breaks,The window is behind Ali and the wall is in front of Ali. Ali throws the baseball at the wall. The window BLANK.,93f6ca60-d035-5404-98d1-5cab22558138,base
A3NRAEKWOKVUNN,1,1,target,1,state_nonfollows,state_nonfollows_target,doesn't break,breaks,The window is behind Ali and the wall is in front of Ali. Ali throws the baseball at the wall. The window BLANK.,93f6ca60-d035-5404-98d1-5cab22558138,base
A3PGS1Q1XAY79I,1,1,target,1,state_nonfollows,state_nonfollows_target,doesn't break,breaks,The window is behind Ali and the wall is in front of Ali. Ali throws the baseball at the wall. The window BLANK.,93f6ca60-d035-5404-98d1-5cab22558138,base
A3QUAM5Y482D4U,1,1,target,1,state_nonfollows,state_nonfollows_target,doesn't break,breaks,The window is behind Ali and the wall is in front of Ali. Ali throws the baseball at the wall. The window BLANK.,93f6ca60-d035-5404-98d1-5cab22558138,base
AN4TEA6EBEB2V,1,1,target,1,state_nonfollows,state_nonfollows_target,doesn't break,breaks,The window is behind Ali and the wall is in front of Ali. Ali throws the baseball at the wall. The window BLANK.,93f6ca60-d035-5404-98d1-5cab22558138,base
AR1IWBDA7MC86,1,1,target,1,state_nonfollows,state_nonfollows_target,doesn't break,breaks,The window is behind Ali and the wall is in front of Ali. Ali throws the baseball at the wall. The window BLANK.,93f6ca60-d035-5404-98d1-5cab22558138,base
AURYD2FH3FUOQ,1,1,target,0,state_nonfollows,state_nonfollows_target,doesn't break,breaks,The window is behind Ali and the wall is in front of Ali. Ali throws the baseball at the wall. The window BLANK.,93f6ca60-d035-5404-98d1-5cab22558138,base
AZ69TBTDH7AZS,1,1,target,1,state_nonfollows,state_nonfollows_target,doesn't break,breaks,The window is behind Ali and the wall is in front of Ali. Ali throws the baseball at the wall. The window BLANK.,93f6ca60-d035-5404-98d1-5cab22558138,base
A1PMZUBGXFANCI,1,3,target,1,two_refs_egocentric,two_refs_egocentric_target,towards,away from,Ali and Mark are facing eachother. Mark turns around. Ali is facing BLANK Mark.,0f27ed08-ff9a-593c-a9d7-a3c11c3fa063,base
A1Q6VY3C3CEOA0,1,3,target,1,two_refs_egocentric,two_refs_egocentric_target,towards,away from,Ali and Mark are facing eachother. Mark turns around. Ali is facing BLANK Mark.,0f27ed08-ff9a-593c-a9d7-a3c11c3fa063,base
A207IHY6GERCFO,1,3,target,0,two_refs_egocentric,two_refs_egocentric_target,towards,away from,Ali and Mark are facing eachother. Mark turns around. Ali is facing BLANK Mark.,0f27ed08-ff9a-593c-a9d7-a3c11c3fa063,base
A249EWKM1EOARK,1,3,target,0,two_refs_egocentric,two_refs_egocentric_target,towards,away from,Ali and Mark are facing eachother. Mark turns around. Ali is facing BLANK Mark.,0f27ed08-ff9a-593c-a9d7-a3c11c3fa063,base
A2FP41BSPG0Y4A,1,3,target,0,two_refs_egocentric,two_refs_egocentric_target,towards,away from,Ali and Mark are facing eachother. Mark turns around. Ali is facing BLANK Mark.,0f27ed08-ff9a-593c-a9d7-a3c11c3fa063,base
A2WJMGV0HKQG3Z,1,3,target,0,two_refs_egocentric,two_refs_egocentric_target,towards,away from,Ali and Mark are facing eachother. Mark turns around. Ali is facing BLANK Mark.,0f27ed08-ff9a-593c-a9d7-a3c11c3fa063,base
A367DFRENYZ3IM,1,3,target,1,two_refs_egocentric,two_refs_egocentric_target,towards,away from,Ali and Mark are facing eachother. Mark turns around. Ali is facing BLANK Mark.,0f27ed08-ff9a-593c-a9d7-a3c11c3fa063,base
A36CQIFWEDEECU,1,3,target,0,two_refs_egocentric,two_refs_egocentric_target,towards,away from,Ali and Mark are facing eachother. Mark turns around. Ali is facing BLANK Mark.,0f27ed08-ff9a-593c-a9d7-a3c11c3fa063,base
A3FMLJB693H2TY,1,3,target,1,two_refs_egocentric,two_refs_egocentric_target,towards,away from,Ali and Mark are facing eachother. Mark turns around. Ali is facing BLANK Mark.,0f27ed08-ff9a-593c-a9d7-a3c11c3fa063,base
A3KCG6O1OOK3Y5,1,3,target,1,two_refs_egocentric,two_refs_egocentric_target,towards,away from,Ali and Mark are facing eachother. Mark turns around. Ali is facing BLANK Mark.,0f27ed08-ff9a-593c-a9d7-a3c11c3fa063,base
A3L60SOWLYEDN2,1,3,target,1,two_refs_egocentric,two_refs_egocentric_target,towards,away from,Ali and Mark are facing eachother. Mark turns around. Ali is facing BLANK Mark.,0f27ed08-ff9a-593c-a9d7-a3c11c3fa063,base
A3TDPXTB6Y6H1I,1,3,target,0,two_refs_egocentric,two_refs_egocentric_target,towards,away from,Ali and Mark are facing eachother. Mark turns around. Ali is facing BLANK Mark.,0f27ed08-ff9a-593c-a9d7-a3c11c3fa063,base
A3UV55HC87DO9C,1,3,target,0,two_refs_egocentric,two_refs_egocentric_target,towards,away from,Ali and Mark are facing eachother. Mark turns around. Ali is facing BLANK Mark.,0f27ed08-ff9a-593c-a9d7-a3c11c3fa063,base
AR4FNR7Z2WLC8,1,3,target,0,two_refs_egocentric,two_refs_egocentric_target,towards,away from,Ali and Mark are facing eachother. Mark turns around. Ali is facing BLANK Mark.,0f27ed08-ff9a-593c-a9d7-a3c11c3fa063,base
AWO4DDM0X826U,1,3,target,1,two_refs_egocentric,two_refs_egocentric_target,towards,away from,Ali and Mark are facing eachother. Mark turns around. Ali is facing BLANK Mark.,0f27ed08-ff9a-593c-a9d7-a3c11c3fa063,base
AWPZQ3W3CEJOJ,1,3,target,0,two_refs_egocentric,two_refs_egocentric_target,towards,away from,Ali and Mark are facing eachother. Mark turns around. Ali is facing BLANK Mark.,0f27ed08-ff9a-593c-a9d7-a3c11c3fa063,base
A1PMZUBGXFANCI,1,3,target,1,geocentric_distant,geocentric_distant_target,closer to,further from,Ali is South of Milwaukee. Ali walks North. Ali is getting BLANK Milwaukee.,21a31cff-69cd-5fb6-aa15-b02b298e738a,base
A1Q6VY3C3CEOA0,1,3,target,1,geocentric_distant,geocentric_distant_target,closer to,further from,Ali is South of Milwaukee. Ali walks North. Ali is getting BLANK Milwaukee.,21a31cff-69cd-5fb6-aa15-b02b298e738a,base
A207IHY6GERCFO,1,3,target,1,geocentric_distant,geocentric_distant_target,closer to,further from,Ali is South of Milwaukee. Ali walks North. Ali is getting BLANK Milwaukee.,21a31cff-69cd-5fb6-aa15-b02b298e738a,base
A249EWKM1EOARK,1,3,target,0,geocentric_distant,geocentric_distant_target,closer to,further from,Ali is South of Milwaukee. Ali walks North. Ali is getting BLANK Milwaukee.,21a31cff-69cd-5fb6-aa15-b02b298e738a,base
A2FP41BSPG0Y4A,1,3,target,0,geocentric_distant,geocentric_distant_target,closer to,further from,Ali is South of Milwaukee. Ali walks North. Ali is getting BLANK Milwaukee.,21a31cff-69cd-5fb6-aa15-b02b298e738a,base
A2WJMGV0HKQG3Z,1,3,target,0,geocentric_distant,geocentric_distant_target,closer to,further from,Ali is South of Milwaukee. Ali walks North. Ali is getting BLANK Milwaukee.,21a31cff-69cd-5fb6-aa15-b02b298e738a,base
A367DFRENYZ3IM,1,3,target,1,geocentric_distant,geocentric_distant_target,closer to,further from,Ali is South of Milwaukee. Ali walks North. Ali is getting BLANK Milwaukee.,21a31cff-69cd-5fb6-aa15-b02b298e738a,base
A36CQIFWEDEECU,1,3,target,0,geocentric_distant,geocentric_distant_target,closer to,further from,Ali is South of Milwaukee. Ali walks North. Ali is getting BLANK Milwaukee.,21a31cff-69cd-5fb6-aa15-b02b298e738a,base
A3FMLJB693H2TY,1,3,target,0,geocentric_distant,geocentric_distant_target,closer to,further from,Ali is South of Milwaukee. Ali walks North. Ali is getting BLANK Milwaukee.,21a31cff-69cd-5fb6-aa15-b02b298e738a,base
A3KCG6O1OOK3Y5,1,3,target,0,geocentric_distant,geocentric_distant_target,closer to,further from,Ali is South of Milwaukee. Ali walks North. Ali is getting BLANK Milwaukee.,21a31cff-69cd-5fb6-aa15-b02b298e738a,base
A3L60SOWLYEDN2,1,3,target,1,geocentric_distant,geocentric_distant_target,closer to,further from,Ali is South of Milwaukee. Ali walks North. Ali is getting BLANK Milwaukee.,21a31cff-69cd-5fb6-aa15-b02b298e738a,base
A3TDPXTB6Y6H1I,1,3,target,1,geocentric_distant,geocentric_distant_target,closer to,further from,Ali is South of Milwaukee. Ali walks North. Ali is getting BLANK Milwaukee.,21a31cff-69cd-5fb6-aa15-b02b298e738a,base
A3UV55HC87DO9C,1,3,target,0,geocentric_distant,geocentric_distant_target,closer to,further from,Ali is South of Milwaukee. Ali walks North. Ali is getting BLANK Milwaukee.,21a31cff-69cd-5fb6-aa15-b02b298e738a,base
AR4FNR7Z2WLC8,1,3,target,1,geocentric_distant,geocentric_distant_target,closer to,further from,Ali is South of Milwaukee. Ali walks North. Ali is getting BLANK Milwaukee.,21a31cff-69cd-5fb6-aa15-b02b298e738a,base
AWO4DDM0X826U,1,3,target,1,geocentric_distant,geocentric_distant_target,closer to,further from,Ali is South of Milwaukee. Ali walks North. Ali is getting BLANK Milwaukee.,21a31cff-69cd-5fb6-aa15-b02b298e738a,base
AWPZQ3W3CEJOJ,1,3,target,1,geocentric_distant,geocentric_distant_target,closer to,further from,Ali is South of Milwaukee. Ali walks North. Ali is getting BLANK Milwaukee.,21a31cff-69cd-5fb6-aa15-b02b298e738a,base
A1PMZUBGXFANCI,1,3,target,0,egocentric_near,egocentric_near_target,behind,in front of,Ali is behind the painting. Ali turns around. Ali is BLANK the painting.,cb0d70bb-d9f6-5100-902d-21fd6221cecf,base
A1Q6VY3C3CEOA0,1,3,target,1,egocentric_near,egocentric_near_target,behind,in front of,Ali is behind the painting. Ali turns around. Ali is BLANK the painting.,cb0d70bb-d9f6-5100-902d-21fd6221cecf,base
A207IHY6GERCFO,1,3,target,0,egocentric_near,egocentric_near_target,behind,in front of,Ali is behind the painting. Ali turns around. Ali is BLANK the painting.,cb0d70bb-d9f6-5100-902d-21fd6221cecf,base
A249EWKM1EOARK,1,3,target,0,egocentric_near,egocentric_near_target,behind,in front of,Ali is behind the painting. Ali turns around. Ali is BLANK the painting.,cb0d70bb-d9f6-5100-902d-21fd6221cecf,base
A2FP41BSPG0Y4A,1,3,target,0,egocentric_near,egocentric_near_target,behind,in front of,Ali is behind the painting. Ali turns around. Ali is BLANK the painting.,cb0d70bb-d9f6-5100-902d-21fd6221cecf,base
A2WJMGV0HKQG3Z,1,3,target,0,egocentric_near,egocentric_near_target,behind,in front of,Ali is behind the painting. Ali turns around. Ali is BLANK the painting.,cb0d70bb-d9f6-5100-902d-21fd6221cecf,base
A367DFRENYZ3IM,1,3,target,1,egocentric_near,egocentric_near_target,behind,in front of,Ali is behind the painting. Ali turns around. Ali is BLANK the painting.,cb0d70bb-d9f6-5100-902d-21fd6221cecf,base
A36CQIFWEDEECU,1,3,target,0,egocentric_near,egocentric_near_target,behind,in front of,Ali is behind the painting. Ali turns around. Ali is BLANK the painting.,cb0d70bb-d9f6-5100-902d-21fd6221cecf,base
A3FMLJB693H2TY,1,3,target,1,egocentric_near,egocentric_near_target,behind,in front of,Ali is behind the painting. Ali turns around. Ali is BLANK the painting.,cb0d70bb-d9f6-5100-902d-21fd6221cecf,base
A3KCG6O1OOK3Y5,1,3,target,0,egocentric_near,egocentric_near_target,behind,in front of,Ali is behind the painting. Ali turns around. Ali is BLANK the painting.,cb0d70bb-d9f6-5100-902d-21fd6221cecf,base
A3L60SOWLYEDN2,1,3,target,1,egocentric_near,egocentric_near_target,behind,in front of,Ali is behind the painting. Ali turns around. Ali is BLANK the painting.,cb0d70bb-d9f6-5100-902d-21fd6221cecf,base
A3TDPXTB6Y6H1I,1,3,target,0,egocentric_near,egocentric_near_target,behind,in front of,Ali is behind the painting. Ali turns around. Ali is BLANK the painting.,cb0d70bb-d9f6-5100-902d-21fd6221cecf,base
A3UV55HC87DO9C,1,3,target,0,egocentric_near,egocentric_near_target,behind,in front of,Ali is behind the painting. Ali turns around. Ali is BLANK the painting.,cb0d70bb-d9f6-5100-902d-21fd6221cecf,base
AR4FNR7Z2WLC8,1,3,target,0,egocentric_near,egocentric_near_target,behind,in front of,Ali is behind the painting. Ali turns around. Ali is BLANK the painting.,cb0d70bb-d9f6-5100-902d-21fd6221cecf,base
AWO4DDM0X826U,1,3,target,0,egocentric_near,egocentric_near_target,behind,in front of,Ali is behind the painting. Ali turns around. Ali is BLANK the painting.,cb0d70bb-d9f6-5100-902d-21fd6221cecf,base
AWPZQ3W3CEJOJ,1,3,target,0,egocentric_near,egocentric_near_target,behind,in front of,Ali is behind the painting. Ali turns around. Ali is BLANK the painting.,cb0d70bb-d9f6-5100-902d-21fd6221cecf,base
A1PMZUBGXFANCI,1,3,target,0,action_nonfollows,action_nonfollows_target,behind the statue,in front of the statue,Ali is behind the statue. Ali turns around. Ali is BLANK.,527fdd15-db92-57e8-bc5c-09d9964e45b1,base
A1Q6VY3C3CEOA0,1,3,target,1,action_nonfollows,action_nonfollows_target,behind the statue,in front of the statue,Ali is behind the statue. Ali turns around. Ali is BLANK.,527fdd15-db92-57e8-bc5c-09d9964e45b1,base
A207IHY6GERCFO,1,3,target,0,action_nonfollows,action_nonfollows_target,behind the statue,in front of the statue,Ali is behind the statue. Ali turns around. Ali is BLANK.,527fdd15-db92-57e8-bc5c-09d9964e45b1,base
A249EWKM1EOARK,1,3,target,0,action_nonfollows,action_nonfollows_target,behind the statue,in front of the statue,Ali is behind the statue. Ali turns around. Ali is BLANK.,527fdd15-db92-57e8-bc5c-09d9964e45b1,base
A2FP41BSPG0Y4A,1,3,target,1,action_nonfollows,action_nonfollows_target,behind the statue,in front of the statue,Ali is behind the statue. Ali turns around. Ali is BLANK.,527fdd15-db92-57e8-bc5c-09d9964e45b1,base
A2WJMGV0HKQG3Z,1,3,target,0,action_nonfollows,action_nonfollows_target,behind the statue,in front of the statue,Ali is behind the statue. Ali turns around. Ali is BLANK.,527fdd15-db92-57e8-bc5c-09d9964e45b1,base
A367DFRENYZ3IM,1,3,target,1,action_nonfollows,action_nonfollows_target,behind the statue,in front of the statue,Ali is behind the statue. Ali turns around. Ali is BLANK.,527fdd15-db92-57e8-bc5c-09d9964e45b1,base
A36CQIFWEDEECU,1,3,target,0,action_nonfollows,action_nonfollows_target,behind the statue,in front of the statue,Ali is behind the statue. Ali turns around. Ali is BLANK.,527fdd15-db92-57e8-bc5c-09d9964e45b1,base
A3FMLJB693H2TY,1,3,target,0,action_nonfollows,action_nonfollows_target,behind the statue,in front of the statue,Ali is behind the statue. Ali turns around. Ali is BLANK.,527fdd15-db92-57e8-bc5c-09d9964e45b1,base
A3KCG6O1OOK3Y5,1,3,target,0,action_nonfollows,action_nonfollows_target,behind the statue,in front of the statue,Ali is behind the statue. Ali turns around. Ali is BLANK.,527fdd15-db92-57e8-bc5c-09d9964e45b1,base
A3L60SOWLYEDN2,1,3,target,1,action_nonfollows,action_nonfollows_target,behind the statue,in front of the statue,Ali is behind the statue. Ali turns around. Ali is BLANK.,527fdd15-db92-57e8-bc5c-09d9964e45b1,base
A3TDPXTB6Y6H1I,1,3,target,1,action_nonfollows,action_nonfollows_target,behind the statue,in front of the statue,Ali is behind the statue. Ali turns around. Ali is BLANK.,527fdd15-db92-57e8-bc5c-09d9964e45b1,base
A3UV55HC87DO9C,1,3,target,0,action_nonfollows,action_nonfollows_target,behind the statue,in front of the statue,Ali is behind the statue. Ali turns around. Ali is BLANK.,527fdd15-db92-57e8-bc5c-09d9964e45b1,base
AR4FNR7Z2WLC8,1,3,target,0,action_nonfollows,action_nonfollows_target,behind the statue,in front of the statue,Ali is behind the statue. Ali turns around. Ali is BLANK.,527fdd15-db92-57e8-bc5c-09d9964e45b1,base
AWO4DDM0X826U,1,3,target,0,action_nonfollows,action_nonfollows_target,behind the statue,in front of the statue,Ali is behind the statue. Ali turns around. Ali is BLANK.,527fdd15-db92-57e8-bc5c-09d9964e45b1,base
AWPZQ3W3CEJOJ,1,3,target,0,action_nonfollows,action_nonfollows_target,behind the statue,in front of the statue,Ali is behind the statue. Ali turns around. Ali is BLANK.,527fdd15-db92-57e8-bc5c-09d9964e45b1,base
A1PMZUBGXFANCI,1,3,target,0,egocentric_distant,egocentric_distant_target,right of,left of,Ali is facing away from Chicago. Ali turns right. Chicago is BLANK Ali.,ab3abdc8-bc90-5780-b8cb-2b0fb3ad02ff,base
A1Q6VY3C3CEOA0,1,3,target,1,egocentric_distant,egocentric_distant_target,right of,left of,Ali is facing away from Chicago. Ali turns right. Chicago is BLANK Ali.,ab3abdc8-bc90-5780-b8cb-2b0fb3ad02ff,base
A207IHY6GERCFO,1,3,target,0,egocentric_distant,egocentric_distant_target,right of,left of,Ali is facing away from Chicago. Ali turns right. Chicago is BLANK Ali.,ab3abdc8-bc90-5780-b8cb-2b0fb3ad02ff,base
A249EWKM1EOARK,1,3,target,0,egocentric_distant,egocentric_distant_target,right of,left of,Ali is facing away from Chicago. Ali turns right. Chicago is BLANK Ali.,ab3abdc8-bc90-5780-b8cb-2b0fb3ad02ff,base
A2FP41BSPG0Y4A,1,3,target,0,egocentric_distant,egocentric_distant_target,right of,left of,Ali is facing away from Chicago. Ali turns right. Chicago is BLANK Ali.,ab3abdc8-bc90-5780-b8cb-2b0fb3ad02ff,base
A2WJMGV0HKQG3Z,1,3,target,0,egocentric_distant,egocentric_distant_target,right of,left of,Ali is facing away from Chicago. Ali turns right. Chicago is BLANK Ali.,ab3abdc8-bc90-5780-b8cb-2b0fb3ad02ff,base
A367DFRENYZ3IM,1,3,target,1,egocentric_distant,egocentric_distant_target,right of,left of,Ali is facing away from Chicago. Ali turns right. Chicago is BLANK Ali.,ab3abdc8-bc90-5780-b8cb-2b0fb3ad02ff,base
A36CQIFWEDEECU,1,3,target,1,egocentric_distant,egocentric_distant_target,right of,left of,Ali is facing away from Chicago. Ali turns right. Chicago is BLANK Ali.,ab3abdc8-bc90-5780-b8cb-2b0fb3ad02ff,base
A3FMLJB693H2TY,1,3,target,1,egocentric_distant,egocentric_distant_target,right of,left of,Ali is facing away from Chicago. Ali turns right. Chicago is BLANK Ali.,ab3abdc8-bc90-5780-b8cb-2b0fb3ad02ff,base
A3KCG6O1OOK3Y5,1,3,target,0,egocentric_distant,egocentric_distant_target,right of,left of,Ali is facing away from Chicago. Ali turns right. Chicago is BLANK Ali.,ab3abdc8-bc90-5780-b8cb-2b0fb3ad02ff,base
A3L60SOWLYEDN2,1,3,target,1,egocentric_distant,egocentric_distant_target,right of,left of,Ali is facing away from Chicago. Ali turns right. Chicago is BLANK Ali.,ab3abdc8-bc90-5780-b8cb-2b0fb3ad02ff,base
A3TDPXTB6Y6H1I,1,3,target,1,egocentric_distant,egocentric_distant_target,right of,left of,Ali is facing away from Chicago. Ali turns right. Chicago is BLANK Ali.,ab3abdc8-bc90-5780-b8cb-2b0fb3ad02ff,base
A3UV55HC87DO9C,1,3,target,1,egocentric_distant,egocentric_distant_target,right of,left of,Ali is facing away from Chicago. Ali turns right. Chicago is BLANK Ali.,ab3abdc8-bc90-5780-b8cb-2b0fb3ad02ff,base
AR4FNR7Z2WLC8,1,3,target,1,egocentric_distant,egocentric_distant_target,right of,left of,Ali is facing away from Chicago. Ali turns right. Chicago is BLANK Ali.,ab3abdc8-bc90-5780-b8cb-2b0fb3ad02ff,base
AWO4DDM0X826U,1,3,target,0,egocentric_distant,egocentric_distant_target,right of,left of,Ali is facing away from Chicago. Ali turns right. Chicago is BLANK Ali.,ab3abdc8-bc90-5780-b8cb-2b0fb3ad02ff,base
AWPZQ3W3CEJOJ,1,3,target,1,egocentric_distant,egocentric_distant_target,right of,left of,Ali is facing away from Chicago. Ali turns right. Chicago is BLANK Ali.,ab3abdc8-bc90-5780-b8cb-2b0fb3ad02ff,base
A1PMZUBGXFANCI,1,3,target,1,egocentric_distant,egocentric_distant_target,away from,towards,Ali is facing towards Milwaukee. Ali turns around. Ali is facing BLANK Milwaukee.,cc7b9f8a-866a-58e4-92df-a5489cd21f7d,base
A1Q6VY3C3CEOA0,1,3,target,1,egocentric_distant,egocentric_distant_target,away from,towards,Ali is facing towards Milwaukee. Ali turns around. Ali is facing BLANK Milwaukee.,cc7b9f8a-866a-58e4-92df-a5489cd21f7d,base
A207IHY6GERCFO,1,3,target,1,egocentric_distant,egocentric_distant_target,away from,towards,Ali is facing towards Milwaukee. Ali turns around. Ali is facing BLANK Milwaukee.,cc7b9f8a-866a-58e4-92df-a5489cd21f7d,base
A249EWKM1EOARK,1,3,target,1,egocentric_distant,egocentric_distant_target,away from,towards,Ali is facing towards Milwaukee. Ali turns around. Ali is facing BLANK Milwaukee.,cc7b9f8a-866a-58e4-92df-a5489cd21f7d,base
A2FP41BSPG0Y4A,1,3,target,1,egocentric_distant,egocentric_distant_target,away from,towards,Ali is facing towards Milwaukee. Ali turns around. Ali is facing BLANK Milwaukee.,cc7b9f8a-866a-58e4-92df-a5489cd21f7d,base
A2WJMGV0HKQG3Z,1,3,target,1,egocentric_distant,egocentric_distant_target,away from,towards,Ali is facing towards Milwaukee. Ali turns around. Ali is facing BLANK Milwaukee.,cc7b9f8a-866a-58e4-92df-a5489cd21f7d,base
A367DFRENYZ3IM,1,3,target,1,egocentric_distant,egocentric_distant_target,away from,towards,Ali is facing towards Milwaukee. Ali turns around. Ali is facing BLANK Milwaukee.,cc7b9f8a-866a-58e4-92df-a5489cd21f7d,base
A36CQIFWEDEECU,1,3,target,1,egocentric_distant,egocentric_distant_target,away from,towards,Ali is facing towards Milwaukee. Ali turns around. Ali is facing BLANK Milwaukee.,cc7b9f8a-866a-58e4-92df-a5489cd21f7d,base
A3FMLJB693H2TY,1,3,target,1,egocentric_distant,egocentric_distant_target,away from,towards,Ali is facing towards Milwaukee. Ali turns around. Ali is facing BLANK Milwaukee.,cc7b9f8a-866a-58e4-92df-a5489cd21f7d,base
A3KCG6O1OOK3Y5,1,3,target,1,egocentric_distant,egocentric_distant_target,away from,towards,Ali is facing towards Milwaukee. Ali turns around. Ali is facing BLANK Milwaukee.,cc7b9f8a-866a-58e4-92df-a5489cd21f7d,base
A3L60SOWLYEDN2,1,3,target,1,egocentric_distant,egocentric_distant_target,away from,towards,Ali is facing towards Milwaukee. Ali turns around. Ali is facing BLANK Milwaukee.,cc7b9f8a-866a-58e4-92df-a5489cd21f7d,base
A3TDPXTB6Y6H1I,1,3,target,1,egocentric_distant,egocentric_distant_target,away from,towards,Ali is facing towards Milwaukee. Ali turns around. Ali is facing BLANK Milwaukee.,cc7b9f8a-866a-58e4-92df-a5489cd21f7d,base
A3UV55HC87DO9C,1,3,target,1,egocentric_distant,egocentric_distant_target,away from,towards,Ali is facing towards Milwaukee. Ali turns around. Ali is facing BLANK Milwaukee.,cc7b9f8a-866a-58e4-92df-a5489cd21f7d,base
AR4FNR7Z2WLC8,1,3,target,1,egocentric_distant,egocentric_distant_target,away from,towards,Ali is facing towards Milwaukee. Ali turns around. Ali is facing BLANK Milwaukee.,cc7b9f8a-866a-58e4-92df-a5489cd21f7d,base
AWO4DDM0X826U,1,3,target,1,egocentric_distant,egocentric_distant_target,away from,towards,Ali is facing towards Milwaukee. Ali turns around. Ali is facing BLANK Milwaukee.,cc7b9f8a-866a-58e4-92df-a5489cd21f7d,base
AWPZQ3W3CEJOJ,1,3,target,0,egocentric_distant,egocentric_distant_target,away from,towards,Ali is facing towards Milwaukee. Ali turns around. Ali is facing BLANK Milwaukee.,cc7b9f8a-866a-58e4-92df-a5489cd21f7d,base
A1PMZUBGXFANCI,1,3,target,1,action_nonfollows,action_nonfollows_target,doesn't move,moves,Ali is in the wagon. Ali pushes on the wagon. The wagon BLANK.,a8981c8e-2d19-5659-ab76-8a4c027c51e5,base
A1Q6VY3C3CEOA0,1,3,target,1,action_nonfollows,action_nonfollows_target,doesn't move,moves,Ali is in the wagon. Ali pushes on the wagon. The wagon BLANK.,a8981c8e-2d19-5659-ab76-8a4c027c51e5,base
A207IHY6GERCFO,1,3,target,0,action_nonfollows,action_nonfollows_target,doesn't move,moves,Ali is in the wagon. Ali pushes on the wagon. The wagon BLANK.,a8981c8e-2d19-5659-ab76-8a4c027c51e5,base
A249EWKM1EOARK,1,3,target,0,action_nonfollows,action_nonfollows_target,doesn't move,moves,Ali is in the wagon. Ali pushes on the wagon. The wagon BLANK.,a8981c8e-2d19-5659-ab76-8a4c027c51e5,base
A2FP41BSPG0Y4A,1,3,target,0,action_nonfollows,action_nonfollows_target,doesn't move,moves,Ali is in the wagon. Ali pushes on the wagon. The wagon BLANK.,a8981c8e-2d19-5659-ab76-8a4c027c51e5,base
A2WJMGV0HKQG3Z,1,3,target,0,action_nonfollows,action_nonfollows_target,doesn't move,moves,Ali is in the wagon. Ali pushes on the wagon. The wagon BLANK.,a8981c8e-2d19-5659-ab76-8a4c027c51e5,base
A367DFRENYZ3IM,1,3,target,0,action_nonfollows,action_nonfollows_target,doesn't move,moves,Ali is in the wagon. Ali pushes on the wagon. The wagon BLANK.,a8981c8e-2d19-5659-ab76-8a4c027c51e5,base
A36CQIFWEDEECU,1,3,target,0,action_nonfollows,action_nonfollows_target,doesn't move,moves,Ali is in the wagon. Ali pushes on the wagon. The wagon BLANK.,a8981c8e-2d19-5659-ab76-8a4c027c51e5,base
A3FMLJB693H2TY,1,3,target,0,action_nonfollows,action_nonfollows_target,doesn't move,moves,Ali is in the wagon. Ali pushes on the wagon. The wagon BLANK.,a8981c8e-2d19-5659-ab76-8a4c027c51e5,base
A3KCG6O1OOK3Y5,1,3,target,0,action_nonfollows,action_nonfollows_target,doesn't move,moves,Ali is in the wagon. Ali pushes on the wagon. The wagon BLANK.,a8981c8e-2d19-5659-ab76-8a4c027c51e5,base
A3L60SOWLYEDN2,1,3,target,1,action_nonfollows,action_nonfollows_target,doesn't move,moves,Ali is in the wagon. Ali pushes on the wagon. The wagon BLANK.,a8981c8e-2d19-5659-ab76-8a4c027c51e5,base
A3TDPXTB6Y6H1I,1,3,target,1,action_nonfollows,action_nonfollows_target,doesn't move,moves,Ali is in the wagon. Ali pushes on the wagon. The wagon BLANK.,a8981c8e-2d19-5659-ab76-8a4c027c51e5,base
A3UV55HC87DO9C,1,3,target,0,action_nonfollows,action_nonfollows_target,doesn't move,moves,Ali is in the wagon. Ali pushes on the wagon. The wagon BLANK.,a8981c8e-2d19-5659-ab76-8a4c027c51e5,base
AR4FNR7Z2WLC8,1,3,target,0,action_nonfollows,action_nonfollows_target,doesn't move,moves,Ali is in the wagon. Ali pushes on the wagon. The wagon BLANK.,a8981c8e-2d19-5659-ab76-8a4c027c51e5,base
AWO4DDM0X826U,1,3,target,0,action_nonfollows,action_nonfollows_target,doesn't move,moves,Ali is in the wagon. Ali pushes on the wagon. The wagon BLANK.,a8981c8e-2d19-5659-ab76-8a4c027c51e5,base
AWPZQ3W3CEJOJ,1,3,target,0,action_nonfollows,action_nonfollows_target,doesn't move,moves,Ali is in the wagon. Ali pushes on the wagon. The wagon BLANK.,a8981c8e-2d19-5659-ab76-8a4c027c51e5,base
A1PMZUBGXFANCI,1,3,target,1,egocentric_distant,egocentric_distant_target,behind,in front of,Chicago is in front of Ali. Ali turns around. Chicago is BLANK Ali.,54b3dceb-1114-5f92-9803-67ec9b188a2b,base
A1Q6VY3C3CEOA0,1,3,target,1,egocentric_distant,egocentric_distant_target,behind,in front of,Chicago is in front of Ali. Ali turns around. Chicago is BLANK Ali.,54b3dceb-1114-5f92-9803-67ec9b188a2b,base
A207IHY6GERCFO,1,3,target,0,egocentric_distant,egocentric_distant_target,behind,in front of,Chicago is in front of Ali. Ali turns around. Chicago is BLANK Ali.,54b3dceb-1114-5f92-9803-67ec9b188a2b,base
A249EWKM1EOARK,1,3,target,1,egocentric_distant,egocentric_distant_target,behind,in front of,Chicago is in front of Ali. Ali turns around. Chicago is BLANK Ali.,54b3dceb-1114-5f92-9803-67ec9b188a2b,base
A2FP41BSPG0Y4A,1,3,target,1,egocentric_distant,egocentric_distant_target,behind,in front of,Chicago is in front of Ali. Ali turns around. Chicago is BLANK Ali.,54b3dceb-1114-5f92-9803-67ec9b188a2b,base
A2WJMGV0HKQG3Z,1,3,target,1,egocentric_distant,egocentric_distant_target,behind,in front of,Chicago is in front of Ali. Ali turns around. Chicago is BLANK Ali.,54b3dceb-1114-5f92-9803-67ec9b188a2b,base
A367DFRENYZ3IM,1,3,target,1,egocentric_distant,egocentric_distant_target,behind,in front of,Chicago is in front of Ali. Ali turns around. Chicago is BLANK Ali.,54b3dceb-1114-5f92-9803-67ec9b188a2b,base
A36CQIFWEDEECU,1,3,target,1,egocentric_distant,egocentric_distant_target,behind,in front of,Chicago is in front of Ali. Ali turns around. Chicago is BLANK Ali.,54b3dceb-1114-5f92-9803-67ec9b188a2b,base
A3FMLJB693H2TY,1,3,target,1,egocentric_distant,egocentric_distant_target,behind,in front of,Chicago is in front of Ali. Ali turns around. Chicago is BLANK Ali.,54b3dceb-1114-5f92-9803-67ec9b188a2b,base
A3KCG6O1OOK3Y5,1,3,target,1,egocentric_distant,egocentric_distant_target,behind,in front of,Chicago is in front of Ali. Ali turns around. Chicago is BLANK Ali.,54b3dceb-1114-5f92-9803-67ec9b188a2b,base
A3L60SOWLYEDN2,1,3,target,1,egocentric_distant,egocentric_distant_target,behind,in front of,Chicago is in front of Ali. Ali turns around. Chicago is BLANK Ali.,54b3dceb-1114-5f92-9803-67ec9b188a2b,base
A3TDPXTB6Y6H1I,1,3,target,1,egocentric_distant,egocentric_distant_target,behind,in front of,Chicago is in front of Ali. Ali turns around. Chicago is BLANK Ali.,54b3dceb-1114-5f92-9803-67ec9b188a2b,base
A3UV55HC87DO9C,1,3,target,0,egocentric_distant,egocentric_distant_target,behind,in front of,Chicago is in front of Ali. Ali turns around. Chicago is BLANK Ali.,54b3dceb-1114-5f92-9803-67ec9b188a2b,base
AR4FNR7Z2WLC8,1,3,target,1,egocentric_distant,egocentric_distant_target,behind,in front of,Chicago is in front of Ali. Ali turns around. Chicago is BLANK Ali.,54b3dceb-1114-5f92-9803-67ec9b188a2b,base
AWO4DDM0X826U,1,3,target,1,egocentric_distant,egocentric_distant_target,behind,in front of,Chicago is in front of Ali. Ali turns around. Chicago is BLANK Ali.,54b3dceb-1114-5f92-9803-67ec9b188a2b,base
AWPZQ3W3CEJOJ,1,3,target,1,egocentric_distant,egocentric_distant_target,behind,in front of,Chicago is in front of Ali. Ali turns around. Chicago is BLANK Ali.,54b3dceb-1114-5f92-9803-67ec9b188a2b,base
A1PMZUBGXFANCI,1,3,target,0,egocentric_distant,egocentric_distant_target,left of,right of,Chicago is in front of Ali. Ali turns right. Chicago is BLANK Ali.,b7458eb1-0f7d-5cf1-9d74-c4b391425177,base
A1Q6VY3C3CEOA0,1,3,target,1,egocentric_distant,egocentric_distant_target,left of,right of,Chicago is in front of Ali. Ali turns right. Chicago is BLANK Ali.,b7458eb1-0f7d-5cf1-9d74-c4b391425177,base
A207IHY6GERCFO,1,3,target,1,egocentric_distant,egocentric_distant_target,left of,right of,Chicago is in front of Ali. Ali turns right. Chicago is BLANK Ali.,b7458eb1-0f7d-5cf1-9d74-c4b391425177,base
A249EWKM1EOARK,1,3,target,0,egocentric_distant,egocentric_distant_target,left of,right of,Chicago is in front of Ali. Ali turns right. Chicago is BLANK Ali.,b7458eb1-0f7d-5cf1-9d74-c4b391425177,base
A2FP41BSPG0Y4A,1,3,target,1,egocentric_distant,egocentric_distant_target,left of,right of,Chicago is in front of Ali. Ali turns right. Chicago is BLANK Ali.,b7458eb1-0f7d-5cf1-9d74-c4b391425177,base
A2WJMGV0HKQG3Z,1,3,target,0,egocentric_distant,egocentric_distant_target,left of,right of,Chicago is in front of Ali. Ali turns right. Chicago is BLANK Ali.,b7458eb1-0f7d-5cf1-9d74-c4b391425177,base
A367DFRENYZ3IM,1,3,target,1,egocentric_distant,egocentric_distant_target,left of,right of,Chicago is in front of Ali. Ali turns right. Chicago is BLANK Ali.,b7458eb1-0f7d-5cf1-9d74-c4b391425177,base
A36CQIFWEDEECU,1,3,target,1,egocentric_distant,egocentric_distant_target,left of,right of,Chicago is in front of Ali. Ali turns right. Chicago is BLANK Ali.,b7458eb1-0f7d-5cf1-9d74-c4b391425177,base
A3FMLJB693H2TY,1,3,target,0,egocentric_distant,egocentric_distant_target,left of,right of,Chicago is in front of Ali. Ali turns right. Chicago is BLANK Ali.,b7458eb1-0f7d-5cf1-9d74-c4b391425177,base
A3KCG6O1OOK3Y5,1,3,target,0,egocentric_distant,egocentric_distant_target,left of,right of,Chicago is in front of Ali. Ali turns right. Chicago is BLANK Ali.,b7458eb1-0f7d-5cf1-9d74-c4b391425177,base
A3L60SOWLYEDN2,1,3,target,1,egocentric_distant,egocentric_distant_target,left of,right of,Chicago is in front of Ali. Ali turns right. Chicago is BLANK Ali.,b7458eb1-0f7d-5cf1-9d74-c4b391425177,base
A3TDPXTB6Y6H1I,1,3,target,1,egocentric_distant,egocentric_distant_target,left of,right of,Chicago is in front of Ali. Ali turns right. Chicago is BLANK Ali.,b7458eb1-0f7d-5cf1-9d74-c4b391425177,base
A3UV55HC87DO9C,1,3,target,0,egocentric_distant,egocentric_distant_target,left of,right of,Chicago is in front of Ali. Ali turns right. Chicago is BLANK Ali.,b7458eb1-0f7d-5cf1-9d74-c4b391425177,base
AR4FNR7Z2WLC8,1,3,target,1,egocentric_distant,egocentric_distant_target,left of,right of,Chicago is in front of Ali. Ali turns right. Chicago is BLANK Ali.,b7458eb1-0f7d-5cf1-9d74-c4b391425177,base
AWO4DDM0X826U,1,3,target,1,egocentric_distant,egocentric_distant_target,left of,right of,Chicago is in front of Ali. Ali turns right. Chicago is BLANK Ali.,b7458eb1-0f7d-5cf1-9d74-c4b391425177,base
AWPZQ3W3CEJOJ,1,3,target,1,egocentric_distant,egocentric_distant_target,left of,right of,Chicago is in front of Ali. Ali turns right. Chicago is BLANK Ali.,b7458eb1-0f7d-5cf1-9d74-c4b391425177,base
A1PMZUBGXFANCI,1,3,target,1,egocentric_distant,egocentric_distant_target,away from,towards,Chicago is to Ali's left. Ali turns right. Ali is facing BLANK Chicago.,dc4a0aff-bd0b-5a52-8889-d6c3294f8457,base
A1Q6VY3C3CEOA0,1,3,target,1,egocentric_distant,egocentric_distant_target,away from,towards,Chicago is to Ali's left. Ali turns right. Ali is facing BLANK Chicago.,dc4a0aff-bd0b-5a52-8889-d6c3294f8457,base
A207IHY6GERCFO,1,3,target,1,egocentric_distant,egocentric_distant_target,away from,towards,Chicago is to Ali's left. Ali turns right. Ali is facing BLANK Chicago.,dc4a0aff-bd0b-5a52-8889-d6c3294f8457,base
A249EWKM1EOARK,1,3,target,0,egocentric_distant,egocentric_distant_target,away from,towards,Chicago is to Ali's left. Ali turns right. Ali is facing BLANK Chicago.,dc4a0aff-bd0b-5a52-8889-d6c3294f8457,base
A2FP41BSPG0Y4A,1,3,target,1,egocentric_distant,egocentric_distant_target,away from,towards,Chicago is to Ali's left. Ali turns right. Ali is facing BLANK Chicago.,dc4a0aff-bd0b-5a52-8889-d6c3294f8457,base
A2WJMGV0HKQG3Z,1,3,target,1,egocentric_distant,egocentric_distant_target,away from,towards,Chicago is to Ali's left. Ali turns right. Ali is facing BLANK Chicago.,dc4a0aff-bd0b-5a52-8889-d6c3294f8457,base
A367DFRENYZ3IM,1,3,target,1,egocentric_distant,egocentric_distant_target,away from,towards,Chicago is to Ali's left. Ali turns right. Ali is facing BLANK Chicago.,dc4a0aff-bd0b-5a52-8889-d6c3294f8457,base
A36CQIFWEDEECU,1,3,target,1,egocentric_distant,egocentric_distant_target,away from,towards,Chicago is to Ali's left. Ali turns right. Ali is facing BLANK Chicago.,dc4a0aff-bd0b-5a52-8889-d6c3294f8457,base
A3FMLJB693H2TY,1,3,target,1,egocentric_distant,egocentric_distant_target,away from,towards,Chicago is to Ali's left. Ali turns right. Ali is facing BLANK Chicago.,dc4a0aff-bd0b-5a52-8889-d6c3294f8457,base
A3KCG6O1OOK3Y5,1,3,target,1,egocentric_distant,egocentric_distant_target,away from,towards,Chicago is to Ali's left. Ali turns right. Ali is facing BLANK Chicago.,dc4a0aff-bd0b-5a52-8889-d6c3294f8457,base
A3L60SOWLYEDN2,1,3,target,1,egocentric_distant,egocentric_distant_target,away from,towards,Chicago is to Ali's left. Ali turns right. Ali is facing BLANK Chicago.,dc4a0aff-bd0b-5a52-8889-d6c3294f8457,base
A3TDPXTB6Y6H1I,1,3,target,1,egocentric_distant,egocentric_distant_target,away from,towards,Chicago is to Ali's left. Ali turns right. Ali is facing BLANK Chicago.,dc4a0aff-bd0b-5a52-8889-d6c3294f8457,base
A3UV55HC87DO9C,1,3,target,1,egocentric_distant,egocentric_distant_target,away from,towards,Chicago is to Ali's left. Ali turns right. Ali is facing BLANK Chicago.,dc4a0aff-bd0b-5a52-8889-d6c3294f8457,base
AR4FNR7Z2WLC8,1,3,target,1,egocentric_distant,egocentric_distant_target,away from,towards,Chicago is to Ali's left. Ali turns right. Ali is facing BLANK Chicago.,dc4a0aff-bd0b-5a52-8889-d6c3294f8457,base
AWO4DDM0X826U,1,3,target,1,egocentric_distant,egocentric_distant_target,away from,towards,Chicago is to Ali's left. Ali turns right. Ali is facing BLANK Chicago.,dc4a0aff-bd0b-5a52-8889-d6c3294f8457,base
AWPZQ3W3CEJOJ,1,3,target,1,egocentric_distant,egocentric_distant_target,away from,towards,Chicago is to Ali's left. Ali turns right. Ali is facing BLANK Chicago.,dc4a0aff-bd0b-5a52-8889-d6c3294f8457,base
A1PMZUBGXFANCI,1,3,target,1,two_refs_geocentric,two_refs_geocentric_target,South,North,Mark and Ali are both directly East of Budapest. Mark walks North. Ali is BLANK of Mark.,b4bfe01b-251a-51c6-a900-d1307f5ec5cb,base
A1Q6VY3C3CEOA0,1,3,target,1,two_refs_geocentric,two_refs_geocentric_target,South,North,Mark and Ali are both directly East of Budapest. Mark walks North. Ali is BLANK of Mark.,b4bfe01b-251a-51c6-a900-d1307f5ec5cb,base
A207IHY6GERCFO,1,3,target,0,two_refs_geocentric,two_refs_geocentric_target,South,North,Mark and Ali are both directly East of Budapest. Mark walks North. Ali is BLANK of Mark.,b4bfe01b-251a-51c6-a900-d1307f5ec5cb,base
A249EWKM1EOARK,1,3,target,1,two_refs_geocentric,two_refs_geocentric_target,South,North,Mark and Ali are both directly East of Budapest. Mark walks North. Ali is BLANK of Mark.,b4bfe01b-251a-51c6-a900-d1307f5ec5cb,base
A2FP41BSPG0Y4A,1,3,target,0,two_refs_geocentric,two_refs_geocentric_target,South,North,Mark and Ali are both directly East of Budapest. Mark walks North. Ali is BLANK of Mark.,b4bfe01b-251a-51c6-a900-d1307f5ec5cb,base
A2WJMGV0HKQG3Z,1,3,target,1,two_refs_geocentric,two_refs_geocentric_target,South,North,Mark and Ali are both directly East of Budapest. Mark walks North. Ali is BLANK of Mark.,b4bfe01b-251a-51c6-a900-d1307f5ec5cb,base
A367DFRENYZ3IM,1,3,target,1,two_refs_geocentric,two_refs_geocentric_target,South,North,Mark and Ali are both directly East of Budapest. Mark walks North. Ali is BLANK of Mark.,b4bfe01b-251a-51c6-a900-d1307f5ec5cb,base
A36CQIFWEDEECU,1,3,target,1,two_refs_geocentric,two_refs_geocentric_target,South,North,Mark and Ali are both directly East of Budapest. Mark walks North. Ali is BLANK of Mark.,b4bfe01b-251a-51c6-a900-d1307f5ec5cb,base
A3FMLJB693H2TY,1,3,target,1,two_refs_geocentric,two_refs_geocentric_target,South,North,Mark and Ali are both directly East of Budapest. Mark walks North. Ali is BLANK of Mark.,b4bfe01b-251a-51c6-a900-d1307f5ec5cb,base
A3KCG6O1OOK3Y5,1,3,target,0,two_refs_geocentric,two_refs_geocentric_target,South,North,Mark and Ali are both directly East of Budapest. Mark walks North. Ali is BLANK of Mark.,b4bfe01b-251a-51c6-a900-d1307f5ec5cb,base
A3L60SOWLYEDN2,1,3,target,0,two_refs_geocentric,two_refs_geocentric_target,South,North,Mark and Ali are both directly East of Budapest. Mark walks North. Ali is BLANK of Mark.,b4bfe01b-251a-51c6-a900-d1307f5ec5cb,base
A3TDPXTB6Y6H1I,1,3,target,0,two_refs_geocentric,two_refs_geocentric_target,South,North,Mark and Ali are both directly East of Budapest. Mark walks North. Ali is BLANK of Mark.,b4bfe01b-251a-51c6-a900-d1307f5ec5cb,base
A3UV55HC87DO9C,1,3,target,1,two_refs_geocentric,two_refs_geocentric_target,South,North,Mark and Ali are both directly East of Budapest. Mark walks North. Ali is BLANK of Mark.,b4bfe01b-251a-51c6-a900-d1307f5ec5cb,base
AR4FNR7Z2WLC8,1,3,target,0,two_refs_geocentric,two_refs_geocentric_target,South,North,Mark and Ali are both directly East of Budapest. Mark walks North. Ali is BLANK of Mark.,b4bfe01b-251a-51c6-a900-d1307f5ec5cb,base
AWO4DDM0X826U,1,3,target,1,two_refs_geocentric,two_refs_geocentric_target,South,North,Mark and Ali are both directly East of Budapest. Mark walks North. Ali is BLANK of Mark.,b4bfe01b-251a-51c6-a900-d1307f5ec5cb,base
AWPZQ3W3CEJOJ,1,3,target,0,two_refs_geocentric,two_refs_geocentric_target,South,North,Mark and Ali are both directly East of Budapest. Mark walks North. Ali is BLANK of Mark.,b4bfe01b-251a-51c6-a900-d1307f5ec5cb,base
A1PMZUBGXFANCI,1,3,target,0,two_refs_geocentric,two_refs_geocentric_target,South,North,Mark is North of Budapest and Ali is South of Budapest. Ali walks directly away from Mark. Ali is walking BLANK.,2c8f684c-1ce8-521c-8d68-9c703b78727d,base
A1Q6VY3C3CEOA0,1,3,target,1,two_refs_geocentric,two_refs_geocentric_target,South,North,Mark is North of Budapest and Ali is South of Budapest. Ali walks directly away from Mark. Ali is walking BLANK.,2c8f684c-1ce8-521c-8d68-9c703b78727d,base
A207IHY6GERCFO,1,3,target,1,two_refs_geocentric,two_refs_geocentric_target,South,North,Mark is North of Budapest and Ali is South of Budapest. Ali walks directly away from Mark. Ali is walking BLANK.,2c8f684c-1ce8-521c-8d68-9c703b78727d,base
A249EWKM1EOARK,1,3,target,0,two_refs_geocentric,two_refs_geocentric_target,South,North,Mark is North of Budapest and Ali is South of Budapest. Ali walks directly away from Mark. Ali is walking BLANK.,2c8f684c-1ce8-521c-8d68-9c703b78727d,base
A2FP41BSPG0Y4A,1,3,target,0,two_refs_geocentric,two_refs_geocentric_target,South,North,Mark is North of Budapest and Ali is South of Budapest. Ali walks directly away from Mark. Ali is walking BLANK.,2c8f684c-1ce8-521c-8d68-9c703b78727d,base
A2WJMGV0HKQG3Z,1,3,target,0,two_refs_geocentric,two_refs_geocentric_target,South,North,Mark is North of Budapest and Ali is South of Budapest. Ali walks directly away from Mark. Ali is walking BLANK.,2c8f684c-1ce8-521c-8d68-9c703b78727d,base
A367DFRENYZ3IM,1,3,target,1,two_refs_geocentric,two_refs_geocentric_target,South,North,Mark is North of Budapest and Ali is South of Budapest. Ali walks directly away from Mark. Ali is walking BLANK.,2c8f684c-1ce8-521c-8d68-9c703b78727d,base
A36CQIFWEDEECU,1,3,target,1,two_refs_geocentric,two_refs_geocentric_target,South,North,Mark is North of Budapest and Ali is South of Budapest. Ali walks directly away from Mark. Ali is walking BLANK.,2c8f684c-1ce8-521c-8d68-9c703b78727d,base
A3FMLJB693H2TY,1,3,target,1,two_refs_geocentric,two_refs_geocentric_target,South,North,Mark is North of Budapest and Ali is South of Budapest. Ali walks directly away from Mark. Ali is walking BLANK.,2c8f684c-1ce8-521c-8d68-9c703b78727d,base
A3KCG6O1OOK3Y5,1,3,target,0,two_refs_geocentric,two_refs_geocentric_target,South,North,Mark is North of Budapest and Ali is South of Budapest. Ali walks directly away from Mark. Ali is walking BLANK.,2c8f684c-1ce8-521c-8d68-9c703b78727d,base
A3L60SOWLYEDN2,1,3,target,1,two_refs_geocentric,two_refs_geocentric_target,South,North,Mark is North of Budapest and Ali is South of Budapest. Ali walks directly away from Mark. Ali is walking BLANK.,2c8f684c-1ce8-521c-8d68-9c703b78727d,base
A3TDPXTB6Y6H1I,1,3,target,1,two_refs_geocentric,two_refs_geocentric_target,South,North,Mark is North of Budapest and Ali is South of Budapest. Ali walks directly away from Mark. Ali is walking BLANK.,2c8f684c-1ce8-521c-8d68-9c703b78727d,base
A3UV55HC87DO9C,1,3,target,1,two_refs_geocentric,two_refs_geocentric_target,South,North,Mark is North of Budapest and Ali is South of Budapest. Ali walks directly away from Mark. Ali is walking BLANK.,2c8f684c-1ce8-521c-8d68-9c703b78727d,base
AR4FNR7Z2WLC8,1,3,target,1,two_refs_geocentric,two_refs_geocentric_target,South,North,Mark is North of Budapest and Ali is South of Budapest. Ali walks directly away from Mark. Ali is walking BLANK.,2c8f684c-1ce8-521c-8d68-9c703b78727d,base
AWO4DDM0X826U,1,3,target,1,two_refs_geocentric,two_refs_geocentric_target,South,North,Mark is North of Budapest and Ali is South of Budapest. Ali walks directly away from Mark. Ali is walking BLANK.,2c8f684c-1ce8-521c-8d68-9c703b78727d,base
AWPZQ3W3CEJOJ,1,3,target,0,two_refs_geocentric,two_refs_geocentric_target,South,North,Mark is North of Budapest and Ali is South of Budapest. Ali walks directly away from Mark. Ali is walking BLANK.,2c8f684c-1ce8-521c-8d68-9c703b78727d,base
A1PMZUBGXFANCI,1,3,target,1,two_refs_geocentric,two_refs_geocentric_target,towards,away from,Mark is West of Ali facing East. Ali is East of Mark facing West. Mark is facing BLANK Ali.,c653d385-9060-521b-a3d2-7b3bdc386792,base
A1Q6VY3C3CEOA0,1,3,target,1,two_refs_geocentric,two_refs_geocentric_target,towards,away from,Mark is West of Ali facing East. Ali is East of Mark facing West. Mark is facing BLANK Ali.,c653d385-9060-521b-a3d2-7b3bdc386792,base
A207IHY6GERCFO,1,3,target,0,two_refs_geocentric,two_refs_geocentric_target,towards,away from,Mark is West of Ali facing East. Ali is East of Mark facing West. Mark is facing BLANK Ali.,c653d385-9060-521b-a3d2-7b3bdc386792,base
A249EWKM1EOARK,1,3,target,0,two_refs_geocentric,two_refs_geocentric_target,towards,away from,Mark is West of Ali facing East. Ali is East of Mark facing West. Mark is facing BLANK Ali.,c653d385-9060-521b-a3d2-7b3bdc386792,base
A2FP41BSPG0Y4A,1,3,target,0,two_refs_geocentric,two_refs_geocentric_target,towards,away from,Mark is West of Ali facing East. Ali is East of Mark facing West. Mark is facing BLANK Ali.,c653d385-9060-521b-a3d2-7b3bdc386792,base
A2WJMGV0HKQG3Z,1,3,target,1,two_refs_geocentric,two_refs_geocentric_target,towards,away from,Mark is West of Ali facing East. Ali is East of Mark facing West. Mark is facing BLANK Ali.,c653d385-9060-521b-a3d2-7b3bdc386792,base
A367DFRENYZ3IM,1,3,target,0,two_refs_geocentric,two_refs_geocentric_target,towards,away from,Mark is West of Ali facing East. Ali is East of Mark facing West. Mark is facing BLANK Ali.,c653d385-9060-521b-a3d2-7b3bdc386792,base
A36CQIFWEDEECU,1,3,target,0,two_refs_geocentric,two_refs_geocentric_target,towards,away from,Mark is West of Ali facing East. Ali is East of Mark facing West. Mark is facing BLANK Ali.,c653d385-9060-521b-a3d2-7b3bdc386792,base
A3FMLJB693H2TY,1,3,target,0,two_refs_geocentric,two_refs_geocentric_target,towards,away from,Mark is West of Ali facing East. Ali is East of Mark facing West. Mark is facing BLANK Ali.,c653d385-9060-521b-a3d2-7b3bdc386792,base
A3KCG6O1OOK3Y5,1,3,target,1,two_refs_geocentric,two_refs_geocentric_target,towards,away from,Mark is West of Ali facing East. Ali is East of Mark facing West. Mark is facing BLANK Ali.,c653d385-9060-521b-a3d2-7b3bdc386792,base
A3L60SOWLYEDN2,1,3,target,1,two_refs_geocentric,two_refs_geocentric_target,towards,away from,Mark is West of Ali facing East. Ali is East of Mark facing West. Mark is facing BLANK Ali.,c653d385-9060-521b-a3d2-7b3bdc386792,base
A3TDPXTB6Y6H1I,1,3,target,0,two_refs_geocentric,two_refs_geocentric_target,towards,away from,Mark is West of Ali facing East. Ali is East of Mark facing West. Mark is facing BLANK Ali.,c653d385-9060-521b-a3d2-7b3bdc386792,base
A3UV55HC87DO9C,1,3,target,0,two_refs_geocentric,two_refs_geocentric_target,towards,away from,Mark is West of Ali facing East. Ali is East of Mark facing West. Mark is facing BLANK Ali.,c653d385-9060-521b-a3d2-7b3bdc386792,base
AR4FNR7Z2WLC8,1,3,target,1,two_refs_geocentric,two_refs_geocentric_target,towards,away from,Mark is West of Ali facing East. Ali is East of Mark facing West. Mark is facing BLANK Ali.,c653d385-9060-521b-a3d2-7b3bdc386792,base
AWO4DDM0X826U,1,3,target,1,two_refs_geocentric,two_refs_geocentric_target,towards,away from,Mark is West of Ali facing East. Ali is East of Mark facing West. Mark is facing BLANK Ali.,c653d385-9060-521b-a3d2-7b3bdc386792,base
AWPZQ3W3CEJOJ,1,3,target,0,two_refs_geocentric,two_refs_geocentric_target,towards,away from,Mark is West of Ali facing East. Ali is East of Mark facing West. Mark is facing BLANK Ali.,c653d385-9060-521b-a3d2-7b3bdc386792,base
A1PMZUBGXFANCI,1,3,target,1,geocentric_near,geocentric_near_target,East,West,Mark is facing North. Mark turns 90 degrees to his right. Mark is facing BLANK.,4684617b-bc66-5458-84f2-0a4ff0a561ac,base
A1Q6VY3C3CEOA0,1,3,target,1,geocentric_near,geocentric_near_target,East,West,Mark is facing North. Mark turns 90 degrees to his right. Mark is facing BLANK.,4684617b-bc66-5458-84f2-0a4ff0a561ac,base
A207IHY6GERCFO,1,3,target,1,geocentric_near,geocentric_near_target,East,West,Mark is facing North. Mark turns 90 degrees to his right. Mark is facing BLANK.,4684617b-bc66-5458-84f2-0a4ff0a561ac,base
A249EWKM1EOARK,1,3,target,1,geocentric_near,geocentric_near_target,East,West,Mark is facing North. Mark turns 90 degrees to his right. Mark is facing BLANK.,4684617b-bc66-5458-84f2-0a4ff0a561ac,base
A2FP41BSPG0Y4A,1,3,target,0,geocentric_near,geocentric_near_target,East,West,Mark is facing North. Mark turns 90 degrees to his right. Mark is facing BLANK.,4684617b-bc66-5458-84f2-0a4ff0a561ac,base
A2WJMGV0HKQG3Z,1,3,target,0,geocentric_near,geocentric_near_target,East,West,Mark is facing North. Mark turns 90 degrees to his right. Mark is facing BLANK.,4684617b-bc66-5458-84f2-0a4ff0a561ac,base
A367DFRENYZ3IM,1,3,target,1,geocentric_near,geocentric_near_target,East,West,Mark is facing North. Mark turns 90 degrees to his right. Mark is facing BLANK.,4684617b-bc66-5458-84f2-0a4ff0a561ac,base
A36CQIFWEDEECU,1,3,target,0,geocentric_near,geocentric_near_target,East,West,Mark is facing North. Mark turns 90 degrees to his right. Mark is facing BLANK.,4684617b-bc66-5458-84f2-0a4ff0a561ac,base
A3FMLJB693H2TY,1,3,target,1,geocentric_near,geocentric_near_target,East,West,Mark is facing North. Mark turns 90 degrees to his right. Mark is facing BLANK.,4684617b-bc66-5458-84f2-0a4ff0a561ac,base
A3KCG6O1OOK3Y5,1,3,target,0,geocentric_near,geocentric_near_target,East,West,Mark is facing North. Mark turns 90 degrees to his right. Mark is facing BLANK.,4684617b-bc66-5458-84f2-0a4ff0a561ac,base
A3L60SOWLYEDN2,1,3,target,0,geocentric_near,geocentric_near_target,East,West,Mark is facing North. Mark turns 90 degrees to his right. Mark is facing BLANK.,4684617b-bc66-5458-84f2-0a4ff0a561ac,base
A3TDPXTB6Y6H1I,1,3,target,0,geocentric_near,geocentric_near_target,East,West,Mark is facing North. Mark turns 90 degrees to his right. Mark is facing BLANK.,4684617b-bc66-5458-84f2-0a4ff0a561ac,base
A3UV55HC87DO9C,1,3,target,1,geocentric_near,geocentric_near_target,East,West,Mark is facing North. Mark turns 90 degrees to his right. Mark is facing BLANK.,4684617b-bc66-5458-84f2-0a4ff0a561ac,base
AR4FNR7Z2WLC8,1,3,target,1,geocentric_near,geocentric_near_target,East,West,Mark is facing North. Mark turns 90 degrees to his right. Mark is facing BLANK.,4684617b-bc66-5458-84f2-0a4ff0a561ac,base
AWO4DDM0X826U,1,3,target,1,geocentric_near,geocentric_near_target,East,West,Mark is facing North. Mark turns 90 degrees to his right. Mark is facing BLANK.,4684617b-bc66-5458-84f2-0a4ff0a561ac,base
AWPZQ3W3CEJOJ,1,3,target,1,geocentric_near,geocentric_near_target,East,West,Mark is facing North. Mark turns 90 degrees to his right. Mark is facing BLANK.,4684617b-bc66-5458-84f2-0a4ff0a561ac,base
A1PMZUBGXFANCI,1,3,target,0,two_refs_egocentric,two_refs_egocentric_target,away,towards,Mark is facing away from Ali. Ali turns around. Mark is facing BLANK Ali.,b76b8738-c1c0-51f3-a9d3-afd39d7b27de,base
A1Q6VY3C3CEOA0,1,3,target,1,two_refs_egocentric,two_refs_egocentric_target,away,towards,Mark is facing away from Ali. Ali turns around. Mark is facing BLANK Ali.,b76b8738-c1c0-51f3-a9d3-afd39d7b27de,base
A207IHY6GERCFO,1,3,target,1,two_refs_egocentric,two_refs_egocentric_target,away,towards,Mark is facing away from Ali. Ali turns around. Mark is facing BLANK Ali.,b76b8738-c1c0-51f3-a9d3-afd39d7b27de,base
A249EWKM1EOARK,1,3,target,0,two_refs_egocentric,two_refs_egocentric_target,away,towards,Mark is facing away from Ali. Ali turns around. Mark is facing BLANK Ali.,b76b8738-c1c0-51f3-a9d3-afd39d7b27de,base
A2FP41BSPG0Y4A,1,3,target,1,two_refs_egocentric,two_refs_egocentric_target,away,towards,Mark is facing away from Ali. Ali turns around. Mark is facing BLANK Ali.,b76b8738-c1c0-51f3-a9d3-afd39d7b27de,base
A2WJMGV0HKQG3Z,1,3,target,0,two_refs_egocentric,two_refs_egocentric_target,away,towards,Mark is facing away from Ali. Ali turns around. Mark is facing BLANK Ali.,b76b8738-c1c0-51f3-a9d3-afd39d7b27de,base
A367DFRENYZ3IM,1,3,target,1,two_refs_egocentric,two_refs_egocentric_target,away,towards,Mark is facing away from Ali. Ali turns around. Mark is facing BLANK Ali.,b76b8738-c1c0-51f3-a9d3-afd39d7b27de,base
A36CQIFWEDEECU,1,3,target,1,two_refs_egocentric,two_refs_egocentric_target,away,towards,Mark is facing away from Ali. Ali turns around. Mark is facing BLANK Ali.,b76b8738-c1c0-51f3-a9d3-afd39d7b27de,base
A3FMLJB693H2TY,1,3,target,1,two_refs_egocentric,two_refs_egocentric_target,away,towards,Mark is facing away from Ali. Ali turns around. Mark is facing BLANK Ali.,b76b8738-c1c0-51f3-a9d3-afd39d7b27de,base
A3KCG6O1OOK3Y5,1,3,target,0,two_refs_egocentric,two_refs_egocentric_target,away,towards,Mark is facing away from Ali. Ali turns around. Mark is facing BLANK Ali.,b76b8738-c1c0-51f3-a9d3-afd39d7b27de,base
A3L60SOWLYEDN2,1,3,target,1,two_refs_egocentric,two_refs_egocentric_target,away,towards,Mark is facing away from Ali. Ali turns around. Mark is facing BLANK Ali.,b76b8738-c1c0-51f3-a9d3-afd39d7b27de,base
A3TDPXTB6Y6H1I,1,3,target,1,two_refs_egocentric,two_refs_egocentric_target,away,towards,Mark is facing away from Ali. Ali turns around. Mark is facing BLANK Ali.,b76b8738-c1c0-51f3-a9d3-afd39d7b27de,base
A3UV55HC87DO9C,1,3,target,0,two_refs_egocentric,two_refs_egocentric_target,away,towards,Mark is facing away from Ali. Ali turns around. Mark is facing BLANK Ali.,b76b8738-c1c0-51f3-a9d3-afd39d7b27de,base
AR4FNR7Z2WLC8,1,3,target,0,two_refs_egocentric,two_refs_egocentric_target,away,towards,Mark is facing away from Ali. Ali turns around. Mark is facing BLANK Ali.,b76b8738-c1c0-51f3-a9d3-afd39d7b27de,base
AWO4DDM0X826U,1,3,target,0,two_refs_egocentric,two_refs_egocentric_target,away,towards,Mark is facing away from Ali. Ali turns around. Mark is facing BLANK Ali.,b76b8738-c1c0-51f3-a9d3-afd39d7b27de,base
AWPZQ3W3CEJOJ,1,3,target,0,two_refs_egocentric,two_refs_egocentric_target,away,towards,Mark is facing away from Ali. Ali turns around. Mark is facing BLANK Ali.,b76b8738-c1c0-51f3-a9d3-afd39d7b27de,base
A1PMZUBGXFANCI,1,3,target,1,two_refs_egocentric,two_refs_egocentric_target,towards,away from,Mark is facing right and Ali is facing left. Mark turns to his left. Mark is facing BLANK Ali.,fd16ce5b-b6ff-590c-8c7d-97dea24f49f2,base
A1Q6VY3C3CEOA0,1,3,target,1,two_refs_egocentric,two_refs_egocentric_target,towards,away from,Mark is facing right and Ali is facing left. Mark turns to his left. Mark is facing BLANK Ali.,fd16ce5b-b6ff-590c-8c7d-97dea24f49f2,base
A207IHY6GERCFO,1,3,target,1,two_refs_egocentric,two_refs_egocentric_target,towards,away from,Mark is facing right and Ali is facing left. Mark turns to his left. Mark is facing BLANK Ali.,fd16ce5b-b6ff-590c-8c7d-97dea24f49f2,base
A249EWKM1EOARK,1,3,target,0,two_refs_egocentric,two_refs_egocentric_target,towards,away from,Mark is facing right and Ali is facing left. Mark turns to his left. Mark is facing BLANK Ali.,fd16ce5b-b6ff-590c-8c7d-97dea24f49f2,base
A2FP41BSPG0Y4A,1,3,target,0,two_refs_egocentric,two_refs_egocentric_target,towards,away from,Mark is facing right and Ali is facing left. Mark turns to his left. Mark is facing BLANK Ali.,fd16ce5b-b6ff-590c-8c7d-97dea24f49f2,base
A2WJMGV0HKQG3Z,1,3,target,1,two_refs_egocentric,two_refs_egocentric_target,towards,away from,Mark is facing right and Ali is facing left. Mark turns to his left. Mark is facing BLANK Ali.,fd16ce5b-b6ff-590c-8c7d-97dea24f49f2,base
A367DFRENYZ3IM,1,3,target,1,two_refs_egocentric,two_refs_egocentric_target,towards,away from,Mark is facing right and Ali is facing left. Mark turns to his left. Mark is facing BLANK Ali.,fd16ce5b-b6ff-590c-8c7d-97dea24f49f2,base
A36CQIFWEDEECU,1,3,target,1,two_refs_egocentric,two_refs_egocentric_target,towards,away from,Mark is facing right and Ali is facing left. Mark turns to his left. Mark is facing BLANK Ali.,fd16ce5b-b6ff-590c-8c7d-97dea24f49f2,base
A3FMLJB693H2TY,1,3,target,1,two_refs_egocentric,two_refs_egocentric_target,towards,away from,Mark is facing right and Ali is facing left. Mark turns to his left. Mark is facing BLANK Ali.,fd16ce5b-b6ff-590c-8c7d-97dea24f49f2,base
A3KCG6O1OOK3Y5,1,3,target,1,two_refs_egocentric,two_refs_egocentric_target,towards,away from,Mark is facing right and Ali is facing left. Mark turns to his left. Mark is facing BLANK Ali.,fd16ce5b-b6ff-590c-8c7d-97dea24f49f2,base
A3L60SOWLYEDN2,1,3,target,1,two_refs_egocentric,two_refs_egocentric_target,towards,away from,Mark is facing right and Ali is facing left. Mark turns to his left. Mark is facing BLANK Ali.,fd16ce5b-b6ff-590c-8c7d-97dea24f49f2,base
A3TDPXTB6Y6H1I,1,3,target,1,two_refs_egocentric,two_refs_egocentric_target,towards,away from,Mark is facing right and Ali is facing left. Mark turns to his left. Mark is facing BLANK Ali.,fd16ce5b-b6ff-590c-8c7d-97dea24f49f2,base
A3UV55HC87DO9C,1,3,target,1,two_refs_egocentric,two_refs_egocentric_target,towards,away from,Mark is facing right and Ali is facing left. Mark turns to his left. Mark is facing BLANK Ali.,fd16ce5b-b6ff-590c-8c7d-97dea24f49f2,base
AR4FNR7Z2WLC8,1,3,target,0,two_refs_egocentric,two_refs_egocentric_target,towards,away from,Mark is facing right and Ali is facing left. Mark turns to his left. Mark is facing BLANK Ali.,fd16ce5b-b6ff-590c-8c7d-97dea24f49f2,base
AWO4DDM0X826U,1,3,target,0,two_refs_egocentric,two_refs_egocentric_target,towards,away from,Mark is facing right and Ali is facing left. Mark turns to his left. Mark is facing BLANK Ali.,fd16ce5b-b6ff-590c-8c7d-97dea24f49f2,base
AWPZQ3W3CEJOJ,1,3,target,1,two_refs_egocentric,two_refs_egocentric_target,towards,away from,Mark is facing right and Ali is facing left. Mark turns to his left. Mark is facing BLANK Ali.,fd16ce5b-b6ff-590c-8c7d-97dea24f49f2,base
A1PMZUBGXFANCI,1,3,target,1,two_refs_egocentric,two_refs_egocentric_target,away from,towards,Mark is in front of Ali. Ali turns around. Ali is facing BLANK Mark.,f9e02832-1c2d-54c2-b460-b14f389e7c94,base
A1Q6VY3C3CEOA0,1,3,target,1,two_refs_egocentric,two_refs_egocentric_target,away from,towards,Mark is in front of Ali. Ali turns around. Ali is facing BLANK Mark.,f9e02832-1c2d-54c2-b460-b14f389e7c94,base
A207IHY6GERCFO,1,3,target,1,two_refs_egocentric,two_refs_egocentric_target,away from,towards,Mark is in front of Ali. Ali turns around. Ali is facing BLANK Mark.,f9e02832-1c2d-54c2-b460-b14f389e7c94,base
A249EWKM1EOARK,1,3,target,1,two_refs_egocentric,two_refs_egocentric_target,away from,towards,Mark is in front of Ali. Ali turns around. Ali is facing BLANK Mark.,f9e02832-1c2d-54c2-b460-b14f389e7c94,base
A2FP41BSPG0Y4A,1,3,target,1,two_refs_egocentric,two_refs_egocentric_target,away from,towards,Mark is in front of Ali. Ali turns around. Ali is facing BLANK Mark.,f9e02832-1c2d-54c2-b460-b14f389e7c94,base
A2WJMGV0HKQG3Z,1,3,target,1,two_refs_egocentric,two_refs_egocentric_target,away from,towards,Mark is in front of Ali. Ali turns around. Ali is facing BLANK Mark.,f9e02832-1c2d-54c2-b460-b14f389e7c94,base
A367DFRENYZ3IM,1,3,target,1,two_refs_egocentric,two_refs_egocentric_target,away from,towards,Mark is in front of Ali. Ali turns around. Ali is facing BLANK Mark.,f9e02832-1c2d-54c2-b460-b14f389e7c94,base
A36CQIFWEDEECU,1,3,target,1,two_refs_egocentric,two_refs_egocentric_target,away from,towards,Mark is in front of Ali. Ali turns around. Ali is facing BLANK Mark.,f9e02832-1c2d-54c2-b460-b14f389e7c94,base
A3FMLJB693H2TY,1,3,target,1,two_refs_egocentric,two_refs_egocentric_target,away from,towards,Mark is in front of Ali. Ali turns around. Ali is facing BLANK Mark.,f9e02832-1c2d-54c2-b460-b14f389e7c94,base
A3KCG6O1OOK3Y5,1,3,target,1,two_refs_egocentric,two_refs_egocentric_target,away from,towards,Mark is in front of Ali. Ali turns around. Ali is facing BLANK Mark.,f9e02832-1c2d-54c2-b460-b14f389e7c94,base
A3L60SOWLYEDN2,1,3,target,1,two_refs_egocentric,two_refs_egocentric_target,away from,towards,Mark is in front of Ali. Ali turns around. Ali is facing BLANK Mark.,f9e02832-1c2d-54c2-b460-b14f389e7c94,base
A3TDPXTB6Y6H1I,1,3,target,1,two_refs_egocentric,two_refs_egocentric_target,away from,towards,Mark is in front of Ali. Ali turns around. Ali is facing BLANK Mark.,f9e02832-1c2d-54c2-b460-b14f389e7c94,base
A3UV55HC87DO9C,1,3,target,0,two_refs_egocentric,two_refs_egocentric_target,away from,towards,Mark is in front of Ali. Ali turns around. Ali is facing BLANK Mark.,f9e02832-1c2d-54c2-b460-b14f389e7c94,base
AR4FNR7Z2WLC8,1,3,target,0,two_refs_egocentric,two_refs_egocentric_target,away from,towards,Mark is in front of Ali. Ali turns around. Ali is facing BLANK Mark.,f9e02832-1c2d-54c2-b460-b14f389e7c94,base
AWO4DDM0X826U,1,3,target,1,two_refs_egocentric,two_refs_egocentric_target,away from,towards,Mark is in front of Ali. Ali turns around. Ali is facing BLANK Mark.,f9e02832-1c2d-54c2-b460-b14f389e7c94,base
AWPZQ3W3CEJOJ,1,3,target,0,two_refs_egocentric,two_refs_egocentric_target,away from,towards,Mark is in front of Ali. Ali turns around. Ali is facing BLANK Mark.,f9e02832-1c2d-54c2-b460-b14f389e7c94,base
A1PMZUBGXFANCI,1,3,target,1,two_refs_egocentric,two_refs_egocentric_target,away from,towards,Mark is to the left of Ali. Mark looks to his left and Ali looks to his right. Ali is facing BLANK Mark.,d2172169-bc46-53a4-b15d-1427bee617a3,base
A1Q6VY3C3CEOA0,1,3,target,1,two_refs_egocentric,two_refs_egocentric_target,away from,towards,Mark is to the left of Ali. Mark looks to his left and Ali looks to his right. Ali is facing BLANK Mark.,d2172169-bc46-53a4-b15d-1427bee617a3,base
A207IHY6GERCFO,1,3,target,1,two_refs_egocentric,two_refs_egocentric_target,away from,towards,Mark is to the left of Ali. Mark looks to his left and Ali looks to his right. Ali is facing BLANK Mark.,d2172169-bc46-53a4-b15d-1427bee617a3,base
A249EWKM1EOARK,1,3,target,1,two_refs_egocentric,two_refs_egocentric_target,away from,towards,Mark is to the left of Ali. Mark looks to his left and Ali looks to his right. Ali is facing BLANK Mark.,d2172169-bc46-53a4-b15d-1427bee617a3,base
A2FP41BSPG0Y4A,1,3,target,1,two_refs_egocentric,two_refs_egocentric_target,away from,towards,Mark is to the left of Ali. Mark looks to his left and Ali looks to his right. Ali is facing BLANK Mark.,d2172169-bc46-53a4-b15d-1427bee617a3,base
A2WJMGV0HKQG3Z,1,3,target,1,two_refs_egocentric,two_refs_egocentric_target,away from,towards,Mark is to the left of Ali. Mark looks to his left and Ali looks to his right. Ali is facing BLANK Mark.,d2172169-bc46-53a4-b15d-1427bee617a3,base
A367DFRENYZ3IM,1,3,target,1,two_refs_egocentric,two_refs_egocentric_target,away from,towards,Mark is to the left of Ali. Mark looks to his left and Ali looks to his right. Ali is facing BLANK Mark.,d2172169-bc46-53a4-b15d-1427bee617a3,base
A36CQIFWEDEECU,1,3,target,0,two_refs_egocentric,two_refs_egocentric_target,away from,towards,Mark is to the left of Ali. Mark looks to his left and Ali looks to his right. Ali is facing BLANK Mark.,d2172169-bc46-53a4-b15d-1427bee617a3,base
A3FMLJB693H2TY,1,3,target,1,two_refs_egocentric,two_refs_egocentric_target,away from,towards,Mark is to the left of Ali. Mark looks to his left and Ali looks to his right. Ali is facing BLANK Mark.,d2172169-bc46-53a4-b15d-1427bee617a3,base
A3KCG6O1OOK3Y5,1,3,target,0,two_refs_egocentric,two_refs_egocentric_target,away from,towards,Mark is to the left of Ali. Mark looks to his left and Ali looks to his right. Ali is facing BLANK Mark.,d2172169-bc46-53a4-b15d-1427bee617a3,base
A3L60SOWLYEDN2,1,3,target,0,two_refs_egocentric,two_refs_egocentric_target,away from,towards,Mark is to the left of Ali. Mark looks to his left and Ali looks to his right. Ali is facing BLANK Mark.,d2172169-bc46-53a4-b15d-1427bee617a3,base
A3TDPXTB6Y6H1I,1,3,target,1,two_refs_egocentric,two_refs_egocentric_target,away from,towards,Mark is to the left of Ali. Mark looks to his left and Ali looks to his right. Ali is facing BLANK Mark.,d2172169-bc46-53a4-b15d-1427bee617a3,base
A3UV55HC87DO9C,1,3,target,1,two_refs_egocentric,two_refs_egocentric_target,away from,towards,Mark is to the left of Ali. Mark looks to his left and Ali looks to his right. Ali is facing BLANK Mark.,d2172169-bc46-53a4-b15d-1427bee617a3,base
AR4FNR7Z2WLC8,1,3,target,0,two_refs_egocentric,two_refs_egocentric_target,away from,towards,Mark is to the left of Ali. Mark looks to his left and Ali looks to his right. Ali is facing BLANK Mark.,d2172169-bc46-53a4-b15d-1427bee617a3,base
AWO4DDM0X826U,1,3,target,1,two_refs_egocentric,two_refs_egocentric_target,away from,towards,Mark is to the left of Ali. Mark looks to his left and Ali looks to his right. Ali is facing BLANK Mark.,d2172169-bc46-53a4-b15d-1427bee617a3,base
AWPZQ3W3CEJOJ,1,3,target,0,two_refs_egocentric,two_refs_egocentric_target,away from,towards,Mark is to the left of Ali. Mark looks to his left and Ali looks to his right. Ali is facing BLANK Mark.,d2172169-bc46-53a4-b15d-1427bee617a3,base
A1PMZUBGXFANCI,1,3,target,0,geocentric_distant,geocentric_distant_target,North of,South of,Milwaukee is North of Ali. Ali turns around. Milwaukee is BLANK Ali.,5ee8a7e5-a2c1-5a21-b180-f0a7a538e6be,base
A1Q6VY3C3CEOA0,1,3,target,1,geocentric_distant,geocentric_distant_target,North of,South of,Milwaukee is North of Ali. Ali turns around. Milwaukee is BLANK Ali.,5ee8a7e5-a2c1-5a21-b180-f0a7a538e6be,base
A207IHY6GERCFO,1,3,target,1,geocentric_distant,geocentric_distant_target,North of,South of,Milwaukee is North of Ali. Ali turns around. Milwaukee is BLANK Ali.,5ee8a7e5-a2c1-5a21-b180-f0a7a538e6be,base
A249EWKM1EOARK,1,3,target,0,geocentric_distant,geocentric_distant_target,North of,South of,Milwaukee is North of Ali. Ali turns around. Milwaukee is BLANK Ali.,5ee8a7e5-a2c1-5a21-b180-f0a7a538e6be,base
A2FP41BSPG0Y4A,1,3,target,0,geocentric_distant,geocentric_distant_target,North of,South of,Milwaukee is North of Ali. Ali turns around. Milwaukee is BLANK Ali.,5ee8a7e5-a2c1-5a21-b180-f0a7a538e6be,base
A2WJMGV0HKQG3Z,1,3,target,0,geocentric_distant,geocentric_distant_target,North of,South of,Milwaukee is North of Ali. Ali turns around. Milwaukee is BLANK Ali.,5ee8a7e5-a2c1-5a21-b180-f0a7a538e6be,base
A367DFRENYZ3IM,1,3,target,1,geocentric_distant,geocentric_distant_target,North of,South of,Milwaukee is North of Ali. Ali turns around. Milwaukee is BLANK Ali.,5ee8a7e5-a2c1-5a21-b180-f0a7a538e6be,base
A36CQIFWEDEECU,1,3,target,0,geocentric_distant,geocentric_distant_target,North of,South of,Milwaukee is North of Ali. Ali turns around. Milwaukee is BLANK Ali.,5ee8a7e5-a2c1-5a21-b180-f0a7a538e6be,base
A3FMLJB693H2TY,1,3,target,1,geocentric_distant,geocentric_distant_target,North of,South of,Milwaukee is North of Ali. Ali turns around. Milwaukee is BLANK Ali.,5ee8a7e5-a2c1-5a21-b180-f0a7a538e6be,base
A3KCG6O1OOK3Y5,1,3,target,1,geocentric_distant,geocentric_distant_target,North of,South of,Milwaukee is North of Ali. Ali turns around. Milwaukee is BLANK Ali.,5ee8a7e5-a2c1-5a21-b180-f0a7a538e6be,base
A3L60SOWLYEDN2,1,3,target,1,geocentric_distant,geocentric_distant_target,North of,South of,Milwaukee is North of Ali. Ali turns around. Milwaukee is BLANK Ali.,5ee8a7e5-a2c1-5a21-b180-f0a7a538e6be,base
A3TDPXTB6Y6H1I,1,3,target,1,geocentric_distant,geocentric_distant_target,North of,South of,Milwaukee is North of Ali. Ali turns around. Milwaukee is BLANK Ali.,5ee8a7e5-a2c1-5a21-b180-f0a7a538e6be,base
A3UV55HC87DO9C,1,3,target,0,geocentric_distant,geocentric_distant_target,North of,South of,Milwaukee is North of Ali. Ali turns around. Milwaukee is BLANK Ali.,5ee8a7e5-a2c1-5a21-b180-f0a7a538e6be,base
AR4FNR7Z2WLC8,1,3,target,1,geocentric_distant,geocentric_distant_target,North of,South of,Milwaukee is North of Ali. Ali turns around. Milwaukee is BLANK Ali.,5ee8a7e5-a2c1-5a21-b180-f0a7a538e6be,base
AWO4DDM0X826U,1,3,target,0,geocentric_distant,geocentric_distant_target,North of,South of,Milwaukee is North of Ali. Ali turns around. Milwaukee is BLANK Ali.,5ee8a7e5-a2c1-5a21-b180-f0a7a538e6be,base
AWPZQ3W3CEJOJ,1,3,target,0,geocentric_distant,geocentric_distant_target,North of,South of,Milwaukee is North of Ali. Ali turns around. Milwaukee is BLANK Ali.,5ee8a7e5-a2c1-5a21-b180-f0a7a538e6be,base
A1PMZUBGXFANCI,1,3,target,1,geocentric_distant,geocentric_distant_target,North of,East of,Milwaukee is North of Ali. Ali turns right. Milwaukee is BLANK Ali.,477d44eb-6672-5eae-bebc-bd944786e92c,base
A1Q6VY3C3CEOA0,1,3,target,1,geocentric_distant,geocentric_distant_target,North of,East of,Milwaukee is North of Ali. Ali turns right. Milwaukee is BLANK Ali.,477d44eb-6672-5eae-bebc-bd944786e92c,base
A207IHY6GERCFO,1,3,target,1,geocentric_distant,geocentric_distant_target,North of,East of,Milwaukee is North of Ali. Ali turns right. Milwaukee is BLANK Ali.,477d44eb-6672-5eae-bebc-bd944786e92c,base
A249EWKM1EOARK,1,3,target,0,geocentric_distant,geocentric_distant_target,North of,East of,Milwaukee is North of Ali. Ali turns right. Milwaukee is BLANK Ali.,477d44eb-6672-5eae-bebc-bd944786e92c,base
A2FP41BSPG0Y4A,1,3,target,1,geocentric_distant,geocentric_distant_target,North of,East of,Milwaukee is North of Ali. Ali turns right. Milwaukee is BLANK Ali.,477d44eb-6672-5eae-bebc-bd944786e92c,base
A2WJMGV0HKQG3Z,1,3,target,0,geocentric_distant,geocentric_distant_target,North of,East of,Milwaukee is North of Ali. Ali turns right. Milwaukee is BLANK Ali.,477d44eb-6672-5eae-bebc-bd944786e92c,base
A367DFRENYZ3IM,1,3,target,1,geocentric_distant,geocentric_distant_target,North of,East of,Milwaukee is North of Ali. Ali turns right. Milwaukee is BLANK Ali.,477d44eb-6672-5eae-bebc-bd944786e92c,base
A36CQIFWEDEECU,1,3,target,1,geocentric_distant,geocentric_distant_target,North of,East of,Milwaukee is North of Ali. Ali turns right. Milwaukee is BLANK Ali.,477d44eb-6672-5eae-bebc-bd944786e92c,base
A3FMLJB693H2TY,1,3,target,0,geocentric_distant,geocentric_distant_target,North of,East of,Milwaukee is North of Ali. Ali turns right. Milwaukee is BLANK Ali.,477d44eb-6672-5eae-bebc-bd944786e92c,base
A3KCG6O1OOK3Y5,1,3,target,0,geocentric_distant,geocentric_distant_target,North of,East of,Milwaukee is North of Ali. Ali turns right. Milwaukee is BLANK Ali.,477d44eb-6672-5eae-bebc-bd944786e92c,base
A3L60SOWLYEDN2,1,3,target,1,geocentric_distant,geocentric_distant_target,North of,East of,Milwaukee is North of Ali. Ali turns right. Milwaukee is BLANK Ali.,477d44eb-6672-5eae-bebc-bd944786e92c,base
A3TDPXTB6Y6H1I,1,3,target,1,geocentric_distant,geocentric_distant_target,North of,East of,Milwaukee is North of Ali. Ali turns right. Milwaukee is BLANK Ali.,477d44eb-6672-5eae-bebc-bd944786e92c,base
A3UV55HC87DO9C,1,3,target,0,geocentric_distant,geocentric_distant_target,North of,East of,Milwaukee is North of Ali. Ali turns right. Milwaukee is BLANK Ali.,477d44eb-6672-5eae-bebc-bd944786e92c,base
AR4FNR7Z2WLC8,1,3,target,1,geocentric_distant,geocentric_distant_target,North of,East of,Milwaukee is North of Ali. Ali turns right. Milwaukee is BLANK Ali.,477d44eb-6672-5eae-bebc-bd944786e92c,base
AWO4DDM0X826U,1,3,target,1,geocentric_distant,geocentric_distant_target,North of,East of,Milwaukee is North of Ali. Ali turns right. Milwaukee is BLANK Ali.,477d44eb-6672-5eae-bebc-bd944786e92c,base
AWPZQ3W3CEJOJ,1,3,target,0,geocentric_distant,geocentric_distant_target,North of,East of,Milwaukee is North of Ali. Ali turns right. Milwaukee is BLANK Ali.,477d44eb-6672-5eae-bebc-bd944786e92c,base
A1PMZUBGXFANCI,1,3,target,0,two_refs_geocentric,two_refs_geocentric_target,Northest,Southeast,Milwaukee is South of Mark. Mark goes West. Mark is BLANK of Milwaukee.,e23f07b1-bdfa-5969-9480-74020b4ede21,base
A1Q6VY3C3CEOA0,1,3,target,0,two_refs_geocentric,two_refs_geocentric_target,Northest,Southeast,Milwaukee is South of Mark. Mark goes West. Mark is BLANK of Milwaukee.,e23f07b1-bdfa-5969-9480-74020b4ede21,base
A207IHY6GERCFO,1,3,target,0,two_refs_geocentric,two_refs_geocentric_target,Northest,Southeast,Milwaukee is South of Mark. Mark goes West. Mark is BLANK of Milwaukee.,e23f07b1-bdfa-5969-9480-74020b4ede21,base
A249EWKM1EOARK,1,3,target,0,two_refs_geocentric,two_refs_geocentric_target,Northest,Southeast,Milwaukee is South of Mark. Mark goes West. Mark is BLANK of Milwaukee.,e23f07b1-bdfa-5969-9480-74020b4ede21,base
A2FP41BSPG0Y4A,1,3,target,0,two_refs_geocentric,two_refs_geocentric_target,Northest,Southeast,Milwaukee is South of Mark. Mark goes West. Mark is BLANK of Milwaukee.,e23f07b1-bdfa-5969-9480-74020b4ede21,base
A2WJMGV0HKQG3Z,1,3,target,0,two_refs_geocentric,two_refs_geocentric_target,Northest,Southeast,Milwaukee is South of Mark. Mark goes West. Mark is BLANK of Milwaukee.,e23f07b1-bdfa-5969-9480-74020b4ede21,base
A367DFRENYZ3IM,1,3,target,0,two_refs_geocentric,two_refs_geocentric_target,Northest,Southeast,Milwaukee is South of Mark. Mark goes West. Mark is BLANK of Milwaukee.,e23f07b1-bdfa-5969-9480-74020b4ede21,base
A36CQIFWEDEECU,1,3,target,1,two_refs_geocentric,two_refs_geocentric_target,Northest,Southeast,Milwaukee is South of Mark. Mark goes West. Mark is BLANK of Milwaukee.,e23f07b1-bdfa-5969-9480-74020b4ede21,base
A3FMLJB693H2TY,1,3,target,0,two_refs_geocentric,two_refs_geocentric_target,Northest,Southeast,Milwaukee is South of Mark. Mark goes West. Mark is BLANK of Milwaukee.,e23f07b1-bdfa-5969-9480-74020b4ede21,base
A3KCG6O1OOK3Y5,1,3,target,0,two_refs_geocentric,two_refs_geocentric_target,Northest,Southeast,Milwaukee is South of Mark. Mark goes West. Mark is BLANK of Milwaukee.,e23f07b1-bdfa-5969-9480-74020b4ede21,base
A3L60SOWLYEDN2,1,3,target,1,two_refs_geocentric,two_refs_geocentric_target,Northest,Southeast,Milwaukee is South of Mark. Mark goes West. Mark is BLANK of Milwaukee.,e23f07b1-bdfa-5969-9480-74020b4ede21,base
A3TDPXTB6Y6H1I,1,3,target,1,two_refs_geocentric,two_refs_geocentric_target,Northest,Southeast,Milwaukee is South of Mark. Mark goes West. Mark is BLANK of Milwaukee.,e23f07b1-bdfa-5969-9480-74020b4ede21,base
A3UV55HC87DO9C,1,3,target,0,two_refs_geocentric,two_refs_geocentric_target,Northest,Southeast,Milwaukee is South of Mark. Mark goes West. Mark is BLANK of Milwaukee.,e23f07b1-bdfa-5969-9480-74020b4ede21,base
AR4FNR7Z2WLC8,1,3,target,0,two_refs_geocentric,two_refs_geocentric_target,Northest,Southeast,Milwaukee is South of Mark. Mark goes West. Mark is BLANK of Milwaukee.,e23f07b1-bdfa-5969-9480-74020b4ede21,base
AWO4DDM0X826U,1,3,target,1,two_refs_geocentric,two_refs_geocentric_target,Northest,Southeast,Milwaukee is South of Mark. Mark goes West. Mark is BLANK of Milwaukee.,e23f07b1-bdfa-5969-9480-74020b4ede21,base
AWPZQ3W3CEJOJ,1,3,target,1,two_refs_geocentric,two_refs_geocentric_target,Northest,Southeast,Milwaukee is South of Mark. Mark goes West. Mark is BLANK of Milwaukee.,e23f07b1-bdfa-5969-9480-74020b4ede21,base
A1PMZUBGXFANCI,1,3,target,0,geocentric_distant,geocentric_distant_target,West of,South of,Milwaukee is West of Ali. Ali turns left. Milwaukee is BLANK Ali.,1dfa5edb-b651-5e4f-84d7-cbc32c618e98,base
A1Q6VY3C3CEOA0,1,3,target,0,geocentric_distant,geocentric_distant_target,West of,South of,Milwaukee is West of Ali. Ali turns left. Milwaukee is BLANK Ali.,1dfa5edb-b651-5e4f-84d7-cbc32c618e98,base
A207IHY6GERCFO,1,3,target,1,geocentric_distant,geocentric_distant_target,West of,South of,Milwaukee is West of Ali. Ali turns left. Milwaukee is BLANK Ali.,1dfa5edb-b651-5e4f-84d7-cbc32c618e98,base
A249EWKM1EOARK,1,3,target,0,geocentric_distant,geocentric_distant_target,West of,South of,Milwaukee is West of Ali. Ali turns left. Milwaukee is BLANK Ali.,1dfa5edb-b651-5e4f-84d7-cbc32c618e98,base
A2FP41BSPG0Y4A,1,3,target,0,geocentric_distant,geocentric_distant_target,West of,South of,Milwaukee is West of Ali. Ali turns left. Milwaukee is BLANK Ali.,1dfa5edb-b651-5e4f-84d7-cbc32c618e98,base
A2WJMGV0HKQG3Z,1,3,target,0,geocentric_distant,geocentric_distant_target,West of,South of,Milwaukee is West of Ali. Ali turns left. Milwaukee is BLANK Ali.,1dfa5edb-b651-5e4f-84d7-cbc32c618e98,base
A367DFRENYZ3IM,1,3,target,0,geocentric_distant,geocentric_distant_target,West of,South of,Milwaukee is West of Ali. Ali turns left. Milwaukee is BLANK Ali.,1dfa5edb-b651-5e4f-84d7-cbc32c618e98,base
A36CQIFWEDEECU,1,3,target,1,geocentric_distant,geocentric_distant_target,West of,South of,Milwaukee is West of Ali. Ali turns left. Milwaukee is BLANK Ali.,1dfa5edb-b651-5e4f-84d7-cbc32c618e98,base
A3FMLJB693H2TY,1,3,target,1,geocentric_distant,geocentric_distant_target,West of,South of,Milwaukee is West of Ali. Ali turns left. Milwaukee is BLANK Ali.,1dfa5edb-b651-5e4f-84d7-cbc32c618e98,base
A3KCG6O1OOK3Y5,1,3,target,1,geocentric_distant,geocentric_distant_target,West of,South of,Milwaukee is West of Ali. Ali turns left. Milwaukee is BLANK Ali.,1dfa5edb-b651-5e4f-84d7-cbc32c618e98,base
A3L60SOWLYEDN2,1,3,target,1,geocentric_distant,geocentric_distant_target,West of,South of,Milwaukee is West of Ali. Ali turns left. Milwaukee is BLANK Ali.,1dfa5edb-b651-5e4f-84d7-cbc32c618e98,base
A3TDPXTB6Y6H1I,1,3,target,0,geocentric_distant,geocentric_distant_target,West of,South of,Milwaukee is West of Ali. Ali turns left. Milwaukee is BLANK Ali.,1dfa5edb-b651-5e4f-84d7-cbc32c618e98,base
A3UV55HC87DO9C,1,3,target,0,geocentric_distant,geocentric_distant_target,West of,South of,Milwaukee is West of Ali. Ali turns left. Milwaukee is BLANK Ali.,1dfa5edb-b651-5e4f-84d7-cbc32c618e98,base
AR4FNR7Z2WLC8,1,3,target,1,geocentric_distant,geocentric_distant_target,West of,South of,Milwaukee is West of Ali. Ali turns left. Milwaukee is BLANK Ali.,1dfa5edb-b651-5e4f-84d7-cbc32c618e98,base
AWO4DDM0X826U,1,3,target,1,geocentric_distant,geocentric_distant_target,West of,South of,Milwaukee is West of Ali. Ali turns left. Milwaukee is BLANK Ali.,1dfa5edb-b651-5e4f-84d7-cbc32c618e98,base
AWPZQ3W3CEJOJ,1,3,target,0,geocentric_distant,geocentric_distant_target,West of,South of,Milwaukee is West of Ali. Ali turns left. Milwaukee is BLANK Ali.,1dfa5edb-b651-5e4f-84d7-cbc32c618e98,base
A1PMZUBGXFANCI,1,3,target,0,geocentric_distant,geocentric_distant_target,further from,closer to,Milwaukee is West of Ali. Ali walks East. Ali is getting BLANK Milwaukee.,8682a503-d712-5c02-8a68-004d7ee96df3,base
A1Q6VY3C3CEOA0,1,3,target,1,geocentric_distant,geocentric_distant_target,further from,closer to,Milwaukee is West of Ali. Ali walks East. Ali is getting BLANK Milwaukee.,8682a503-d712-5c02-8a68-004d7ee96df3,base
A207IHY6GERCFO,1,3,target,1,geocentric_distant,geocentric_distant_target,further from,closer to,Milwaukee is West of Ali. Ali walks East. Ali is getting BLANK Milwaukee.,8682a503-d712-5c02-8a68-004d7ee96df3,base
A249EWKM1EOARK,1,3,target,0,geocentric_distant,geocentric_distant_target,further from,closer to,Milwaukee is West of Ali. Ali walks East. Ali is getting BLANK Milwaukee.,8682a503-d712-5c02-8a68-004d7ee96df3,base
A2FP41BSPG0Y4A,1,3,target,1,geocentric_distant,geocentric_distant_target,further from,closer to,Milwaukee is West of Ali. Ali walks East. Ali is getting BLANK Milwaukee.,8682a503-d712-5c02-8a68-004d7ee96df3,base
A2WJMGV0HKQG3Z,1,3,target,1,geocentric_distant,geocentric_distant_target,further from,closer to,Milwaukee is West of Ali. Ali walks East. Ali is getting BLANK Milwaukee.,8682a503-d712-5c02-8a68-004d7ee96df3,base
A367DFRENYZ3IM,1,3,target,1,geocentric_distant,geocentric_distant_target,further from,closer to,Milwaukee is West of Ali. Ali walks East. Ali is getting BLANK Milwaukee.,8682a503-d712-5c02-8a68-004d7ee96df3,base
A36CQIFWEDEECU,1,3,target,1,geocentric_distant,geocentric_distant_target,further from,closer to,Milwaukee is West of Ali. Ali walks East. Ali is getting BLANK Milwaukee.,8682a503-d712-5c02-8a68-004d7ee96df3,base
A3FMLJB693H2TY,1,3,target,1,geocentric_distant,geocentric_distant_target,further from,closer to,Milwaukee is West of Ali. Ali walks East. Ali is getting BLANK Milwaukee.,8682a503-d712-5c02-8a68-004d7ee96df3,base
A3KCG6O1OOK3Y5,1,3,target,1,geocentric_distant,geocentric_distant_target,further from,closer to,Milwaukee is West of Ali. Ali walks East. Ali is getting BLANK Milwaukee.,8682a503-d712-5c02-8a68-004d7ee96df3,base
A3L60SOWLYEDN2,1,3,target,1,geocentric_distant,geocentric_distant_target,further from,closer to,Milwaukee is West of Ali. Ali walks East. Ali is getting BLANK Milwaukee.,8682a503-d712-5c02-8a68-004d7ee96df3,base
A3TDPXTB6Y6H1I,1,3,target,1,geocentric_distant,geocentric_distant_target,further from,closer to,Milwaukee is West of Ali. Ali walks East. Ali is getting BLANK Milwaukee.,8682a503-d712-5c02-8a68-004d7ee96df3,base
A3UV55HC87DO9C,1,3,target,1,geocentric_distant,geocentric_distant_target,further from,closer to,Milwaukee is West of Ali. Ali walks East. Ali is getting BLANK Milwaukee.,8682a503-d712-5c02-8a68-004d7ee96df3,base
AR4FNR7Z2WLC8,1,3,target,1,geocentric_distant,geocentric_distant_target,further from,closer to,Milwaukee is West of Ali. Ali walks East. Ali is getting BLANK Milwaukee.,8682a503-d712-5c02-8a68-004d7ee96df3,base
AWO4DDM0X826U,1,3,target,1,geocentric_distant,geocentric_distant_target,further from,closer to,Milwaukee is West of Ali. Ali walks East. Ali is getting BLANK Milwaukee.,8682a503-d712-5c02-8a68-004d7ee96df3,base
AWPZQ3W3CEJOJ,1,3,target,1,geocentric_distant,geocentric_distant_target,further from,closer to,Milwaukee is West of Ali. Ali walks East. Ali is getting BLANK Milwaukee.,8682a503-d712-5c02-8a68-004d7ee96df3,base
A1PMZUBGXFANCI,1,3,target,1,state_follows,state_follows_target,colder,warmer,The apple is in the bucket. Ali puts the apple in the refrigerator. The apple gets BLANK.,ea8bd710-79bc-5d45-8852-95f72c124d72,base
A1Q6VY3C3CEOA0,1,3,target,1,state_follows,state_follows_target,colder,warmer,The apple is in the bucket. Ali puts the apple in the refrigerator. The apple gets BLANK.,ea8bd710-79bc-5d45-8852-95f72c124d72,base
A207IHY6GERCFO,1,3,target,1,state_follows,state_follows_target,colder,warmer,The apple is in the bucket. Ali puts the apple in the refrigerator. The apple gets BLANK.,ea8bd710-79bc-5d45-8852-95f72c124d72,base
A249EWKM1EOARK,1,3,target,1,state_follows,state_follows_target,colder,warmer,The apple is in the bucket. Ali puts the apple in the refrigerator. The apple gets BLANK.,ea8bd710-79bc-5d45-8852-95f72c124d72,base
A2FP41BSPG0Y4A,1,3,target,1,state_follows,state_follows_target,colder,warmer,The apple is in the bucket. Ali puts the apple in the refrigerator. The apple gets BLANK.,ea8bd710-79bc-5d45-8852-95f72c124d72,base
A2WJMGV0HKQG3Z,1,3,target,1,state_follows,state_follows_target,colder,warmer,The apple is in the bucket. Ali puts the apple in the refrigerator. The apple gets BLANK.,ea8bd710-79bc-5d45-8852-95f72c124d72,base
A367DFRENYZ3IM,1,3,target,1,state_follows,state_follows_target,colder,warmer,The apple is in the bucket. Ali puts the apple in the refrigerator. The apple gets BLANK.,ea8bd710-79bc-5d45-8852-95f72c124d72,base
A36CQIFWEDEECU,1,3,target,1,state_follows,state_follows_target,colder,warmer,The apple is in the bucket. Ali puts the apple in the refrigerator. The apple gets BLANK.,ea8bd710-79bc-5d45-8852-95f72c124d72,base
A3FMLJB693H2TY,1,3,target,1,state_follows,state_follows_target,colder,warmer,The apple is in the bucket. Ali puts the apple in the refrigerator. The apple gets BLANK.,ea8bd710-79bc-5d45-8852-95f72c124d72,base
A3KCG6O1OOK3Y5,1,3,target,1,state_follows,state_follows_target,colder,warmer,The apple is in the bucket. Ali puts the apple in the refrigerator. The apple gets BLANK.,ea8bd710-79bc-5d45-8852-95f72c124d72,base
A3L60SOWLYEDN2,1,3,target,1,state_follows,state_follows_target,colder,warmer,The apple is in the bucket. Ali puts the apple in the refrigerator. The apple gets BLANK.,ea8bd710-79bc-5d45-8852-95f72c124d72,base
A3TDPXTB6Y6H1I,1,3,target,1,state_follows,state_follows_target,colder,warmer,The apple is in the bucket. Ali puts the apple in the refrigerator. The apple gets BLANK.,ea8bd710-79bc-5d45-8852-95f72c124d72,base
A3UV55HC87DO9C,1,3,target,1,state_follows,state_follows_target,colder,warmer,The apple is in the bucket. Ali puts the apple in the refrigerator. The apple gets BLANK.,ea8bd710-79bc-5d45-8852-95f72c124d72,base
AR4FNR7Z2WLC8,1,3,target,1,state_follows,state_follows_target,colder,warmer,The apple is in the bucket. Ali puts the apple in the refrigerator. The apple gets BLANK.,ea8bd710-79bc-5d45-8852-95f72c124d72,base
AWO4DDM0X826U,1,3,target,1,state_follows,state_follows_target,colder,warmer,The apple is in the bucket. Ali puts the apple in the refrigerator. The apple gets BLANK.,ea8bd710-79bc-5d45-8852-95f72c124d72,base
AWPZQ3W3CEJOJ,1,3,target,1,state_follows,state_follows_target,colder,warmer,The apple is in the bucket. Ali puts the apple in the refrigerator. The apple gets BLANK.,ea8bd710-79bc-5d45-8852-95f72c124d72,base
A1PMZUBGXFANCI,1,3,target,1,relative_pos,relative_pos_target,lower than,higher than,The ball and the box are on the table. The box falls off the table. The box is BLANK the ball.,4f410955-2026-597d-a9b0-41ecfe6c8ae0,base
A1Q6VY3C3CEOA0,1,3,target,1,relative_pos,relative_pos_target,lower than,higher than,The ball and the box are on the table. The box falls off the table. The box is BLANK the ball.,4f410955-2026-597d-a9b0-41ecfe6c8ae0,base
A207IHY6GERCFO,1,3,target,1,relative_pos,relative_pos_target,lower than,higher than,The ball and the box are on the table. The box falls off the table. The box is BLANK the ball.,4f410955-2026-597d-a9b0-41ecfe6c8ae0,base
A249EWKM1EOARK,1,3,target,1,relative_pos,relative_pos_target,lower than,higher than,The ball and the box are on the table. The box falls off the table. The box is BLANK the ball.,4f410955-2026-597d-a9b0-41ecfe6c8ae0,base
A2FP41BSPG0Y4A,1,3,target,1,relative_pos,relative_pos_target,lower than,higher than,The ball and the box are on the table. The box falls off the table. The box is BLANK the ball.,4f410955-2026-597d-a9b0-41ecfe6c8ae0,base
A2WJMGV0HKQG3Z,1,3,target,1,relative_pos,relative_pos_target,lower than,higher than,The ball and the box are on the table. The box falls off the table. The box is BLANK the ball.,4f410955-2026-597d-a9b0-41ecfe6c8ae0,base
A367DFRENYZ3IM,1,3,target,1,relative_pos,relative_pos_target,lower than,higher than,The ball and the box are on the table. The box falls off the table. The box is BLANK the ball.,4f410955-2026-597d-a9b0-41ecfe6c8ae0,base
A36CQIFWEDEECU,1,3,target,1,relative_pos,relative_pos_target,lower than,higher than,The ball and the box are on the table. The box falls off the table. The box is BLANK the ball.,4f410955-2026-597d-a9b0-41ecfe6c8ae0,base
A3FMLJB693H2TY,1,3,target,1,relative_pos,relative_pos_target,lower than,higher than,The ball and the box are on the table. The box falls off the table. The box is BLANK the ball.,4f410955-2026-597d-a9b0-41ecfe6c8ae0,base
A3KCG6O1OOK3Y5,1,3,target,0,relative_pos,relative_pos_target,lower than,higher than,The ball and the box are on the table. The box falls off the table. The box is BLANK the ball.,4f410955-2026-597d-a9b0-41ecfe6c8ae0,base
A3L60SOWLYEDN2,1,3,target,1,relative_pos,relative_pos_target,lower than,higher than,The ball and the box are on the table. The box falls off the table. The box is BLANK the ball.,4f410955-2026-597d-a9b0-41ecfe6c8ae0,base
A3TDPXTB6Y6H1I,1,3,target,1,relative_pos,relative_pos_target,lower than,higher than,The ball and the box are on the table. The box falls off the table. The box is BLANK the ball.,4f410955-2026-597d-a9b0-41ecfe6c8ae0,base
A3UV55HC87DO9C,1,3,target,1,relative_pos,relative_pos_target,lower than,higher than,The ball and the box are on the table. The box falls off the table. The box is BLANK the ball.,4f410955-2026-597d-a9b0-41ecfe6c8ae0,base
AR4FNR7Z2WLC8,1,3,target,1,relative_pos,relative_pos_target,lower than,higher than,The ball and the box are on the table. The box falls off the table. The box is BLANK the ball.,4f410955-2026-597d-a9b0-41ecfe6c8ae0,base
AWO4DDM0X826U,1,3,target,1,relative_pos,relative_pos_target,lower than,higher than,The ball and the box are on the table. The box falls off the table. The box is BLANK the ball.,4f410955-2026-597d-a9b0-41ecfe6c8ae0,base
AWPZQ3W3CEJOJ,1,3,target,1,relative_pos,relative_pos_target,lower than,higher than,The ball and the box are on the table. The box falls off the table. The box is BLANK the ball.,4f410955-2026-597d-a9b0-41ecfe6c8ae0,base
A1PMZUBGXFANCI,1,3,target,1,action_nonfollows,action_nonfollows_target,inside,outside,The ball is inside the box. Ali pushes the box forward. The ball is BLANK the box.,087899be-bc4a-5d49-948e-4794f128915d,base
A1Q6VY3C3CEOA0,1,3,target,1,action_nonfollows,action_nonfollows_target,inside,outside,The ball is inside the box. Ali pushes the box forward. The ball is BLANK the box.,087899be-bc4a-5d49-948e-4794f128915d,base
A207IHY6GERCFO,1,3,target,1,action_nonfollows,action_nonfollows_target,inside,outside,The ball is inside the box. Ali pushes the box forward. The ball is BLANK the box.,087899be-bc4a-5d49-948e-4794f128915d,base
A249EWKM1EOARK,1,3,target,1,action_nonfollows,action_nonfollows_target,inside,outside,The ball is inside the box. Ali pushes the box forward. The ball is BLANK the box.,087899be-bc4a-5d49-948e-4794f128915d,base
A2FP41BSPG0Y4A,1,3,target,0,action_nonfollows,action_nonfollows_target,inside,outside,The ball is inside the box. Ali pushes the box forward. The ball is BLANK the box.,087899be-bc4a-5d49-948e-4794f128915d,base
A2WJMGV0HKQG3Z,1,3,target,1,action_nonfollows,action_nonfollows_target,inside,outside,The ball is inside the box. Ali pushes the box forward. The ball is BLANK the box.,087899be-bc4a-5d49-948e-4794f128915d,base
A367DFRENYZ3IM,1,3,target,1,action_nonfollows,action_nonfollows_target,inside,outside,The ball is inside the box. Ali pushes the box forward. The ball is BLANK the box.,087899be-bc4a-5d49-948e-4794f128915d,base
A36CQIFWEDEECU,1,3,target,1,action_nonfollows,action_nonfollows_target,inside,outside,The ball is inside the box. Ali pushes the box forward. The ball is BLANK the box.,087899be-bc4a-5d49-948e-4794f128915d,base
A3FMLJB693H2TY,1,3,target,1,action_nonfollows,action_nonfollows_target,inside,outside,The ball is inside the box. Ali pushes the box forward. The ball is BLANK the box.,087899be-bc4a-5d49-948e-4794f128915d,base
A3KCG6O1OOK3Y5,1,3,target,1,action_nonfollows,action_nonfollows_target,inside,outside,The ball is inside the box. Ali pushes the box forward. The ball is BLANK the box.,087899be-bc4a-5d49-948e-4794f128915d,base
A3L60SOWLYEDN2,1,3,target,1,action_nonfollows,action_nonfollows_target,inside,outside,The ball is inside the box. Ali pushes the box forward. The ball is BLANK the box.,087899be-bc4a-5d49-948e-4794f128915d,base
A3TDPXTB6Y6H1I,1,3,target,1,action_nonfollows,action_nonfollows_target,inside,outside,The ball is inside the box. Ali pushes the box forward. The ball is BLANK the box.,087899be-bc4a-5d49-948e-4794f128915d,base
A3UV55HC87DO9C,1,3,target,1,action_nonfollows,action_nonfollows_target,inside,outside,The ball is inside the box. Ali pushes the box forward. The ball is BLANK the box.,087899be-bc4a-5d49-948e-4794f128915d,base
AR4FNR7Z2WLC8,1,3,target,1,action_nonfollows,action_nonfollows_target,inside,outside,The ball is inside the box. Ali pushes the box forward. The ball is BLANK the box.,087899be-bc4a-5d49-948e-4794f128915d,base
AWO4DDM0X826U,1,3,target,1,action_nonfollows,action_nonfollows_target,inside,outside,The ball is inside the box. Ali pushes the box forward. The ball is BLANK the box.,087899be-bc4a-5d49-948e-4794f128915d,base
AWPZQ3W3CEJOJ,1,3,target,1,action_nonfollows,action_nonfollows_target,inside,outside,The ball is inside the box. Ali pushes the box forward. The ball is BLANK the box.,087899be-bc4a-5d49-948e-4794f128915d,base
A1PMZUBGXFANCI,1,3,target,1,action_follows,action_follows_target,moves,doesn't move,The ball is touching the box. Ali pushes the box. The ball BLANK.,3f1404ab-8313-508a-8989-aefa9bb4d046,base
A1Q6VY3C3CEOA0,1,3,target,1,action_follows,action_follows_target,moves,doesn't move,The ball is touching the box. Ali pushes the box. The ball BLANK.,3f1404ab-8313-508a-8989-aefa9bb4d046,base
A207IHY6GERCFO,1,3,target,1,action_follows,action_follows_target,moves,doesn't move,The ball is touching the box. Ali pushes the box. The ball BLANK.,3f1404ab-8313-508a-8989-aefa9bb4d046,base
A249EWKM1EOARK,1,3,target,1,action_follows,action_follows_target,moves,doesn't move,The ball is touching the box. Ali pushes the box. The ball BLANK.,3f1404ab-8313-508a-8989-aefa9bb4d046,base
A2FP41BSPG0Y4A,1,3,target,0,action_follows,action_follows_target,moves,doesn't move,The ball is touching the box. Ali pushes the box. The ball BLANK.,3f1404ab-8313-508a-8989-aefa9bb4d046,base
A2WJMGV0HKQG3Z,1,3,target,1,action_follows,action_follows_target,moves,doesn't move,The ball is touching the box. Ali pushes the box. The ball BLANK.,3f1404ab-8313-508a-8989-aefa9bb4d046,base
A367DFRENYZ3IM,1,3,target,1,action_follows,action_follows_target,moves,doesn't move,The ball is touching the box. Ali pushes the box. The ball BLANK.,3f1404ab-8313-508a-8989-aefa9bb4d046,base
A36CQIFWEDEECU,1,3,target,1,action_follows,action_follows_target,moves,doesn't move,The ball is touching the box. Ali pushes the box. The ball BLANK.,3f1404ab-8313-508a-8989-aefa9bb4d046,base
A3FMLJB693H2TY,1,3,target,1,action_follows,action_follows_target,moves,doesn't move,The ball is touching the box. Ali pushes the box. The ball BLANK.,3f1404ab-8313-508a-8989-aefa9bb4d046,base
A3KCG6O1OOK3Y5,1,3,target,1,action_follows,action_follows_target,moves,doesn't move,The ball is touching the box. Ali pushes the box. The ball BLANK.,3f1404ab-8313-508a-8989-aefa9bb4d046,base
A3L60SOWLYEDN2,1,3,target,1,action_follows,action_follows_target,moves,doesn't move,The ball is touching the box. Ali pushes the box. The ball BLANK.,3f1404ab-8313-508a-8989-aefa9bb4d046,base
A3TDPXTB6Y6H1I,1,3,target,1,action_follows,action_follows_target,moves,doesn't move,The ball is touching the box. Ali pushes the box. The ball BLANK.,3f1404ab-8313-508a-8989-aefa9bb4d046,base
A3UV55HC87DO9C,1,3,target,1,action_follows,action_follows_target,moves,doesn't move,The ball is touching the box. Ali pushes the box. The ball BLANK.,3f1404ab-8313-508a-8989-aefa9bb4d046,base
AR4FNR7Z2WLC8,1,3,target,1,action_follows,action_follows_target,moves,doesn't move,The ball is touching the box. Ali pushes the box. The ball BLANK.,3f1404ab-8313-508a-8989-aefa9bb4d046,base
AWO4DDM0X826U,1,3,target,1,action_follows,action_follows_target,moves,doesn't move,The ball is touching the box. Ali pushes the box. The ball BLANK.,3f1404ab-8313-508a-8989-aefa9bb4d046,base
AWPZQ3W3CEJOJ,1,3,target,1,action_follows,action_follows_target,moves,doesn't move,The ball is touching the box. Ali pushes the box. The ball BLANK.,3f1404ab-8313-508a-8989-aefa9bb4d046,base
A1PMZUBGXFANCI,1,3,target,1,action_nonfollows,action_nonfollows_target,lower than,higher than,The ball is under the box. The ball moves right. The ball is BLANK the box.,ffdc1ea0-d1fb-56c2-860d-6b1916a9d51a,base
A1Q6VY3C3CEOA0,1,3,target,1,action_nonfollows,action_nonfollows_target,lower than,higher than,The ball is under the box. The ball moves right. The ball is BLANK the box.,ffdc1ea0-d1fb-56c2-860d-6b1916a9d51a,base
A207IHY6GERCFO,1,3,target,1,action_nonfollows,action_nonfollows_target,lower than,higher than,The ball is under the box. The ball moves right. The ball is BLANK the box.,ffdc1ea0-d1fb-56c2-860d-6b1916a9d51a,base
A249EWKM1EOARK,1,3,target,1,action_nonfollows,action_nonfollows_target,lower than,higher than,The ball is under the box. The ball moves right. The ball is BLANK the box.,ffdc1ea0-d1fb-56c2-860d-6b1916a9d51a,base
A2FP41BSPG0Y4A,1,3,target,1,action_nonfollows,action_nonfollows_target,lower than,higher than,The ball is under the box. The ball moves right. The ball is BLANK the box.,ffdc1ea0-d1fb-56c2-860d-6b1916a9d51a,base
A2WJMGV0HKQG3Z,1,3,target,0,action_nonfollows,action_nonfollows_target,lower than,higher than,The ball is under the box. The ball moves right. The ball is BLANK the box.,ffdc1ea0-d1fb-56c2-860d-6b1916a9d51a,base
A367DFRENYZ3IM,1,3,target,1,action_nonfollows,action_nonfollows_target,lower than,higher than,The ball is under the box. The ball moves right. The ball is BLANK the box.,ffdc1ea0-d1fb-56c2-860d-6b1916a9d51a,base
A36CQIFWEDEECU,1,3,target,1,action_nonfollows,action_nonfollows_target,lower than,higher than,The ball is under the box. The ball moves right. The ball is BLANK the box.,ffdc1ea0-d1fb-56c2-860d-6b1916a9d51a,base
A3FMLJB693H2TY,1,3,target,1,action_nonfollows,action_nonfollows_target,lower than,higher than,The ball is under the box. The ball moves right. The ball is BLANK the box.,ffdc1ea0-d1fb-56c2-860d-6b1916a9d51a,base
A3KCG6O1OOK3Y5,1,3,target,1,action_nonfollows,action_nonfollows_target,lower than,higher than,The ball is under the box. The ball moves right. The ball is BLANK the box.,ffdc1ea0-d1fb-56c2-860d-6b1916a9d51a,base
A3L60SOWLYEDN2,1,3,target,1,action_nonfollows,action_nonfollows_target,lower than,higher than,The ball is under the box. The ball moves right. The ball is BLANK the box.,ffdc1ea0-d1fb-56c2-860d-6b1916a9d51a,base
A3TDPXTB6Y6H1I,1,3,target,1,action_nonfollows,action_nonfollows_target,lower than,higher than,The ball is under the box. The ball moves right. The ball is BLANK the box.,ffdc1ea0-d1fb-56c2-860d-6b1916a9d51a,base
A3UV55HC87DO9C,1,3,target,1,action_nonfollows,action_nonfollows_target,lower than,higher than,The ball is under the box. The ball moves right. The ball is BLANK the box.,ffdc1ea0-d1fb-56c2-860d-6b1916a9d51a,base
AR4FNR7Z2WLC8,1,3,target,1,action_nonfollows,action_nonfollows_target,lower than,higher than,The ball is under the box. The ball moves right. The ball is BLANK the box.,ffdc1ea0-d1fb-56c2-860d-6b1916a9d51a,base
AWO4DDM0X826U,1,3,target,1,action_nonfollows,action_nonfollows_target,lower than,higher than,The ball is under the box. The ball moves right. The ball is BLANK the box.,ffdc1ea0-d1fb-56c2-860d-6b1916a9d51a,base
AWPZQ3W3CEJOJ,1,3,target,1,action_nonfollows,action_nonfollows_target,lower than,higher than,The ball is under the box. The ball moves right. The ball is BLANK the box.,ffdc1ea0-d1fb-56c2-860d-6b1916a9d51a,base
A1PMZUBGXFANCI,1,3,target,0,action_follows,action_follows_target,far from,close to,The baseball is close to Ali. Ali throws the baseball. The baseball is BLANK Ali.,b9e80e51-f4e6-5c6f-b976-6140e86b35a1,base
A1Q6VY3C3CEOA0,1,3,target,1,action_follows,action_follows_target,far from,close to,The baseball is close to Ali. Ali throws the baseball. The baseball is BLANK Ali.,b9e80e51-f4e6-5c6f-b976-6140e86b35a1,base
A207IHY6GERCFO,1,3,target,0,action_follows,action_follows_target,far from,close to,The baseball is close to Ali. Ali throws the baseball. The baseball is BLANK Ali.,b9e80e51-f4e6-5c6f-b976-6140e86b35a1,base
A249EWKM1EOARK,1,3,target,1,action_follows,action_follows_target,far from,close to,The baseball is close to Ali. Ali throws the baseball. The baseball is BLANK Ali.,b9e80e51-f4e6-5c6f-b976-6140e86b35a1,base
A2FP41BSPG0Y4A,1,3,target,1,action_follows,action_follows_target,far from,close to,The baseball is close to Ali. Ali throws the baseball. The baseball is BLANK Ali.,b9e80e51-f4e6-5c6f-b976-6140e86b35a1,base
A2WJMGV0HKQG3Z,1,3,target,1,action_follows,action_follows_target,far from,close to,The baseball is close to Ali. Ali throws the baseball. The baseball is BLANK Ali.,b9e80e51-f4e6-5c6f-b976-6140e86b35a1,base
A367DFRENYZ3IM,1,3,target,1,action_follows,action_follows_target,far from,close to,The baseball is close to Ali. Ali throws the baseball. The baseball is BLANK Ali.,b9e80e51-f4e6-5c6f-b976-6140e86b35a1,base
A36CQIFWEDEECU,1,3,target,0,action_follows,action_follows_target,far from,close to,The baseball is close to Ali. Ali throws the baseball. The baseball is BLANK Ali.,b9e80e51-f4e6-5c6f-b976-6140e86b35a1,base
A3FMLJB693H2TY,1,3,target,1,action_follows,action_follows_target,far from,close to,The baseball is close to Ali. Ali throws the baseball. The baseball is BLANK Ali.,b9e80e51-f4e6-5c6f-b976-6140e86b35a1,base
A3KCG6O1OOK3Y5,1,3,target,0,action_follows,action_follows_target,far from,close to,The baseball is close to Ali. Ali throws the baseball. The baseball is BLANK Ali.,b9e80e51-f4e6-5c6f-b976-6140e86b35a1,base
A3L60SOWLYEDN2,1,3,target,1,action_follows,action_follows_target,far from,close to,The baseball is close to Ali. Ali throws the baseball. The baseball is BLANK Ali.,b9e80e51-f4e6-5c6f-b976-6140e86b35a1,base
A3TDPXTB6Y6H1I,1,3,target,1,action_follows,action_follows_target,far from,close to,The baseball is close to Ali. Ali throws the baseball. The baseball is BLANK Ali.,b9e80e51-f4e6-5c6f-b976-6140e86b35a1,base
A3UV55HC87DO9C,1,3,target,1,action_follows,action_follows_target,far from,close to,The baseball is close to Ali. Ali throws the baseball. The baseball is BLANK Ali.,b9e80e51-f4e6-5c6f-b976-6140e86b35a1,base
AR4FNR7Z2WLC8,1,3,target,1,action_follows,action_follows_target,far from,close to,The baseball is close to Ali. Ali throws the baseball. The baseball is BLANK Ali.,b9e80e51-f4e6-5c6f-b976-6140e86b35a1,base
AWO4DDM0X826U,1,3,target,1,action_follows,action_follows_target,far from,close to,The baseball is close to Ali. Ali throws the baseball. The baseball is BLANK Ali.,b9e80e51-f4e6-5c6f-b976-6140e86b35a1,base
AWPZQ3W3CEJOJ,1,3,target,1,action_follows,action_follows_target,far from,close to,The baseball is close to Ali. Ali throws the baseball. The baseball is BLANK Ali.,b9e80e51-f4e6-5c6f-b976-6140e86b35a1,base
A1PMZUBGXFANCI,1,3,target,0,action_nonfollows,action_nonfollows_target,doesn't move,moves,The book is under the table. Ali moves the book. The table BLANK.,0db7dd2a-b02c-5034-9735-67371cfe2717,base
A1Q6VY3C3CEOA0,1,3,target,1,action_nonfollows,action_nonfollows_target,doesn't move,moves,The book is under the table. Ali moves the book. The table BLANK.,0db7dd2a-b02c-5034-9735-67371cfe2717,base
A207IHY6GERCFO,1,3,target,0,action_nonfollows,action_nonfollows_target,doesn't move,moves,The book is under the table. Ali moves the book. The table BLANK.,0db7dd2a-b02c-5034-9735-67371cfe2717,base
A249EWKM1EOARK,1,3,target,1,action_nonfollows,action_nonfollows_target,doesn't move,moves,The book is under the table. Ali moves the book. The table BLANK.,0db7dd2a-b02c-5034-9735-67371cfe2717,base
A2FP41BSPG0Y4A,1,3,target,0,action_nonfollows,action_nonfollows_target,doesn't move,moves,The book is under the table. Ali moves the book. The table BLANK.,0db7dd2a-b02c-5034-9735-67371cfe2717,base
A2WJMGV0HKQG3Z,1,3,target,1,action_nonfollows,action_nonfollows_target,doesn't move,moves,The book is under the table. Ali moves the book. The table BLANK.,0db7dd2a-b02c-5034-9735-67371cfe2717,base
A367DFRENYZ3IM,1,3,target,1,action_nonfollows,action_nonfollows_target,doesn't move,moves,The book is under the table. Ali moves the book. The table BLANK.,0db7dd2a-b02c-5034-9735-67371cfe2717,base
A36CQIFWEDEECU,1,3,target,1,action_nonfollows,action_nonfollows_target,doesn't move,moves,The book is under the table. Ali moves the book. The table BLANK.,0db7dd2a-b02c-5034-9735-67371cfe2717,base
A3FMLJB693H2TY,1,3,target,0,action_nonfollows,action_nonfollows_target,doesn't move,moves,The book is under the table. Ali moves the book. The table BLANK.,0db7dd2a-b02c-5034-9735-67371cfe2717,base
A3KCG6O1OOK3Y5,1,3,target,1,action_nonfollows,action_nonfollows_target,doesn't move,moves,The book is under the table. Ali moves the book. The table BLANK.,0db7dd2a-b02c-5034-9735-67371cfe2717,base
A3L60SOWLYEDN2,1,3,target,1,action_nonfollows,action_nonfollows_target,doesn't move,moves,The book is under the table. Ali moves the book. The table BLANK.,0db7dd2a-b02c-5034-9735-67371cfe2717,base
A3TDPXTB6Y6H1I,1,3,target,1,action_nonfollows,action_nonfollows_target,doesn't move,moves,The book is under the table. Ali moves the book. The table BLANK.,0db7dd2a-b02c-5034-9735-67371cfe2717,base
A3UV55HC87DO9C,1,3,target,1,action_nonfollows,action_nonfollows_target,doesn't move,moves,The book is under the table. Ali moves the book. The table BLANK.,0db7dd2a-b02c-5034-9735-67371cfe2717,base
AR4FNR7Z2WLC8,1,3,target,0,action_nonfollows,action_nonfollows_target,doesn't move,moves,The book is under the table. Ali moves the book. The table BLANK.,0db7dd2a-b02c-5034-9735-67371cfe2717,base
AWO4DDM0X826U,1,3,target,1,action_nonfollows,action_nonfollows_target,doesn't move,moves,The book is under the table. Ali moves the book. The table BLANK.,0db7dd2a-b02c-5034-9735-67371cfe2717,base
AWPZQ3W3CEJOJ,1,3,target,0,action_nonfollows,action_nonfollows_target,doesn't move,moves,The book is under the table. Ali moves the book. The table BLANK.,0db7dd2a-b02c-5034-9735-67371cfe2717,base
A1PMZUBGXFANCI,1,3,target,1,geocentric_near,geocentric_near_target,South of,North of,The box is South of Ali. Ali turns around. The box is BLANK Ali.,87863690-da01-5035-a227-bad8f7e6a8a3,base
A1Q6VY3C3CEOA0,1,3,target,0,geocentric_near,geocentric_near_target,South of,North of,The box is South of Ali. Ali turns around. The box is BLANK Ali.,87863690-da01-5035-a227-bad8f7e6a8a3,base
A207IHY6GERCFO,1,3,target,0,geocentric_near,geocentric_near_target,South of,North of,The box is South of Ali. Ali turns around. The box is BLANK Ali.,87863690-da01-5035-a227-bad8f7e6a8a3,base
A249EWKM1EOARK,1,3,target,0,geocentric_near,geocentric_near_target,South of,North of,The box is South of Ali. Ali turns around. The box is BLANK Ali.,87863690-da01-5035-a227-bad8f7e6a8a3,base
A2FP41BSPG0Y4A,1,3,target,0,geocentric_near,geocentric_near_target,South of,North of,The box is South of Ali. Ali turns around. The box is BLANK Ali.,87863690-da01-5035-a227-bad8f7e6a8a3,base
A2WJMGV0HKQG3Z,1,3,target,0,geocentric_near,geocentric_near_target,South of,North of,The box is South of Ali. Ali turns around. The box is BLANK Ali.,87863690-da01-5035-a227-bad8f7e6a8a3,base
A367DFRENYZ3IM,1,3,target,1,geocentric_near,geocentric_near_target,South of,North of,The box is South of Ali. Ali turns around. The box is BLANK Ali.,87863690-da01-5035-a227-bad8f7e6a8a3,base
A36CQIFWEDEECU,1,3,target,0,geocentric_near,geocentric_near_target,South of,North of,The box is South of Ali. Ali turns around. The box is BLANK Ali.,87863690-da01-5035-a227-bad8f7e6a8a3,base
A3FMLJB693H2TY,1,3,target,0,geocentric_near,geocentric_near_target,South of,North of,The box is South of Ali. Ali turns around. The box is BLANK Ali.,87863690-da01-5035-a227-bad8f7e6a8a3,base
A3KCG6O1OOK3Y5,1,3,target,1,geocentric_near,geocentric_near_target,South of,North of,The box is South of Ali. Ali turns around. The box is BLANK Ali.,87863690-da01-5035-a227-bad8f7e6a8a3,base
A3L60SOWLYEDN2,1,3,target,1,geocentric_near,geocentric_near_target,South of,North of,The box is South of Ali. Ali turns around. The box is BLANK Ali.,87863690-da01-5035-a227-bad8f7e6a8a3,base
A3TDPXTB6Y6H1I,1,3,target,1,geocentric_near,geocentric_near_target,South of,North of,The box is South of Ali. Ali turns around. The box is BLANK Ali.,87863690-da01-5035-a227-bad8f7e6a8a3,base
A3UV55HC87DO9C,1,3,target,0,geocentric_near,geocentric_near_target,South of,North of,The box is South of Ali. Ali turns around. The box is BLANK Ali.,87863690-da01-5035-a227-bad8f7e6a8a3,base
AR4FNR7Z2WLC8,1,3,target,1,geocentric_near,geocentric_near_target,South of,North of,The box is South of Ali. Ali turns around. The box is BLANK Ali.,87863690-da01-5035-a227-bad8f7e6a8a3,base
AWO4DDM0X826U,1,3,target,0,geocentric_near,geocentric_near_target,South of,North of,The box is South of Ali. Ali turns around. The box is BLANK Ali.,87863690-da01-5035-a227-bad8f7e6a8a3,base
AWPZQ3W3CEJOJ,1,3,target,0,geocentric_near,geocentric_near_target,South of,North of,The box is South of Ali. Ali turns around. The box is BLANK Ali.,87863690-da01-5035-a227-bad8f7e6a8a3,base
A1PMZUBGXFANCI,1,3,target,1,action_follows,action_follows_target,sinks,floats,The box is floating in the water. Ali puts a bowling ball in the box. The box BLANK.,c709328c-8403-5c23-aa3b-7749313e5b8a,base
A1Q6VY3C3CEOA0,1,3,target,1,action_follows,action_follows_target,sinks,floats,The box is floating in the water. Ali puts a bowling ball in the box. The box BLANK.,c709328c-8403-5c23-aa3b-7749313e5b8a,base
A207IHY6GERCFO,1,3,target,1,action_follows,action_follows_target,sinks,floats,The box is floating in the water. Ali puts a bowling ball in the box. The box BLANK.,c709328c-8403-5c23-aa3b-7749313e5b8a,base
A249EWKM1EOARK,1,3,target,1,action_follows,action_follows_target,sinks,floats,The box is floating in the water. Ali puts a bowling ball in the box. The box BLANK.,c709328c-8403-5c23-aa3b-7749313e5b8a,base
A2FP41BSPG0Y4A,1,3,target,1,action_follows,action_follows_target,sinks,floats,The box is floating in the water. Ali puts a bowling ball in the box. The box BLANK.,c709328c-8403-5c23-aa3b-7749313e5b8a,base
A2WJMGV0HKQG3Z,1,3,target,1,action_follows,action_follows_target,sinks,floats,The box is floating in the water. Ali puts a bowling ball in the box. The box BLANK.,c709328c-8403-5c23-aa3b-7749313e5b8a,base
A367DFRENYZ3IM,1,3,target,1,action_follows,action_follows_target,sinks,floats,The box is floating in the water. Ali puts a bowling ball in the box. The box BLANK.,c709328c-8403-5c23-aa3b-7749313e5b8a,base
A36CQIFWEDEECU,1,3,target,1,action_follows,action_follows_target,sinks,floats,The box is floating in the water. Ali puts a bowling ball in the box. The box BLANK.,c709328c-8403-5c23-aa3b-7749313e5b8a,base
A3FMLJB693H2TY,1,3,target,1,action_follows,action_follows_target,sinks,floats,The box is floating in the water. Ali puts a bowling ball in the box. The box BLANK.,c709328c-8403-5c23-aa3b-7749313e5b8a,base
A3KCG6O1OOK3Y5,1,3,target,1,action_follows,action_follows_target,sinks,floats,The box is floating in the water. Ali puts a bowling ball in the box. The box BLANK.,c709328c-8403-5c23-aa3b-7749313e5b8a,base
A3L60SOWLYEDN2,1,3,target,1,action_follows,action_follows_target,sinks,floats,The box is floating in the water. Ali puts a bowling ball in the box. The box BLANK.,c709328c-8403-5c23-aa3b-7749313e5b8a,base
A3TDPXTB6Y6H1I,1,3,target,1,action_follows,action_follows_target,sinks,floats,The box is floating in the water. Ali puts a bowling ball in the box. The box BLANK.,c709328c-8403-5c23-aa3b-7749313e5b8a,base
A3UV55HC87DO9C,1,3,target,1,action_follows,action_follows_target,sinks,floats,The box is floating in the water. Ali puts a bowling ball in the box. The box BLANK.,c709328c-8403-5c23-aa3b-7749313e5b8a,base
AR4FNR7Z2WLC8,1,3,target,1,action_follows,action_follows_target,sinks,floats,The box is floating in the water. Ali puts a bowling ball in the box. The box BLANK.,c709328c-8403-5c23-aa3b-7749313e5b8a,base
AWO4DDM0X826U,1,3,target,1,action_follows,action_follows_target,sinks,floats,The box is floating in the water. Ali puts a bowling ball in the box. The box BLANK.,c709328c-8403-5c23-aa3b-7749313e5b8a,base
AWPZQ3W3CEJOJ,1,3,target,1,action_follows,action_follows_target,sinks,floats,The box is floating in the water. Ali puts a bowling ball in the box. The box BLANK.,c709328c-8403-5c23-aa3b-7749313e5b8a,base
A1PMZUBGXFANCI,1,3,target,1,action_nonfollows,action_nonfollows_target,doesn't move,moves,The box is in the bin. Ali moves the box. The bin BLANK.,ba5435e7-cc12-557d-be71-b241947e2f6c,base
A1Q6VY3C3CEOA0,1,3,target,1,action_nonfollows,action_nonfollows_target,doesn't move,moves,The box is in the bin. Ali moves the box. The bin BLANK.,ba5435e7-cc12-557d-be71-b241947e2f6c,base
A207IHY6GERCFO,1,3,target,0,action_nonfollows,action_nonfollows_target,doesn't move,moves,The box is in the bin. Ali moves the box. The bin BLANK.,ba5435e7-cc12-557d-be71-b241947e2f6c,base
A249EWKM1EOARK,1,3,target,0,action_nonfollows,action_nonfollows_target,doesn't move,moves,The box is in the bin. Ali moves the box. The bin BLANK.,ba5435e7-cc12-557d-be71-b241947e2f6c,base
A2FP41BSPG0Y4A,1,3,target,0,action_nonfollows,action_nonfollows_target,doesn't move,moves,The box is in the bin. Ali moves the box. The bin BLANK.,ba5435e7-cc12-557d-be71-b241947e2f6c,base
A2WJMGV0HKQG3Z,1,3,target,1,action_nonfollows,action_nonfollows_target,doesn't move,moves,The box is in the bin. Ali moves the box. The bin BLANK.,ba5435e7-cc12-557d-be71-b241947e2f6c,base
A367DFRENYZ3IM,1,3,target,0,action_nonfollows,action_nonfollows_target,doesn't move,moves,The box is in the bin. Ali moves the box. The bin BLANK.,ba5435e7-cc12-557d-be71-b241947e2f6c,base
A36CQIFWEDEECU,1,3,target,1,action_nonfollows,action_nonfollows_target,doesn't move,moves,The box is in the bin. Ali moves the box. The bin BLANK.,ba5435e7-cc12-557d-be71-b241947e2f6c,base
A3FMLJB693H2TY,1,3,target,0,action_nonfollows,action_nonfollows_target,doesn't move,moves,The box is in the bin. Ali moves the box. The bin BLANK.,ba5435e7-cc12-557d-be71-b241947e2f6c,base
A3KCG6O1OOK3Y5,1,3,target,1,action_nonfollows,action_nonfollows_target,doesn't move,moves,The box is in the bin. Ali moves the box. The bin BLANK.,ba5435e7-cc12-557d-be71-b241947e2f6c,base
A3L60SOWLYEDN2,1,3,target,1,action_nonfollows,action_nonfollows_target,doesn't move,moves,The box is in the bin. Ali moves the box. The bin BLANK.,ba5435e7-cc12-557d-be71-b241947e2f6c,base
A3TDPXTB6Y6H1I,1,3,target,1,action_nonfollows,action_nonfollows_target,doesn't move,moves,The box is in the bin. Ali moves the box. The bin BLANK.,ba5435e7-cc12-557d-be71-b241947e2f6c,base
A3UV55HC87DO9C,1,3,target,0,action_nonfollows,action_nonfollows_target,doesn't move,moves,The box is in the bin. Ali moves the box. The bin BLANK.,ba5435e7-cc12-557d-be71-b241947e2f6c,base
AR4FNR7Z2WLC8,1,3,target,1,action_nonfollows,action_nonfollows_target,doesn't move,moves,The box is in the bin. Ali moves the box. The bin BLANK.,ba5435e7-cc12-557d-be71-b241947e2f6c,base
AWO4DDM0X826U,1,3,target,1,action_nonfollows,action_nonfollows_target,doesn't move,moves,The box is in the bin. Ali moves the box. The bin BLANK.,ba5435e7-cc12-557d-be71-b241947e2f6c,base
AWPZQ3W3CEJOJ,1,3,target,0,action_nonfollows,action_nonfollows_target,doesn't move,moves,The box is in the bin. Ali moves the box. The bin BLANK.,ba5435e7-cc12-557d-be71-b241947e2f6c,base
A1PMZUBGXFANCI,1,3,target,0,relative_pos,relative_pos_target,touching,not touching,The box is next to the ball. Ali puts the ball inside the box. The ball is BLANK the box.,8b324b61-eae2-5fb9-a533-4edc94fc8959,base
A1Q6VY3C3CEOA0,1,3,target,1,relative_pos,relative_pos_target,touching,not touching,The box is next to the ball. Ali puts the ball inside the box. The ball is BLANK the box.,8b324b61-eae2-5fb9-a533-4edc94fc8959,base
A207IHY6GERCFO,1,3,target,0,relative_pos,relative_pos_target,touching,not touching,The box is next to the ball. Ali puts the ball inside the box. The ball is BLANK the box.,8b324b61-eae2-5fb9-a533-4edc94fc8959,base
A249EWKM1EOARK,1,3,target,1,relative_pos,relative_pos_target,touching,not touching,The box is next to the ball. Ali puts the ball inside the box. The ball is BLANK the box.,8b324b61-eae2-5fb9-a533-4edc94fc8959,base
A2FP41BSPG0Y4A,1,3,target,0,relative_pos,relative_pos_target,touching,not touching,The box is next to the ball. Ali puts the ball inside the box. The ball is BLANK the box.,8b324b61-eae2-5fb9-a533-4edc94fc8959,base
A2WJMGV0HKQG3Z,1,3,target,1,relative_pos,relative_pos_target,touching,not touching,The box is next to the ball. Ali puts the ball inside the box. The ball is BLANK the box.,8b324b61-eae2-5fb9-a533-4edc94fc8959,base
A367DFRENYZ3IM,1,3,target,0,relative_pos,relative_pos_target,touching,not touching,The box is next to the ball. Ali puts the ball inside the box. The ball is BLANK the box.,8b324b61-eae2-5fb9-a533-4edc94fc8959,base
A36CQIFWEDEECU,1,3,target,0,relative_pos,relative_pos_target,touching,not touching,The box is next to the ball. Ali puts the ball inside the box. The ball is BLANK the box.,8b324b61-eae2-5fb9-a533-4edc94fc8959,base
A3FMLJB693H2TY,1,3,target,1,relative_pos,relative_pos_target,touching,not touching,The box is next to the ball. Ali puts the ball inside the box. The ball is BLANK the box.,8b324b61-eae2-5fb9-a533-4edc94fc8959,base
A3KCG6O1OOK3Y5,1,3,target,1,relative_pos,relative_pos_target,touching,not touching,The box is next to the ball. Ali puts the ball inside the box. The ball is BLANK the box.,8b324b61-eae2-5fb9-a533-4edc94fc8959,base
A3L60SOWLYEDN2,1,3,target,1,relative_pos,relative_pos_target,touching,not touching,The box is next to the ball. Ali puts the ball inside the box. The ball is BLANK the box.,8b324b61-eae2-5fb9-a533-4edc94fc8959,base
A3TDPXTB6Y6H1I,1,3,target,1,relative_pos,relative_pos_target,touching,not touching,The box is next to the ball. Ali puts the ball inside the box. The ball is BLANK the box.,8b324b61-eae2-5fb9-a533-4edc94fc8959,base
A3UV55HC87DO9C,1,3,target,1,relative_pos,relative_pos_target,touching,not touching,The box is next to the ball. Ali puts the ball inside the box. The ball is BLANK the box.,8b324b61-eae2-5fb9-a533-4edc94fc8959,base
AR4FNR7Z2WLC8,1,3,target,1,relative_pos,relative_pos_target,touching,not touching,The box is next to the ball. Ali puts the ball inside the box. The ball is BLANK the box.,8b324b61-eae2-5fb9-a533-4edc94fc8959,base
AWO4DDM0X826U,1,3,target,1,relative_pos,relative_pos_target,touching,not touching,The box is next to the ball. Ali puts the ball inside the box. The ball is BLANK the box.,8b324b61-eae2-5fb9-a533-4edc94fc8959,base
AWPZQ3W3CEJOJ,1,3,target,1,relative_pos,relative_pos_target,touching,not touching,The box is next to the ball. Ali puts the ball inside the box. The ball is BLANK the box.,8b324b61-eae2-5fb9-a533-4edc94fc8959,base
A1PMZUBGXFANCI,1,3,target,1,state_nonfollows,state_nonfollows_target,dry,wet,The cup is empty. Ali pours sand in the cup. The cup is BLANK.,a2ea447e-8eca-5ffd-b490-6386fd93d147,base
A1Q6VY3C3CEOA0,1,3,target,1,state_nonfollows,state_nonfollows_target,dry,wet,The cup is empty. Ali pours sand in the cup. The cup is BLANK.,a2ea447e-8eca-5ffd-b490-6386fd93d147,base
A207IHY6GERCFO,1,3,target,1,state_nonfollows,state_nonfollows_target,dry,wet,The cup is empty. Ali pours sand in the cup. The cup is BLANK.,a2ea447e-8eca-5ffd-b490-6386fd93d147,base
A249EWKM1EOARK,1,3,target,1,state_nonfollows,state_nonfollows_target,dry,wet,The cup is empty. Ali pours sand in the cup. The cup is BLANK.,a2ea447e-8eca-5ffd-b490-6386fd93d147,base
A2FP41BSPG0Y4A,1,3,target,1,state_nonfollows,state_nonfollows_target,dry,wet,The cup is empty. Ali pours sand in the cup. The cup is BLANK.,a2ea447e-8eca-5ffd-b490-6386fd93d147,base
A2WJMGV0HKQG3Z,1,3,target,1,state_nonfollows,state_nonfollows_target,dry,wet,The cup is empty. Ali pours sand in the cup. The cup is BLANK.,a2ea447e-8eca-5ffd-b490-6386fd93d147,base
A367DFRENYZ3IM,1,3,target,1,state_nonfollows,state_nonfollows_target,dry,wet,The cup is empty. Ali pours sand in the cup. The cup is BLANK.,a2ea447e-8eca-5ffd-b490-6386fd93d147,base
A36CQIFWEDEECU,1,3,target,1,state_nonfollows,state_nonfollows_target,dry,wet,The cup is empty. Ali pours sand in the cup. The cup is BLANK.,a2ea447e-8eca-5ffd-b490-6386fd93d147,base
A3FMLJB693H2TY,1,3,target,1,state_nonfollows,state_nonfollows_target,dry,wet,The cup is empty. Ali pours sand in the cup. The cup is BLANK.,a2ea447e-8eca-5ffd-b490-6386fd93d147,base
A3KCG6O1OOK3Y5,1,3,target,1,state_nonfollows,state_nonfollows_target,dry,wet,The cup is empty. Ali pours sand in the cup. The cup is BLANK.,a2ea447e-8eca-5ffd-b490-6386fd93d147,base
A3L60SOWLYEDN2,1,3,target,1,state_nonfollows,state_nonfollows_target,dry,wet,The cup is empty. Ali pours sand in the cup. The cup is BLANK.,a2ea447e-8eca-5ffd-b490-6386fd93d147,base
A3TDPXTB6Y6H1I,1,3,target,1,state_nonfollows,state_nonfollows_target,dry,wet,The cup is empty. Ali pours sand in the cup. The cup is BLANK.,a2ea447e-8eca-5ffd-b490-6386fd93d147,base
A3UV55HC87DO9C,1,3,target,1,state_nonfollows,state_nonfollows_target,dry,wet,The cup is empty. Ali pours sand in the cup. The cup is BLANK.,a2ea447e-8eca-5ffd-b490-6386fd93d147,base
AR4FNR7Z2WLC8,1,3,target,1,state_nonfollows,state_nonfollows_target,dry,wet,The cup is empty. Ali pours sand in the cup. The cup is BLANK.,a2ea447e-8eca-5ffd-b490-6386fd93d147,base
AWO4DDM0X826U,1,3,target,1,state_nonfollows,state_nonfollows_target,dry,wet,The cup is empty. Ali pours sand in the cup. The cup is BLANK.,a2ea447e-8eca-5ffd-b490-6386fd93d147,base
AWPZQ3W3CEJOJ,1,3,target,1,state_nonfollows,state_nonfollows_target,dry,wet,The cup is empty. Ali pours sand in the cup. The cup is BLANK.,a2ea447e-8eca-5ffd-b490-6386fd93d147,base
A1PMZUBGXFANCI,1,3,target,1,relative_pos,relative_pos_target,below,above,The glass is on the table. Ali bumps the glass off the table. The glass is BLANK the table.,305af60c-dd33-599f-a551-29e6ddfb8f31,base
A1Q6VY3C3CEOA0,1,3,target,1,relative_pos,relative_pos_target,below,above,The glass is on the table. Ali bumps the glass off the table. The glass is BLANK the table.,305af60c-dd33-599f-a551-29e6ddfb8f31,base
A207IHY6GERCFO,1,3,target,1,relative_pos,relative_pos_target,below,above,The glass is on the table. Ali bumps the glass off the table. The glass is BLANK the table.,305af60c-dd33-599f-a551-29e6ddfb8f31,base
A249EWKM1EOARK,1,3,target,1,relative_pos,relative_pos_target,below,above,The glass is on the table. Ali bumps the glass off the table. The glass is BLANK the table.,305af60c-dd33-599f-a551-29e6ddfb8f31,base
A2FP41BSPG0Y4A,1,3,target,1,relative_pos,relative_pos_target,below,above,The glass is on the table. Ali bumps the glass off the table. The glass is BLANK the table.,305af60c-dd33-599f-a551-29e6ddfb8f31,base
A2WJMGV0HKQG3Z,1,3,target,1,relative_pos,relative_pos_target,below,above,The glass is on the table. Ali bumps the glass off the table. The glass is BLANK the table.,305af60c-dd33-599f-a551-29e6ddfb8f31,base
A367DFRENYZ3IM,1,3,target,1,relative_pos,relative_pos_target,below,above,The glass is on the table. Ali bumps the glass off the table. The glass is BLANK the table.,305af60c-dd33-599f-a551-29e6ddfb8f31,base
A36CQIFWEDEECU,1,3,target,1,relative_pos,relative_pos_target,below,above,The glass is on the table. Ali bumps the glass off the table. The glass is BLANK the table.,305af60c-dd33-599f-a551-29e6ddfb8f31,base
A3FMLJB693H2TY,1,3,target,1,relative_pos,relative_pos_target,below,above,The glass is on the table. Ali bumps the glass off the table. The glass is BLANK the table.,305af60c-dd33-599f-a551-29e6ddfb8f31,base
A3KCG6O1OOK3Y5,1,3,target,1,relative_pos,relative_pos_target,below,above,The glass is on the table. Ali bumps the glass off the table. The glass is BLANK the table.,305af60c-dd33-599f-a551-29e6ddfb8f31,base
A3L60SOWLYEDN2,1,3,target,1,relative_pos,relative_pos_target,below,above,The glass is on the table. Ali bumps the glass off the table. The glass is BLANK the table.,305af60c-dd33-599f-a551-29e6ddfb8f31,base
A3TDPXTB6Y6H1I,1,3,target,1,relative_pos,relative_pos_target,below,above,The glass is on the table. Ali bumps the glass off the table. The glass is BLANK the table.,305af60c-dd33-599f-a551-29e6ddfb8f31,base
A3UV55HC87DO9C,1,3,target,1,relative_pos,relative_pos_target,below,above,The glass is on the table. Ali bumps the glass off the table. The glass is BLANK the table.,305af60c-dd33-599f-a551-29e6ddfb8f31,base
AR4FNR7Z2WLC8,1,3,target,1,relative_pos,relative_pos_target,below,above,The glass is on the table. Ali bumps the glass off the table. The glass is BLANK the table.,305af60c-dd33-599f-a551-29e6ddfb8f31,base
AWO4DDM0X826U,1,3,target,1,relative_pos,relative_pos_target,below,above,The glass is on the table. Ali bumps the glass off the table. The glass is BLANK the table.,305af60c-dd33-599f-a551-29e6ddfb8f31,base
AWPZQ3W3CEJOJ,1,3,target,1,relative_pos,relative_pos_target,below,above,The glass is on the table. Ali bumps the glass off the table. The glass is BLANK the table.,305af60c-dd33-599f-a551-29e6ddfb8f31,base
A1PMZUBGXFANCI,1,3,target,0,state_follows,state_follows_target,breaks,doesn't break,The glass is on the table. Ali bumps the table. The glass BLANK.,6dce2e1a-b2fc-56ae-a304-0378aec4ff7b,base
A1Q6VY3C3CEOA0,1,3,target,1,state_follows,state_follows_target,breaks,doesn't break,The glass is on the table. Ali bumps the table. The glass BLANK.,6dce2e1a-b2fc-56ae-a304-0378aec4ff7b,base
A207IHY6GERCFO,1,3,target,1,state_follows,state_follows_target,breaks,doesn't break,The glass is on the table. Ali bumps the table. The glass BLANK.,6dce2e1a-b2fc-56ae-a304-0378aec4ff7b,base
A249EWKM1EOARK,1,3,target,1,state_follows,state_follows_target,breaks,doesn't break,The glass is on the table. Ali bumps the table. The glass BLANK.,6dce2e1a-b2fc-56ae-a304-0378aec4ff7b,base
A2FP41BSPG0Y4A,1,3,target,1,state_follows,state_follows_target,breaks,doesn't break,The glass is on the table. Ali bumps the table. The glass BLANK.,6dce2e1a-b2fc-56ae-a304-0378aec4ff7b,base
A2WJMGV0HKQG3Z,1,3,target,0,state_follows,state_follows_target,breaks,doesn't break,The glass is on the table. Ali bumps the table. The glass BLANK.,6dce2e1a-b2fc-56ae-a304-0378aec4ff7b,base
A367DFRENYZ3IM,1,3,target,0,state_follows,state_follows_target,breaks,doesn't break,The glass is on the table. Ali bumps the table. The glass BLANK.,6dce2e1a-b2fc-56ae-a304-0378aec4ff7b,base
A36CQIFWEDEECU,1,3,target,1,state_follows,state_follows_target,breaks,doesn't break,The glass is on the table. Ali bumps the table. The glass BLANK.,6dce2e1a-b2fc-56ae-a304-0378aec4ff7b,base
A3FMLJB693H2TY,1,3,target,1,state_follows,state_follows_target,breaks,doesn't break,The glass is on the table. Ali bumps the table. The glass BLANK.,6dce2e1a-b2fc-56ae-a304-0378aec4ff7b,base
A3KCG6O1OOK3Y5,1,3,target,1,state_follows,state_follows_target,breaks,doesn't break,The glass is on the table. Ali bumps the table. The glass BLANK.,6dce2e1a-b2fc-56ae-a304-0378aec4ff7b,base
A3L60SOWLYEDN2,1,3,target,1,state_follows,state_follows_target,breaks,doesn't break,The glass is on the table. Ali bumps the table. The glass BLANK.,6dce2e1a-b2fc-56ae-a304-0378aec4ff7b,base
A3TDPXTB6Y6H1I,1,3,target,0,state_follows,state_follows_target,breaks,doesn't break,The glass is on the table. Ali bumps the table. The glass BLANK.,6dce2e1a-b2fc-56ae-a304-0378aec4ff7b,base
A3UV55HC87DO9C,1,3,target,1,state_follows,state_follows_target,breaks,doesn't break,The glass is on the table. Ali bumps the table. The glass BLANK.,6dce2e1a-b2fc-56ae-a304-0378aec4ff7b,base
AR4FNR7Z2WLC8,1,3,target,1,state_follows,state_follows_target,breaks,doesn't break,The glass is on the table. Ali bumps the table. The glass BLANK.,6dce2e1a-b2fc-56ae-a304-0378aec4ff7b,base
AWO4DDM0X826U,1,3,target,1,state_follows,state_follows_target,breaks,doesn't break,The glass is on the table. Ali bumps the table. The glass BLANK.,6dce2e1a-b2fc-56ae-a304-0378aec4ff7b,base
AWPZQ3W3CEJOJ,1,3,target,1,state_follows,state_follows_target,breaks,doesn't break,The glass is on the table. Ali bumps the table. The glass BLANK.,6dce2e1a-b2fc-56ae-a304-0378aec4ff7b,base
A1PMZUBGXFANCI,1,3,target,0,state_nonfollows,state_nonfollows_target,dry,wet,The glass is on the table. Ali fills the glass halfway. The table is BLANK.,b8aeb728-ce96-53b4-a022-80902bd4ed2d,base
A1Q6VY3C3CEOA0,1,3,target,1,state_nonfollows,state_nonfollows_target,dry,wet,The glass is on the table. Ali fills the glass halfway. The table is BLANK.,b8aeb728-ce96-53b4-a022-80902bd4ed2d,base
A207IHY6GERCFO,1,3,target,0,state_nonfollows,state_nonfollows_target,dry,wet,The glass is on the table. Ali fills the glass halfway. The table is BLANK.,b8aeb728-ce96-53b4-a022-80902bd4ed2d,base
A249EWKM1EOARK,1,3,target,1,state_nonfollows,state_nonfollows_target,dry,wet,The glass is on the table. Ali fills the glass halfway. The table is BLANK.,b8aeb728-ce96-53b4-a022-80902bd4ed2d,base
A2FP41BSPG0Y4A,1,3,target,1,state_nonfollows,state_nonfollows_target,dry,wet,The glass is on the table. Ali fills the glass halfway. The table is BLANK.,b8aeb728-ce96-53b4-a022-80902bd4ed2d,base
A2WJMGV0HKQG3Z,1,3,target,1,state_nonfollows,state_nonfollows_target,dry,wet,The glass is on the table. Ali fills the glass halfway. The table is BLANK.,b8aeb728-ce96-53b4-a022-80902bd4ed2d,base
A367DFRENYZ3IM,1,3,target,1,state_nonfollows,state_nonfollows_target,dry,wet,The glass is on the table. Ali fills the glass halfway. The table is BLANK.,b8aeb728-ce96-53b4-a022-80902bd4ed2d,base
A36CQIFWEDEECU,1,3,target,1,state_nonfollows,state_nonfollows_target,dry,wet,The glass is on the table. Ali fills the glass halfway. The table is BLANK.,b8aeb728-ce96-53b4-a022-80902bd4ed2d,base
A3FMLJB693H2TY,1,3,target,1,state_nonfollows,state_nonfollows_target,dry,wet,The glass is on the table. Ali fills the glass halfway. The table is BLANK.,b8aeb728-ce96-53b4-a022-80902bd4ed2d,base
A3KCG6O1OOK3Y5,1,3,target,0,state_nonfollows,state_nonfollows_target,dry,wet,The glass is on the table. Ali fills the glass halfway. The table is BLANK.,b8aeb728-ce96-53b4-a022-80902bd4ed2d,base
A3L60SOWLYEDN2,1,3,target,1,state_nonfollows,state_nonfollows_target,dry,wet,The glass is on the table. Ali fills the glass halfway. The table is BLANK.,b8aeb728-ce96-53b4-a022-80902bd4ed2d,base
A3TDPXTB6Y6H1I,1,3,target,1,state_nonfollows,state_nonfollows_target,dry,wet,The glass is on the table. Ali fills the glass halfway. The table is BLANK.,b8aeb728-ce96-53b4-a022-80902bd4ed2d,base
A3UV55HC87DO9C,1,3,target,1,state_nonfollows,state_nonfollows_target,dry,wet,The glass is on the table. Ali fills the glass halfway. The table is BLANK.,b8aeb728-ce96-53b4-a022-80902bd4ed2d,base
AR4FNR7Z2WLC8,1,3,target,1,state_nonfollows,state_nonfollows_target,dry,wet,The glass is on the table. Ali fills the glass halfway. The table is BLANK.,b8aeb728-ce96-53b4-a022-80902bd4ed2d,base
AWO4DDM0X826U,1,3,target,0,state_nonfollows,state_nonfollows_target,dry,wet,The glass is on the table. Ali fills the glass halfway. The table is BLANK.,b8aeb728-ce96-53b4-a022-80902bd4ed2d,base
AWPZQ3W3CEJOJ,1,3,target,0,state_nonfollows,state_nonfollows_target,dry,wet,The glass is on the table. Ali fills the glass halfway. The table is BLANK.,b8aeb728-ce96-53b4-a022-80902bd4ed2d,base
A1PMZUBGXFANCI,1,3,target,0,geocentric_near,geocentric_near_target,East of,West of,The painting is East of Ali. Ali turns around. The painting is BLANK Ali.,039eef21-48ea-5f03-97a8-50099c8411f3,base
A1Q6VY3C3CEOA0,1,3,target,0,geocentric_near,geocentric_near_target,East of,West of,The painting is East of Ali. Ali turns around. The painting is BLANK Ali.,039eef21-48ea-5f03-97a8-50099c8411f3,base
A207IHY6GERCFO,1,3,target,0,geocentric_near,geocentric_near_target,East of,West of,The painting is East of Ali. Ali turns around. The painting is BLANK Ali.,039eef21-48ea-5f03-97a8-50099c8411f3,base
A249EWKM1EOARK,1,3,target,0,geocentric_near,geocentric_near_target,East of,West of,The painting is East of Ali. Ali turns around. The painting is BLANK Ali.,039eef21-48ea-5f03-97a8-50099c8411f3,base
A2FP41BSPG0Y4A,1,3,target,0,geocentric_near,geocentric_near_target,East of,West of,The painting is East of Ali. Ali turns around. The painting is BLANK Ali.,039eef21-48ea-5f03-97a8-50099c8411f3,base
A2WJMGV0HKQG3Z,1,3,target,0,geocentric_near,geocentric_near_target,East of,West of,The painting is East of Ali. Ali turns around. The painting is BLANK Ali.,039eef21-48ea-5f03-97a8-50099c8411f3,base
A367DFRENYZ3IM,1,3,target,1,geocentric_near,geocentric_near_target,East of,West of,The painting is East of Ali. Ali turns around. The painting is BLANK Ali.,039eef21-48ea-5f03-97a8-50099c8411f3,base
A36CQIFWEDEECU,1,3,target,0,geocentric_near,geocentric_near_target,East of,West of,The painting is East of Ali. Ali turns around. The painting is BLANK Ali.,039eef21-48ea-5f03-97a8-50099c8411f3,base
A3FMLJB693H2TY,1,3,target,1,geocentric_near,geocentric_near_target,East of,West of,The painting is East of Ali. Ali turns around. The painting is BLANK Ali.,039eef21-48ea-5f03-97a8-50099c8411f3,base
A3KCG6O1OOK3Y5,1,3,target,1,geocentric_near,geocentric_near_target,East of,West of,The painting is East of Ali. Ali turns around. The painting is BLANK Ali.,039eef21-48ea-5f03-97a8-50099c8411f3,base
A3L60SOWLYEDN2,1,3,target,1,geocentric_near,geocentric_near_target,East of,West of,The painting is East of Ali. Ali turns around. The painting is BLANK Ali.,039eef21-48ea-5f03-97a8-50099c8411f3,base
A3TDPXTB6Y6H1I,1,3,target,0,geocentric_near,geocentric_near_target,East of,West of,The painting is East of Ali. Ali turns around. The painting is BLANK Ali.,039eef21-48ea-5f03-97a8-50099c8411f3,base
A3UV55HC87DO9C,1,3,target,0,geocentric_near,geocentric_near_target,East of,West of,The painting is East of Ali. Ali turns around. The painting is BLANK Ali.,039eef21-48ea-5f03-97a8-50099c8411f3,base
AR4FNR7Z2WLC8,1,3,target,1,geocentric_near,geocentric_near_target,East of,West of,The painting is East of Ali. Ali turns around. The painting is BLANK Ali.,039eef21-48ea-5f03-97a8-50099c8411f3,base
AWO4DDM0X826U,1,3,target,0,geocentric_near,geocentric_near_target,East of,West of,The painting is East of Ali. Ali turns around. The painting is BLANK Ali.,039eef21-48ea-5f03-97a8-50099c8411f3,base
AWPZQ3W3CEJOJ,1,3,target,0,geocentric_near,geocentric_near_target,East of,West of,The painting is East of Ali. Ali turns around. The painting is BLANK Ali.,039eef21-48ea-5f03-97a8-50099c8411f3,base
A1PMZUBGXFANCI,1,3,target,1,geocentric_near,geocentric_near_target,North of,West of,The painting is North of Ali. Ali turns left. The painting is BLANK Ali.,bdee18b4-ee23-5b20-bae4-65648a17a7e7,base
A1Q6VY3C3CEOA0,1,3,target,1,geocentric_near,geocentric_near_target,North of,West of,The painting is North of Ali. Ali turns left. The painting is BLANK Ali.,bdee18b4-ee23-5b20-bae4-65648a17a7e7,base
A207IHY6GERCFO,1,3,target,1,geocentric_near,geocentric_near_target,North of,West of,The painting is North of Ali. Ali turns left. The painting is BLANK Ali.,bdee18b4-ee23-5b20-bae4-65648a17a7e7,base
A249EWKM1EOARK,1,3,target,0,geocentric_near,geocentric_near_target,North of,West of,The painting is North of Ali. Ali turns left. The painting is BLANK Ali.,bdee18b4-ee23-5b20-bae4-65648a17a7e7,base
A2FP41BSPG0Y4A,1,3,target,1,geocentric_near,geocentric_near_target,North of,West of,The painting is North of Ali. Ali turns left. The painting is BLANK Ali.,bdee18b4-ee23-5b20-bae4-65648a17a7e7,base
A2WJMGV0HKQG3Z,1,3,target,0,geocentric_near,geocentric_near_target,North of,West of,The painting is North of Ali. Ali turns left. The painting is BLANK Ali.,bdee18b4-ee23-5b20-bae4-65648a17a7e7,base
A367DFRENYZ3IM,1,3,target,1,geocentric_near,geocentric_near_target,North of,West of,The painting is North of Ali. Ali turns left. The painting is BLANK Ali.,bdee18b4-ee23-5b20-bae4-65648a17a7e7,base
A36CQIFWEDEECU,1,3,target,0,geocentric_near,geocentric_near_target,North of,West of,The painting is North of Ali. Ali turns left. The painting is BLANK Ali.,bdee18b4-ee23-5b20-bae4-65648a17a7e7,base
A3FMLJB693H2TY,1,3,target,0,geocentric_near,geocentric_near_target,North of,West of,The painting is North of Ali. Ali turns left. The painting is BLANK Ali.,bdee18b4-ee23-5b20-bae4-65648a17a7e7,base
A3KCG6O1OOK3Y5,1,3,target,0,geocentric_near,geocentric_near_target,North of,West of,The painting is North of Ali. Ali turns left. The painting is BLANK Ali.,bdee18b4-ee23-5b20-bae4-65648a17a7e7,base
A3L60SOWLYEDN2,1,3,target,1,geocentric_near,geocentric_near_target,North of,West of,The painting is North of Ali. Ali turns left. The painting is BLANK Ali.,bdee18b4-ee23-5b20-bae4-65648a17a7e7,base
A3TDPXTB6Y6H1I,1,3,target,1,geocentric_near,geocentric_near_target,North of,West of,The painting is North of Ali. Ali turns left. The painting is BLANK Ali.,bdee18b4-ee23-5b20-bae4-65648a17a7e7,base
A3UV55HC87DO9C,1,3,target,1,geocentric_near,geocentric_near_target,North of,West of,The painting is North of Ali. Ali turns left. The painting is BLANK Ali.,bdee18b4-ee23-5b20-bae4-65648a17a7e7,base
AR4FNR7Z2WLC8,1,3,target,1,geocentric_near,geocentric_near_target,North of,West of,The painting is North of Ali. Ali turns left. The painting is BLANK Ali.,bdee18b4-ee23-5b20-bae4-65648a17a7e7,base
AWO4DDM0X826U,1,3,target,1,geocentric_near,geocentric_near_target,North of,West of,The painting is North of Ali. Ali turns left. The painting is BLANK Ali.,bdee18b4-ee23-5b20-bae4-65648a17a7e7,base
AWPZQ3W3CEJOJ,1,3,target,0,geocentric_near,geocentric_near_target,North of,West of,The painting is North of Ali. Ali turns left. The painting is BLANK Ali.,bdee18b4-ee23-5b20-bae4-65648a17a7e7,base
A1PMZUBGXFANCI,1,3,target,1,geocentric_near,geocentric_near_target,North of,East of,The painting is North of Ali. Ali turns right. The painting is BLANK Ali.,83aaa4c2-ac51-5fc1-bda3-12bea9d4ee43,base
A1Q6VY3C3CEOA0,1,3,target,1,geocentric_near,geocentric_near_target,North of,East of,The painting is North of Ali. Ali turns right. The painting is BLANK Ali.,83aaa4c2-ac51-5fc1-bda3-12bea9d4ee43,base
A207IHY6GERCFO,1,3,target,1,geocentric_near,geocentric_near_target,North of,East of,The painting is North of Ali. Ali turns right. The painting is BLANK Ali.,83aaa4c2-ac51-5fc1-bda3-12bea9d4ee43,base
A249EWKM1EOARK,1,3,target,0,geocentric_near,geocentric_near_target,North of,East of,The painting is North of Ali. Ali turns right. The painting is BLANK Ali.,83aaa4c2-ac51-5fc1-bda3-12bea9d4ee43,base
A2FP41BSPG0Y4A,1,3,target,0,geocentric_near,geocentric_near_target,North of,East of,The painting is North of Ali. Ali turns right. The painting is BLANK Ali.,83aaa4c2-ac51-5fc1-bda3-12bea9d4ee43,base
A2WJMGV0HKQG3Z,1,3,target,0,geocentric_near,geocentric_near_target,North of,East of,The painting is North of Ali. Ali turns right. The painting is BLANK Ali.,83aaa4c2-ac51-5fc1-bda3-12bea9d4ee43,base
A367DFRENYZ3IM,1,3,target,0,geocentric_near,geocentric_near_target,North of,East of,The painting is North of Ali. Ali turns right. The painting is BLANK Ali.,83aaa4c2-ac51-5fc1-bda3-12bea9d4ee43,base
A36CQIFWEDEECU,1,3,target,0,geocentric_near,geocentric_near_target,North of,East of,The painting is North of Ali. Ali turns right. The painting is BLANK Ali.,83aaa4c2-ac51-5fc1-bda3-12bea9d4ee43,base
A3FMLJB693H2TY,1,3,target,0,geocentric_near,geocentric_near_target,North of,East of,The painting is North of Ali. Ali turns right. The painting is BLANK Ali.,83aaa4c2-ac51-5fc1-bda3-12bea9d4ee43,base
A3KCG6O1OOK3Y5,1,3,target,0,geocentric_near,geocentric_near_target,North of,East of,The painting is North of Ali. Ali turns right. The painting is BLANK Ali.,83aaa4c2-ac51-5fc1-bda3-12bea9d4ee43,base
A3L60SOWLYEDN2,1,3,target,1,geocentric_near,geocentric_near_target,North of,East of,The painting is North of Ali. Ali turns right. The painting is BLANK Ali.,83aaa4c2-ac51-5fc1-bda3-12bea9d4ee43,base
A3TDPXTB6Y6H1I,1,3,target,0,geocentric_near,geocentric_near_target,North of,East of,The painting is North of Ali. Ali turns right. The painting is BLANK Ali.,83aaa4c2-ac51-5fc1-bda3-12bea9d4ee43,base
A3UV55HC87DO9C,1,3,target,0,geocentric_near,geocentric_near_target,North of,East of,The painting is North of Ali. Ali turns right. The painting is BLANK Ali.,83aaa4c2-ac51-5fc1-bda3-12bea9d4ee43,base
AR4FNR7Z2WLC8,1,3,target,1,geocentric_near,geocentric_near_target,North of,East of,The painting is North of Ali. Ali turns right. The painting is BLANK Ali.,83aaa4c2-ac51-5fc1-bda3-12bea9d4ee43,base
AWO4DDM0X826U,1,3,target,1,geocentric_near,geocentric_near_target,North of,East of,The painting is North of Ali. Ali turns right. The painting is BLANK Ali.,83aaa4c2-ac51-5fc1-bda3-12bea9d4ee43,base
AWPZQ3W3CEJOJ,1,3,target,0,geocentric_near,geocentric_near_target,North of,East of,The painting is North of Ali. Ali turns right. The painting is BLANK Ali.,83aaa4c2-ac51-5fc1-bda3-12bea9d4ee43,base
A1PMZUBGXFANCI,1,3,target,0,egocentric_near,egocentric_near_target,right of,left of,The painting is left of Ali. Ali turns around. The painting is BLANK Ali.,65d0a958-c00d-5c1f-8f9a-c3732b584548,base
A1Q6VY3C3CEOA0,1,3,target,1,egocentric_near,egocentric_near_target,right of,left of,The painting is left of Ali. Ali turns around. The painting is BLANK Ali.,65d0a958-c00d-5c1f-8f9a-c3732b584548,base
A207IHY6GERCFO,1,3,target,0,egocentric_near,egocentric_near_target,right of,left of,The painting is left of Ali. Ali turns around. The painting is BLANK Ali.,65d0a958-c00d-5c1f-8f9a-c3732b584548,base
A249EWKM1EOARK,1,3,target,0,egocentric_near,egocentric_near_target,right of,left of,The painting is left of Ali. Ali turns around. The painting is BLANK Ali.,65d0a958-c00d-5c1f-8f9a-c3732b584548,base
A2FP41BSPG0Y4A,1,3,target,0,egocentric_near,egocentric_near_target,right of,left of,The painting is left of Ali. Ali turns around. The painting is BLANK Ali.,65d0a958-c00d-5c1f-8f9a-c3732b584548,base
A2WJMGV0HKQG3Z,1,3,target,1,egocentric_near,egocentric_near_target,right of,left of,The painting is left of Ali. Ali turns around. The painting is BLANK Ali.,65d0a958-c00d-5c1f-8f9a-c3732b584548,base
A367DFRENYZ3IM,1,3,target,0,egocentric_near,egocentric_near_target,right of,left of,The painting is left of Ali. Ali turns around. The painting is BLANK Ali.,65d0a958-c00d-5c1f-8f9a-c3732b584548,base
A36CQIFWEDEECU,1,3,target,1,egocentric_near,egocentric_near_target,right of,left of,The painting is left of Ali. Ali turns around. The painting is BLANK Ali.,65d0a958-c00d-5c1f-8f9a-c3732b584548,base
A3FMLJB693H2TY,1,3,target,1,egocentric_near,egocentric_near_target,right of,left of,The painting is left of Ali. Ali turns around. The painting is BLANK Ali.,65d0a958-c00d-5c1f-8f9a-c3732b584548,base
A3KCG6O1OOK3Y5,1,3,target,0,egocentric_near,egocentric_near_target,right of,left of,The painting is left of Ali. Ali turns around. The painting is BLANK Ali.,65d0a958-c00d-5c1f-8f9a-c3732b584548,base
A3L60SOWLYEDN2,1,3,target,0,egocentric_near,egocentric_near_target,right of,left of,The painting is left of Ali. Ali turns around. The painting is BLANK Ali.,65d0a958-c00d-5c1f-8f9a-c3732b584548,base
A3TDPXTB6Y6H1I,1,3,target,1,egocentric_near,egocentric_near_target,right of,left of,The painting is left of Ali. Ali turns around. The painting is BLANK Ali.,65d0a958-c00d-5c1f-8f9a-c3732b584548,base
A3UV55HC87DO9C,1,3,target,0,egocentric_near,egocentric_near_target,right of,left of,The painting is left of Ali. Ali turns around. The painting is BLANK Ali.,65d0a958-c00d-5c1f-8f9a-c3732b584548,base
AR4FNR7Z2WLC8,1,3,target,1,egocentric_near,egocentric_near_target,right of,left of,The painting is left of Ali. Ali turns around. The painting is BLANK Ali.,65d0a958-c00d-5c1f-8f9a-c3732b584548,base
AWO4DDM0X826U,1,3,target,1,egocentric_near,egocentric_near_target,right of,left of,The painting is left of Ali. Ali turns around. The painting is BLANK Ali.,65d0a958-c00d-5c1f-8f9a-c3732b584548,base
AWPZQ3W3CEJOJ,1,3,target,1,egocentric_near,egocentric_near_target,right of,left of,The painting is left of Ali. Ali turns around. The painting is BLANK Ali.,65d0a958-c00d-5c1f-8f9a-c3732b584548,base
A1PMZUBGXFANCI,1,3,target,0,egocentric_near,egocentric_near_target,in front of,behind,The painting is left of Ali. Ali turns left. The painting is BLANK Ali.,e00a779e-14c6-597c-aba2-cd8047d3f99d,base
A1Q6VY3C3CEOA0,1,3,target,1,egocentric_near,egocentric_near_target,in front of,behind,The painting is left of Ali. Ali turns left. The painting is BLANK Ali.,e00a779e-14c6-597c-aba2-cd8047d3f99d,base
A207IHY6GERCFO,1,3,target,1,egocentric_near,egocentric_near_target,in front of,behind,The painting is left of Ali. Ali turns left. The painting is BLANK Ali.,e00a779e-14c6-597c-aba2-cd8047d3f99d,base
A249EWKM1EOARK,1,3,target,1,egocentric_near,egocentric_near_target,in front of,behind,The painting is left of Ali. Ali turns left. The painting is BLANK Ali.,e00a779e-14c6-597c-aba2-cd8047d3f99d,base
A2FP41BSPG0Y4A,1,3,target,1,egocentric_near,egocentric_near_target,in front of,behind,The painting is left of Ali. Ali turns left. The painting is BLANK Ali.,e00a779e-14c6-597c-aba2-cd8047d3f99d,base
A2WJMGV0HKQG3Z,1,3,target,1,egocentric_near,egocentric_near_target,in front of,behind,The painting is left of Ali. Ali turns left. The painting is BLANK Ali.,e00a779e-14c6-597c-aba2-cd8047d3f99d,base
A367DFRENYZ3IM,1,3,target,1,egocentric_near,egocentric_near_target,in front of,behind,The painting is left of Ali. Ali turns left. The painting is BLANK Ali.,e00a779e-14c6-597c-aba2-cd8047d3f99d,base
A36CQIFWEDEECU,1,3,target,1,egocentric_near,egocentric_near_target,in front of,behind,The painting is left of Ali. Ali turns left. The painting is BLANK Ali.,e00a779e-14c6-597c-aba2-cd8047d3f99d,base
A3FMLJB693H2TY,1,3,target,1,egocentric_near,egocentric_near_target,in front of,behind,The painting is left of Ali. Ali turns left. The painting is BLANK Ali.,e00a779e-14c6-597c-aba2-cd8047d3f99d,base
A3KCG6O1OOK3Y5,1,3,target,0,egocentric_near,egocentric_near_target,in front of,behind,The painting is left of Ali. Ali turns left. The painting is BLANK Ali.,e00a779e-14c6-597c-aba2-cd8047d3f99d,base
A3L60SOWLYEDN2,1,3,target,1,egocentric_near,egocentric_near_target,in front of,behind,The painting is left of Ali. Ali turns left. The painting is BLANK Ali.,e00a779e-14c6-597c-aba2-cd8047d3f99d,base
A3TDPXTB6Y6H1I,1,3,target,1,egocentric_near,egocentric_near_target,in front of,behind,The painting is left of Ali. Ali turns left. The painting is BLANK Ali.,e00a779e-14c6-597c-aba2-cd8047d3f99d,base
A3UV55HC87DO9C,1,3,target,1,egocentric_near,egocentric_near_target,in front of,behind,The painting is left of Ali. Ali turns left. The painting is BLANK Ali.,e00a779e-14c6-597c-aba2-cd8047d3f99d,base
AR4FNR7Z2WLC8,1,3,target,1,egocentric_near,egocentric_near_target,in front of,behind,The painting is left of Ali. Ali turns left. The painting is BLANK Ali.,e00a779e-14c6-597c-aba2-cd8047d3f99d,base
AWO4DDM0X826U,1,3,target,1,egocentric_near,egocentric_near_target,in front of,behind,The painting is left of Ali. Ali turns left. The painting is BLANK Ali.,e00a779e-14c6-597c-aba2-cd8047d3f99d,base
AWPZQ3W3CEJOJ,1,3,target,1,egocentric_near,egocentric_near_target,in front of,behind,The painting is left of Ali. Ali turns left. The painting is BLANK Ali.,e00a779e-14c6-597c-aba2-cd8047d3f99d,base
A1PMZUBGXFANCI,1,3,target,0,egocentric_near,egocentric_near_target,in front of,behind,The painting is right of Ali. Ali turns right. The painting is BLANK Ali.,92ff8800-4b4e-5c66-a7d9-e034b5c0b4f7,base
A1Q6VY3C3CEOA0,1,3,target,1,egocentric_near,egocentric_near_target,in front of,behind,The painting is right of Ali. Ali turns right. The painting is BLANK Ali.,92ff8800-4b4e-5c66-a7d9-e034b5c0b4f7,base
A207IHY6GERCFO,1,3,target,1,egocentric_near,egocentric_near_target,in front of,behind,The painting is right of Ali. Ali turns right. The painting is BLANK Ali.,92ff8800-4b4e-5c66-a7d9-e034b5c0b4f7,base
A249EWKM1EOARK,1,3,target,0,egocentric_near,egocentric_near_target,in front of,behind,The painting is right of Ali. Ali turns right. The painting is BLANK Ali.,92ff8800-4b4e-5c66-a7d9-e034b5c0b4f7,base
A2FP41BSPG0Y4A,1,3,target,0,egocentric_near,egocentric_near_target,in front of,behind,The painting is right of Ali. Ali turns right. The painting is BLANK Ali.,92ff8800-4b4e-5c66-a7d9-e034b5c0b4f7,base
A2WJMGV0HKQG3Z,1,3,target,1,egocentric_near,egocentric_near_target,in front of,behind,The painting is right of Ali. Ali turns right. The painting is BLANK Ali.,92ff8800-4b4e-5c66-a7d9-e034b5c0b4f7,base
A367DFRENYZ3IM,1,3,target,1,egocentric_near,egocentric_near_target,in front of,behind,The painting is right of Ali. Ali turns right. The painting is BLANK Ali.,92ff8800-4b4e-5c66-a7d9-e034b5c0b4f7,base
A36CQIFWEDEECU,1,3,target,0,egocentric_near,egocentric_near_target,in front of,behind,The painting is right of Ali. Ali turns right. The painting is BLANK Ali.,92ff8800-4b4e-5c66-a7d9-e034b5c0b4f7,base
A3FMLJB693H2TY,1,3,target,0,egocentric_near,egocentric_near_target,in front of,behind,The painting is right of Ali. Ali turns right. The painting is BLANK Ali.,92ff8800-4b4e-5c66-a7d9-e034b5c0b4f7,base
A3KCG6O1OOK3Y5,1,3,target,1,egocentric_near,egocentric_near_target,in front of,behind,The painting is right of Ali. Ali turns right. The painting is BLANK Ali.,92ff8800-4b4e-5c66-a7d9-e034b5c0b4f7,base
A3L60SOWLYEDN2,1,3,target,0,egocentric_near,egocentric_near_target,in front of,behind,The painting is right of Ali. Ali turns right. The painting is BLANK Ali.,92ff8800-4b4e-5c66-a7d9-e034b5c0b4f7,base
A3TDPXTB6Y6H1I,1,3,target,1,egocentric_near,egocentric_near_target,in front of,behind,The painting is right of Ali. Ali turns right. The painting is BLANK Ali.,92ff8800-4b4e-5c66-a7d9-e034b5c0b4f7,base
A3UV55HC87DO9C,1,3,target,0,egocentric_near,egocentric_near_target,in front of,behind,The painting is right of Ali. Ali turns right. The painting is BLANK Ali.,92ff8800-4b4e-5c66-a7d9-e034b5c0b4f7,base
AR4FNR7Z2WLC8,1,3,target,1,egocentric_near,egocentric_near_target,in front of,behind,The painting is right of Ali. Ali turns right. The painting is BLANK Ali.,92ff8800-4b4e-5c66-a7d9-e034b5c0b4f7,base
AWO4DDM0X826U,1,3,target,1,egocentric_near,egocentric_near_target,in front of,behind,The painting is right of Ali. Ali turns right. The painting is BLANK Ali.,92ff8800-4b4e-5c66-a7d9-e034b5c0b4f7,base
AWPZQ3W3CEJOJ,1,3,target,1,egocentric_near,egocentric_near_target,in front of,behind,The painting is right of Ali. Ali turns right. The painting is BLANK Ali.,92ff8800-4b4e-5c66-a7d9-e034b5c0b4f7,base
A1PMZUBGXFANCI,1,3,target,1,egocentric_near,egocentric_near_target,right,left,The painting is to Ali's right. The painting is moved right. The painting is to Ali's BLANK.,ead989ef-2c5a-5676-a32c-f2f2055cae2d,base
A1Q6VY3C3CEOA0,1,3,target,1,egocentric_near,egocentric_near_target,right,left,The painting is to Ali's right. The painting is moved right. The painting is to Ali's BLANK.,ead989ef-2c5a-5676-a32c-f2f2055cae2d,base
A207IHY6GERCFO,1,3,target,0,egocentric_near,egocentric_near_target,right,left,The painting is to Ali's right. The painting is moved right. The painting is to Ali's BLANK.,ead989ef-2c5a-5676-a32c-f2f2055cae2d,base
A249EWKM1EOARK,1,3,target,0,egocentric_near,egocentric_near_target,right,left,The painting is to Ali's right. The painting is moved right. The painting is to Ali's BLANK.,ead989ef-2c5a-5676-a32c-f2f2055cae2d,base
A2FP41BSPG0Y4A,1,3,target,1,egocentric_near,egocentric_near_target,right,left,The painting is to Ali's right. The painting is moved right. The painting is to Ali's BLANK.,ead989ef-2c5a-5676-a32c-f2f2055cae2d,base
A2WJMGV0HKQG3Z,1,3,target,1,egocentric_near,egocentric_near_target,right,left,The painting is to Ali's right. The painting is moved right. The painting is to Ali's BLANK.,ead989ef-2c5a-5676-a32c-f2f2055cae2d,base
A367DFRENYZ3IM,1,3,target,0,egocentric_near,egocentric_near_target,right,left,The painting is to Ali's right. The painting is moved right. The painting is to Ali's BLANK.,ead989ef-2c5a-5676-a32c-f2f2055cae2d,base
A36CQIFWEDEECU,1,3,target,1,egocentric_near,egocentric_near_target,right,left,The painting is to Ali's right. The painting is moved right. The painting is to Ali's BLANK.,ead989ef-2c5a-5676-a32c-f2f2055cae2d,base
A3FMLJB693H2TY,1,3,target,1,egocentric_near,egocentric_near_target,right,left,The painting is to Ali's right. The painting is moved right. The painting is to Ali's BLANK.,ead989ef-2c5a-5676-a32c-f2f2055cae2d,base
A3KCG6O1OOK3Y5,1,3,target,1,egocentric_near,egocentric_near_target,right,left,The painting is to Ali's right. The painting is moved right. The painting is to Ali's BLANK.,ead989ef-2c5a-5676-a32c-f2f2055cae2d,base
A3L60SOWLYEDN2,1,3,target,1,egocentric_near,egocentric_near_target,right,left,The painting is to Ali's right. The painting is moved right. The painting is to Ali's BLANK.,ead989ef-2c5a-5676-a32c-f2f2055cae2d,base
A3TDPXTB6Y6H1I,1,3,target,1,egocentric_near,egocentric_near_target,right,left,The painting is to Ali's right. The painting is moved right. The painting is to Ali's BLANK.,ead989ef-2c5a-5676-a32c-f2f2055cae2d,base
A3UV55HC87DO9C,1,3,target,1,egocentric_near,egocentric_near_target,right,left,The painting is to Ali's right. The painting is moved right. The painting is to Ali's BLANK.,ead989ef-2c5a-5676-a32c-f2f2055cae2d,base
AR4FNR7Z2WLC8,1,3,target,1,egocentric_near,egocentric_near_target,right,left,The painting is to Ali's right. The painting is moved right. The painting is to Ali's BLANK.,ead989ef-2c5a-5676-a32c-f2f2055cae2d,base
AWO4DDM0X826U,1,3,target,1,egocentric_near,egocentric_near_target,right,left,The painting is to Ali's right. The painting is moved right. The painting is to Ali's BLANK.,ead989ef-2c5a-5676-a32c-f2f2055cae2d,base
AWPZQ3W3CEJOJ,1,3,target,0,egocentric_near,egocentric_near_target,right,left,The painting is to Ali's right. The painting is moved right. The painting is to Ali's BLANK.,ead989ef-2c5a-5676-a32c-f2f2055cae2d,base
A1PMZUBGXFANCI,1,3,target,1,action_follows,action_follows_target,moves,doesn't move,The ping pong ball is on the floor. Ali rolls a tennis ball into the ping pong ball. The ping pong ball BLANK.,1e07b319-a347-5411-97a9-9aa28c7d7221,base
A1Q6VY3C3CEOA0,1,3,target,1,action_follows,action_follows_target,moves,doesn't move,The ping pong ball is on the floor. Ali rolls a tennis ball into the ping pong ball. The ping pong ball BLANK.,1e07b319-a347-5411-97a9-9aa28c7d7221,base
A207IHY6GERCFO,1,3,target,0,action_follows,action_follows_target,moves,doesn't move,The ping pong ball is on the floor. Ali rolls a tennis ball into the ping pong ball. The ping pong ball BLANK.,1e07b319-a347-5411-97a9-9aa28c7d7221,base
A249EWKM1EOARK,1,3,target,1,action_follows,action_follows_target,moves,doesn't move,The ping pong ball is on the floor. Ali rolls a tennis ball into the ping pong ball. The ping pong ball BLANK.,1e07b319-a347-5411-97a9-9aa28c7d7221,base
A2FP41BSPG0Y4A,1,3,target,1,action_follows,action_follows_target,moves,doesn't move,The ping pong ball is on the floor. Ali rolls a tennis ball into the ping pong ball. The ping pong ball BLANK.,1e07b319-a347-5411-97a9-9aa28c7d7221,base
A2WJMGV0HKQG3Z,1,3,target,1,action_follows,action_follows_target,moves,doesn't move,The ping pong ball is on the floor. Ali rolls a tennis ball into the ping pong ball. The ping pong ball BLANK.,1e07b319-a347-5411-97a9-9aa28c7d7221,base
A367DFRENYZ3IM,1,3,target,1,action_follows,action_follows_target,moves,doesn't move,The ping pong ball is on the floor. Ali rolls a tennis ball into the ping pong ball. The ping pong ball BLANK.,1e07b319-a347-5411-97a9-9aa28c7d7221,base
A36CQIFWEDEECU,1,3,target,1,action_follows,action_follows_target,moves,doesn't move,The ping pong ball is on the floor. Ali rolls a tennis ball into the ping pong ball. The ping pong ball BLANK.,1e07b319-a347-5411-97a9-9aa28c7d7221,base
A3FMLJB693H2TY,1,3,target,1,action_follows,action_follows_target,moves,doesn't move,The ping pong ball is on the floor. Ali rolls a tennis ball into the ping pong ball. The ping pong ball BLANK.,1e07b319-a347-5411-97a9-9aa28c7d7221,base
A3KCG6O1OOK3Y5,1,3,target,1,action_follows,action_follows_target,moves,doesn't move,The ping pong ball is on the floor. Ali rolls a tennis ball into the ping pong ball. The ping pong ball BLANK.,1e07b319-a347-5411-97a9-9aa28c7d7221,base
A3L60SOWLYEDN2,1,3,target,1,action_follows,action_follows_target,moves,doesn't move,The ping pong ball is on the floor. Ali rolls a tennis ball into the ping pong ball. The ping pong ball BLANK.,1e07b319-a347-5411-97a9-9aa28c7d7221,base
A3TDPXTB6Y6H1I,1,3,target,1,action_follows,action_follows_target,moves,doesn't move,The ping pong ball is on the floor. Ali rolls a tennis ball into the ping pong ball. The ping pong ball BLANK.,1e07b319-a347-5411-97a9-9aa28c7d7221,base
A3UV55HC87DO9C,1,3,target,1,action_follows,action_follows_target,moves,doesn't move,The ping pong ball is on the floor. Ali rolls a tennis ball into the ping pong ball. The ping pong ball BLANK.,1e07b319-a347-5411-97a9-9aa28c7d7221,base
AR4FNR7Z2WLC8,1,3,target,1,action_follows,action_follows_target,moves,doesn't move,The ping pong ball is on the floor. Ali rolls a tennis ball into the ping pong ball. The ping pong ball BLANK.,1e07b319-a347-5411-97a9-9aa28c7d7221,base
AWO4DDM0X826U,1,3,target,0,action_follows,action_follows_target,moves,doesn't move,The ping pong ball is on the floor. Ali rolls a tennis ball into the ping pong ball. The ping pong ball BLANK.,1e07b319-a347-5411-97a9-9aa28c7d7221,base
AWPZQ3W3CEJOJ,1,3,target,1,action_follows,action_follows_target,moves,doesn't move,The ping pong ball is on the floor. Ali rolls a tennis ball into the ping pong ball. The ping pong ball BLANK.,1e07b319-a347-5411-97a9-9aa28c7d7221,base
A1PMZUBGXFANCI,1,3,target,0,state_follows,state_follows_target,brighter,darker,The room is bright. Ali turns on a light. The room gets BLANK.,eb04febd-823d-573b-bc4d-bdcc4d64936f,base
A1Q6VY3C3CEOA0,1,3,target,1,state_follows,state_follows_target,brighter,darker,The room is bright. Ali turns on a light. The room gets BLANK.,eb04febd-823d-573b-bc4d-bdcc4d64936f,base
A207IHY6GERCFO,1,3,target,1,state_follows,state_follows_target,brighter,darker,The room is bright. Ali turns on a light. The room gets BLANK.,eb04febd-823d-573b-bc4d-bdcc4d64936f,base
A249EWKM1EOARK,1,3,target,1,state_follows,state_follows_target,brighter,darker,The room is bright. Ali turns on a light. The room gets BLANK.,eb04febd-823d-573b-bc4d-bdcc4d64936f,base
A2FP41BSPG0Y4A,1,3,target,1,state_follows,state_follows_target,brighter,darker,The room is bright. Ali turns on a light. The room gets BLANK.,eb04febd-823d-573b-bc4d-bdcc4d64936f,base
A2WJMGV0HKQG3Z,1,3,target,1,state_follows,state_follows_target,brighter,darker,The room is bright. Ali turns on a light. The room gets BLANK.,eb04febd-823d-573b-bc4d-bdcc4d64936f,base
A367DFRENYZ3IM,1,3,target,1,state_follows,state_follows_target,brighter,darker,The room is bright. Ali turns on a light. The room gets BLANK.,eb04febd-823d-573b-bc4d-bdcc4d64936f,base
A36CQIFWEDEECU,1,3,target,1,state_follows,state_follows_target,brighter,darker,The room is bright. Ali turns on a light. The room gets BLANK.,eb04febd-823d-573b-bc4d-bdcc4d64936f,base
A3FMLJB693H2TY,1,3,target,1,state_follows,state_follows_target,brighter,darker,The room is bright. Ali turns on a light. The room gets BLANK.,eb04febd-823d-573b-bc4d-bdcc4d64936f,base
A3KCG6O1OOK3Y5,1,3,target,1,state_follows,state_follows_target,brighter,darker,The room is bright. Ali turns on a light. The room gets BLANK.,eb04febd-823d-573b-bc4d-bdcc4d64936f,base
A3L60SOWLYEDN2,1,3,target,1,state_follows,state_follows_target,brighter,darker,The room is bright. Ali turns on a light. The room gets BLANK.,eb04febd-823d-573b-bc4d-bdcc4d64936f,base
A3TDPXTB6Y6H1I,1,3,target,1,state_follows,state_follows_target,brighter,darker,The room is bright. Ali turns on a light. The room gets BLANK.,eb04febd-823d-573b-bc4d-bdcc4d64936f,base
A3UV55HC87DO9C,1,3,target,1,state_follows,state_follows_target,brighter,darker,The room is bright. Ali turns on a light. The room gets BLANK.,eb04febd-823d-573b-bc4d-bdcc4d64936f,base
AR4FNR7Z2WLC8,1,3,target,1,state_follows,state_follows_target,brighter,darker,The room is bright. Ali turns on a light. The room gets BLANK.,eb04febd-823d-573b-bc4d-bdcc4d64936f,base
AWO4DDM0X826U,1,3,target,1,state_follows,state_follows_target,brighter,darker,The room is bright. Ali turns on a light. The room gets BLANK.,eb04febd-823d-573b-bc4d-bdcc4d64936f,base
AWPZQ3W3CEJOJ,1,3,target,1,state_follows,state_follows_target,brighter,darker,The room is bright. Ali turns on a light. The room gets BLANK.,eb04febd-823d-573b-bc4d-bdcc4d64936f,base
A1PMZUBGXFANCI,1,3,target,0,state_nonfollows,state_nonfollows_target,colder,warmer,The soup is on the table. Ali turns on the stove. The soup gets BLANK.,43bffc24-3955-522c-a74b-5fd4b204d283,base
A1Q6VY3C3CEOA0,1,3,target,1,state_nonfollows,state_nonfollows_target,colder,warmer,The soup is on the table. Ali turns on the stove. The soup gets BLANK.,43bffc24-3955-522c-a74b-5fd4b204d283,base
A207IHY6GERCFO,1,3,target,1,state_nonfollows,state_nonfollows_target,colder,warmer,The soup is on the table. Ali turns on the stove. The soup gets BLANK.,43bffc24-3955-522c-a74b-5fd4b204d283,base
A249EWKM1EOARK,1,3,target,1,state_nonfollows,state_nonfollows_target,colder,warmer,The soup is on the table. Ali turns on the stove. The soup gets BLANK.,43bffc24-3955-522c-a74b-5fd4b204d283,base
A2FP41BSPG0Y4A,1,3,target,0,state_nonfollows,state_nonfollows_target,colder,warmer,The soup is on the table. Ali turns on the stove. The soup gets BLANK.,43bffc24-3955-522c-a74b-5fd4b204d283,base
A2WJMGV0HKQG3Z,1,3,target,0,state_nonfollows,state_nonfollows_target,colder,warmer,The soup is on the table. Ali turns on the stove. The soup gets BLANK.,43bffc24-3955-522c-a74b-5fd4b204d283,base
A367DFRENYZ3IM,1,3,target,0,state_nonfollows,state_nonfollows_target,colder,warmer,The soup is on the table. Ali turns on the stove. The soup gets BLANK.,43bffc24-3955-522c-a74b-5fd4b204d283,base
A36CQIFWEDEECU,1,3,target,0,state_nonfollows,state_nonfollows_target,colder,warmer,The soup is on the table. Ali turns on the stove. The soup gets BLANK.,43bffc24-3955-522c-a74b-5fd4b204d283,base
A3FMLJB693H2TY,1,3,target,0,state_nonfollows,state_nonfollows_target,colder,warmer,The soup is on the table. Ali turns on the stove. The soup gets BLANK.,43bffc24-3955-522c-a74b-5fd4b204d283,base
A3KCG6O1OOK3Y5,1,3,target,1,state_nonfollows,state_nonfollows_target,colder,warmer,The soup is on the table. Ali turns on the stove. The soup gets BLANK.,43bffc24-3955-522c-a74b-5fd4b204d283,base
A3L60SOWLYEDN2,1,3,target,0,state_nonfollows,state_nonfollows_target,colder,warmer,The soup is on the table. Ali turns on the stove. The soup gets BLANK.,43bffc24-3955-522c-a74b-5fd4b204d283,base
A3TDPXTB6Y6H1I,1,3,target,0,state_nonfollows,state_nonfollows_target,colder,warmer,The soup is on the table. Ali turns on the stove. The soup gets BLANK.,43bffc24-3955-522c-a74b-5fd4b204d283,base
A3UV55HC87DO9C,1,3,target,0,state_nonfollows,state_nonfollows_target,colder,warmer,The soup is on the table. Ali turns on the stove. The soup gets BLANK.,43bffc24-3955-522c-a74b-5fd4b204d283,base
AR4FNR7Z2WLC8,1,3,target,0,state_nonfollows,state_nonfollows_target,colder,warmer,The soup is on the table. Ali turns on the stove. The soup gets BLANK.,43bffc24-3955-522c-a74b-5fd4b204d283,base
AWO4DDM0X826U,1,3,target,1,state_nonfollows,state_nonfollows_target,colder,warmer,The soup is on the table. Ali turns on the stove. The soup gets BLANK.,43bffc24-3955-522c-a74b-5fd4b204d283,base
AWPZQ3W3CEJOJ,1,3,target,0,state_nonfollows,state_nonfollows_target,colder,warmer,The soup is on the table. Ali turns on the stove. The soup gets BLANK.,43bffc24-3955-522c-a74b-5fd4b204d283,base
A1PMZUBGXFANCI,1,3,target,1,geocentric_near,geocentric_near_target,East of,South of,The statue is East of Ali. Ali walks North. The statue is BLANK of Ali.,84f02edd-6bd8-5f19-8279-4ada591a8a0b,base
A1Q6VY3C3CEOA0,1,3,target,1,geocentric_near,geocentric_near_target,East of,South of,The statue is East of Ali. Ali walks North. The statue is BLANK of Ali.,84f02edd-6bd8-5f19-8279-4ada591a8a0b,base
A207IHY6GERCFO,1,3,target,0,geocentric_near,geocentric_near_target,East of,South of,The statue is East of Ali. Ali walks North. The statue is BLANK of Ali.,84f02edd-6bd8-5f19-8279-4ada591a8a0b,base
A249EWKM1EOARK,1,3,target,0,geocentric_near,geocentric_near_target,East of,South of,The statue is East of Ali. Ali walks North. The statue is BLANK of Ali.,84f02edd-6bd8-5f19-8279-4ada591a8a0b,base
A2FP41BSPG0Y4A,1,3,target,1,geocentric_near,geocentric_near_target,East of,South of,The statue is East of Ali. Ali walks North. The statue is BLANK of Ali.,84f02edd-6bd8-5f19-8279-4ada591a8a0b,base
A2WJMGV0HKQG3Z,1,3,target,0,geocentric_near,geocentric_near_target,East of,South of,The statue is East of Ali. Ali walks North. The statue is BLANK of Ali.,84f02edd-6bd8-5f19-8279-4ada591a8a0b,base
A367DFRENYZ3IM,1,3,target,1,geocentric_near,geocentric_near_target,East of,South of,The statue is East of Ali. Ali walks North. The statue is BLANK of Ali.,84f02edd-6bd8-5f19-8279-4ada591a8a0b,base
A36CQIFWEDEECU,1,3,target,1,geocentric_near,geocentric_near_target,East of,South of,The statue is East of Ali. Ali walks North. The statue is BLANK of Ali.,84f02edd-6bd8-5f19-8279-4ada591a8a0b,base
A3FMLJB693H2TY,1,3,target,0,geocentric_near,geocentric_near_target,East of,South of,The statue is East of Ali. Ali walks North. The statue is BLANK of Ali.,84f02edd-6bd8-5f19-8279-4ada591a8a0b,base
A3KCG6O1OOK3Y5,1,3,target,1,geocentric_near,geocentric_near_target,East of,South of,The statue is East of Ali. Ali walks North. The statue is BLANK of Ali.,84f02edd-6bd8-5f19-8279-4ada591a8a0b,base
A3L60SOWLYEDN2,1,3,target,1,geocentric_near,geocentric_near_target,East of,South of,The statue is East of Ali. Ali walks North. The statue is BLANK of Ali.,84f02edd-6bd8-5f19-8279-4ada591a8a0b,base
A3TDPXTB6Y6H1I,1,3,target,1,geocentric_near,geocentric_near_target,East of,South of,The statue is East of Ali. Ali walks North. The statue is BLANK of Ali.,84f02edd-6bd8-5f19-8279-4ada591a8a0b,base
A3UV55HC87DO9C,1,3,target,1,geocentric_near,geocentric_near_target,East of,South of,The statue is East of Ali. Ali walks North. The statue is BLANK of Ali.,84f02edd-6bd8-5f19-8279-4ada591a8a0b,base
AR4FNR7Z2WLC8,1,3,target,1,geocentric_near,geocentric_near_target,East of,South of,The statue is East of Ali. Ali walks North. The statue is BLANK of Ali.,84f02edd-6bd8-5f19-8279-4ada591a8a0b,base
AWO4DDM0X826U,1,3,target,1,geocentric_near,geocentric_near_target,East of,South of,The statue is East of Ali. Ali walks North. The statue is BLANK of Ali.,84f02edd-6bd8-5f19-8279-4ada591a8a0b,base
AWPZQ3W3CEJOJ,1,3,target,0,geocentric_near,geocentric_near_target,East of,South of,The statue is East of Ali. Ali walks North. The statue is BLANK of Ali.,84f02edd-6bd8-5f19-8279-4ada591a8a0b,base
A1PMZUBGXFANCI,1,3,target,1,state_nonfollows,state_nonfollows_target,not burnt,burnt,The stove is off. Ali puts his hand on the stove. Ali's hand is BLANK.,66f7d705-690b-52ab-9963-8d31e19d8d48,base
A1Q6VY3C3CEOA0,1,3,target,1,state_nonfollows,state_nonfollows_target,not burnt,burnt,The stove is off. Ali puts his hand on the stove. Ali's hand is BLANK.,66f7d705-690b-52ab-9963-8d31e19d8d48,base
A207IHY6GERCFO,1,3,target,1,state_nonfollows,state_nonfollows_target,not burnt,burnt,The stove is off. Ali puts his hand on the stove. Ali's hand is BLANK.,66f7d705-690b-52ab-9963-8d31e19d8d48,base
A249EWKM1EOARK,1,3,target,0,state_nonfollows,state_nonfollows_target,not burnt,burnt,The stove is off. Ali puts his hand on the stove. Ali's hand is BLANK.,66f7d705-690b-52ab-9963-8d31e19d8d48,base
A2FP41BSPG0Y4A,1,3,target,1,state_nonfollows,state_nonfollows_target,not burnt,burnt,The stove is off. Ali puts his hand on the stove. Ali's hand is BLANK.,66f7d705-690b-52ab-9963-8d31e19d8d48,base
A2WJMGV0HKQG3Z,1,3,target,1,state_nonfollows,state_nonfollows_target,not burnt,burnt,The stove is off. Ali puts his hand on the stove. Ali's hand is BLANK.,66f7d705-690b-52ab-9963-8d31e19d8d48,base
A367DFRENYZ3IM,1,3,target,1,state_nonfollows,state_nonfollows_target,not burnt,burnt,The stove is off. Ali puts his hand on the stove. Ali's hand is BLANK.,66f7d705-690b-52ab-9963-8d31e19d8d48,base
A36CQIFWEDEECU,1,3,target,1,state_nonfollows,state_nonfollows_target,not burnt,burnt,The stove is off. Ali puts his hand on the stove. Ali's hand is BLANK.,66f7d705-690b-52ab-9963-8d31e19d8d48,base
A3FMLJB693H2TY,1,3,target,0,state_nonfollows,state_nonfollows_target,not burnt,burnt,The stove is off. Ali puts his hand on the stove. Ali's hand is BLANK.,66f7d705-690b-52ab-9963-8d31e19d8d48,base
A3KCG6O1OOK3Y5,1,3,target,1,state_nonfollows,state_nonfollows_target,not burnt,burnt,The stove is off. Ali puts his hand on the stove. Ali's hand is BLANK.,66f7d705-690b-52ab-9963-8d31e19d8d48,base
A3L60SOWLYEDN2,1,3,target,1,state_nonfollows,state_nonfollows_target,not burnt,burnt,The stove is off. Ali puts his hand on the stove. Ali's hand is BLANK.,66f7d705-690b-52ab-9963-8d31e19d8d48,base
A3TDPXTB6Y6H1I,1,3,target,1,state_nonfollows,state_nonfollows_target,not burnt,burnt,The stove is off. Ali puts his hand on the stove. Ali's hand is BLANK.,66f7d705-690b-52ab-9963-8d31e19d8d48,base
A3UV55HC87DO9C,1,3,target,1,state_nonfollows,state_nonfollows_target,not burnt,burnt,The stove is off. Ali puts his hand on the stove. Ali's hand is BLANK.,66f7d705-690b-52ab-9963-8d31e19d8d48,base
AR4FNR7Z2WLC8,1,3,target,1,state_nonfollows,state_nonfollows_target,not burnt,burnt,The stove is off. Ali puts his hand on the stove. Ali's hand is BLANK.,66f7d705-690b-52ab-9963-8d31e19d8d48,base
AWO4DDM0X826U,1,3,target,1,state_nonfollows,state_nonfollows_target,not burnt,burnt,The stove is off. Ali puts his hand on the stove. Ali's hand is BLANK.,66f7d705-690b-52ab-9963-8d31e19d8d48,base
AWPZQ3W3CEJOJ,1,3,target,1,state_nonfollows,state_nonfollows_target,not burnt,burnt,The stove is off. Ali puts his hand on the stove. Ali's hand is BLANK.,66f7d705-690b-52ab-9963-8d31e19d8d48,base
A1PMZUBGXFANCI,1,3,target,1,relative_pos,relative_pos_target,closer to,further from,The tennis ball is at the top of the ramp and the bowling ball is at the bottom of the ramp. Ali rolls the tennis ball down the ramp. The tennis ball is getting BLANK the bowling ball.,941e686b-c644-5c2d-ac6e-3356cd059cf9,base
A1Q6VY3C3CEOA0,1,3,target,1,relative_pos,relative_pos_target,closer to,further from,The tennis ball is at the top of the ramp and the bowling ball is at the bottom of the ramp. Ali rolls the tennis ball down the ramp. The tennis ball is getting BLANK the bowling ball.,941e686b-c644-5c2d-ac6e-3356cd059cf9,base
A207IHY6GERCFO,1,3,target,1,relative_pos,relative_pos_target,closer to,further from,The tennis ball is at the top of the ramp and the bowling ball is at the bottom of the ramp. Ali rolls the tennis ball down the ramp. The tennis ball is getting BLANK the bowling ball.,941e686b-c644-5c2d-ac6e-3356cd059cf9,base
A249EWKM1EOARK,1,3,target,1,relative_pos,relative_pos_target,closer to,further from,The tennis ball is at the top of the ramp and the bowling ball is at the bottom of the ramp. Ali rolls the tennis ball down the ramp. The tennis ball is getting BLANK the bowling ball.,941e686b-c644-5c2d-ac6e-3356cd059cf9,base
A2FP41BSPG0Y4A,1,3,target,1,relative_pos,relative_pos_target,closer to,further from,The tennis ball is at the top of the ramp and the bowling ball is at the bottom of the ramp. Ali rolls the tennis ball down the ramp. The tennis ball is getting BLANK the bowling ball.,941e686b-c644-5c2d-ac6e-3356cd059cf9,base
A2WJMGV0HKQG3Z,1,3,target,1,relative_pos,relative_pos_target,closer to,further from,The tennis ball is at the top of the ramp and the bowling ball is at the bottom of the ramp. Ali rolls the tennis ball down the ramp. The tennis ball is getting BLANK the bowling ball.,941e686b-c644-5c2d-ac6e-3356cd059cf9,base
A367DFRENYZ3IM,1,3,target,1,relative_pos,relative_pos_target,closer to,further from,The tennis ball is at the top of the ramp and the bowling ball is at the bottom of the ramp. Ali rolls the tennis ball down the ramp. The tennis ball is getting BLANK the bowling ball.,941e686b-c644-5c2d-ac6e-3356cd059cf9,base
A36CQIFWEDEECU,1,3,target,1,relative_pos,relative_pos_target,closer to,further from,The tennis ball is at the top of the ramp and the bowling ball is at the bottom of the ramp. Ali rolls the tennis ball down the ramp. The tennis ball is getting BLANK the bowling ball.,941e686b-c644-5c2d-ac6e-3356cd059cf9,base
A3FMLJB693H2TY,1,3,target,1,relative_pos,relative_pos_target,closer to,further from,The tennis ball is at the top of the ramp and the bowling ball is at the bottom of the ramp. Ali rolls the tennis ball down the ramp. The tennis ball is getting BLANK the bowling ball.,941e686b-c644-5c2d-ac6e-3356cd059cf9,base
A3KCG6O1OOK3Y5,1,3,target,1,relative_pos,relative_pos_target,closer to,further from,The tennis ball is at the top of the ramp and the bowling ball is at the bottom of the ramp. Ali rolls the tennis ball down the ramp. The tennis ball is getting BLANK the bowling ball.,941e686b-c644-5c2d-ac6e-3356cd059cf9,base
A3L60SOWLYEDN2,1,3,target,1,relative_pos,relative_pos_target,closer to,further from,The tennis ball is at the top of the ramp and the bowling ball is at the bottom of the ramp. Ali rolls the tennis ball down the ramp. The tennis ball is getting BLANK the bowling ball.,941e686b-c644-5c2d-ac6e-3356cd059cf9,base
A3TDPXTB6Y6H1I,1,3,target,1,relative_pos,relative_pos_target,closer to,further from,The tennis ball is at the top of the ramp and the bowling ball is at the bottom of the ramp. Ali rolls the tennis ball down the ramp. The tennis ball is getting BLANK the bowling ball.,941e686b-c644-5c2d-ac6e-3356cd059cf9,base
A3UV55HC87DO9C,1,3,target,1,relative_pos,relative_pos_target,closer to,further from,The tennis ball is at the top of the ramp and the bowling ball is at the bottom of the ramp. Ali rolls the tennis ball down the ramp. The tennis ball is getting BLANK the bowling ball.,941e686b-c644-5c2d-ac6e-3356cd059cf9,base
AR4FNR7Z2WLC8,1,3,target,1,relative_pos,relative_pos_target,closer to,further from,The tennis ball is at the top of the ramp and the bowling ball is at the bottom of the ramp. Ali rolls the tennis ball down the ramp. The tennis ball is getting BLANK the bowling ball.,941e686b-c644-5c2d-ac6e-3356cd059cf9,base
AWO4DDM0X826U,1,3,target,0,relative_pos,relative_pos_target,closer to,further from,The tennis ball is at the top of the ramp and the bowling ball is at the bottom of the ramp. Ali rolls the tennis ball down the ramp. The tennis ball is getting BLANK the bowling ball.,941e686b-c644-5c2d-ac6e-3356cd059cf9,base
AWPZQ3W3CEJOJ,1,3,target,1,relative_pos,relative_pos_target,closer to,further from,The tennis ball is at the top of the ramp and the bowling ball is at the bottom of the ramp. Ali rolls the tennis ball down the ramp. The tennis ball is getting BLANK the bowling ball.,941e686b-c644-5c2d-ac6e-3356cd059cf9,base
A1PMZUBGXFANCI,1,3,target,1,relative_pos,relative_pos_target,further from,closer to,The tennis ball is touching the bowling ball. Ali rolls the bowling ball. The bowling ball is BLANK the tennis ball.,de47ec73-73ed-5291-9ac4-59c28b1da78d,base
A1Q6VY3C3CEOA0,1,3,target,1,relative_pos,relative_pos_target,further from,closer to,The tennis ball is touching the bowling ball. Ali rolls the bowling ball. The bowling ball is BLANK the tennis ball.,de47ec73-73ed-5291-9ac4-59c28b1da78d,base
A207IHY6GERCFO,1,3,target,1,relative_pos,relative_pos_target,further from,closer to,The tennis ball is touching the bowling ball. Ali rolls the bowling ball. The bowling ball is BLANK the tennis ball.,de47ec73-73ed-5291-9ac4-59c28b1da78d,base
A249EWKM1EOARK,1,3,target,0,relative_pos,relative_pos_target,further from,closer to,The tennis ball is touching the bowling ball. Ali rolls the bowling ball. The bowling ball is BLANK the tennis ball.,de47ec73-73ed-5291-9ac4-59c28b1da78d,base
A2FP41BSPG0Y4A,1,3,target,1,relative_pos,relative_pos_target,further from,closer to,The tennis ball is touching the bowling ball. Ali rolls the bowling ball. The bowling ball is BLANK the tennis ball.,de47ec73-73ed-5291-9ac4-59c28b1da78d,base
A2WJMGV0HKQG3Z,1,3,target,1,relative_pos,relative_pos_target,further from,closer to,The tennis ball is touching the bowling ball. Ali rolls the bowling ball. The bowling ball is BLANK the tennis ball.,de47ec73-73ed-5291-9ac4-59c28b1da78d,base
A367DFRENYZ3IM,1,3,target,1,relative_pos,relative_pos_target,further from,closer to,The tennis ball is touching the bowling ball. Ali rolls the bowling ball. The bowling ball is BLANK the tennis ball.,de47ec73-73ed-5291-9ac4-59c28b1da78d,base
A36CQIFWEDEECU,1,3,target,0,relative_pos,relative_pos_target,further from,closer to,The tennis ball is touching the bowling ball. Ali rolls the bowling ball. The bowling ball is BLANK the tennis ball.,de47ec73-73ed-5291-9ac4-59c28b1da78d,base
A3FMLJB693H2TY,1,3,target,1,relative_pos,relative_pos_target,further from,closer to,The tennis ball is touching the bowling ball. Ali rolls the bowling ball. The bowling ball is BLANK the tennis ball.,de47ec73-73ed-5291-9ac4-59c28b1da78d,base
A3KCG6O1OOK3Y5,1,3,target,0,relative_pos,relative_pos_target,further from,closer to,The tennis ball is touching the bowling ball. Ali rolls the bowling ball. The bowling ball is BLANK the tennis ball.,de47ec73-73ed-5291-9ac4-59c28b1da78d,base
A3L60SOWLYEDN2,1,3,target,1,relative_pos,relative_pos_target,further from,closer to,The tennis ball is touching the bowling ball. Ali rolls the bowling ball. The bowling ball is BLANK the tennis ball.,de47ec73-73ed-5291-9ac4-59c28b1da78d,base
A3TDPXTB6Y6H1I,1,3,target,1,relative_pos,relative_pos_target,further from,closer to,The tennis ball is touching the bowling ball. Ali rolls the bowling ball. The bowling ball is BLANK the tennis ball.,de47ec73-73ed-5291-9ac4-59c28b1da78d,base
A3UV55HC87DO9C,1,3,target,1,relative_pos,relative_pos_target,further from,closer to,The tennis ball is touching the bowling ball. Ali rolls the bowling ball. The bowling ball is BLANK the tennis ball.,de47ec73-73ed-5291-9ac4-59c28b1da78d,base
AR4FNR7Z2WLC8,1,3,target,1,relative_pos,relative_pos_target,further from,closer to,The tennis ball is touching the bowling ball. Ali rolls the bowling ball. The bowling ball is BLANK the tennis ball.,de47ec73-73ed-5291-9ac4-59c28b1da78d,base
AWO4DDM0X826U,1,3,target,1,relative_pos,relative_pos_target,further from,closer to,The tennis ball is touching the bowling ball. Ali rolls the bowling ball. The bowling ball is BLANK the tennis ball.,de47ec73-73ed-5291-9ac4-59c28b1da78d,base
AWPZQ3W3CEJOJ,1,3,target,1,relative_pos,relative_pos_target,further from,closer to,The tennis ball is touching the bowling ball. Ali rolls the bowling ball. The bowling ball is BLANK the tennis ball.,de47ec73-73ed-5291-9ac4-59c28b1da78d,base
A1PMZUBGXFANCI,1,3,target,1,state_follows,state_follows_target,breaks,doesn't break,The window is in front of Ali. Ali throws the baseball forward. The window BLANK.,cce3bca8-f111-55b8-95d3-0e9098825854,base
A1Q6VY3C3CEOA0,1,3,target,1,state_follows,state_follows_target,breaks,doesn't break,The window is in front of Ali. Ali throws the baseball forward. The window BLANK.,cce3bca8-f111-55b8-95d3-0e9098825854,base
A207IHY6GERCFO,1,3,target,0,state_follows,state_follows_target,breaks,doesn't break,The window is in front of Ali. Ali throws the baseball forward. The window BLANK.,cce3bca8-f111-55b8-95d3-0e9098825854,base
A249EWKM1EOARK,1,3,target,1,state_follows,state_follows_target,breaks,doesn't break,The window is in front of Ali. Ali throws the baseball forward. The window BLANK.,cce3bca8-f111-55b8-95d3-0e9098825854,base
A2FP41BSPG0Y4A,1,3,target,1,state_follows,state_follows_target,breaks,doesn't break,The window is in front of Ali. Ali throws the baseball forward. The window BLANK.,cce3bca8-f111-55b8-95d3-0e9098825854,base
A2WJMGV0HKQG3Z,1,3,target,1,state_follows,state_follows_target,breaks,doesn't break,The window is in front of Ali. Ali throws the baseball forward. The window BLANK.,cce3bca8-f111-55b8-95d3-0e9098825854,base
A367DFRENYZ3IM,1,3,target,1,state_follows,state_follows_target,breaks,doesn't break,The window is in front of Ali. Ali throws the baseball forward. The window BLANK.,cce3bca8-f111-55b8-95d3-0e9098825854,base
A36CQIFWEDEECU,1,3,target,1,state_follows,state_follows_target,breaks,doesn't break,The window is in front of Ali. Ali throws the baseball forward. The window BLANK.,cce3bca8-f111-55b8-95d3-0e9098825854,base
A3FMLJB693H2TY,1,3,target,1,state_follows,state_follows_target,breaks,doesn't break,The window is in front of Ali. Ali throws the baseball forward. The window BLANK.,cce3bca8-f111-55b8-95d3-0e9098825854,base
A3KCG6O1OOK3Y5,1,3,target,1,state_follows,state_follows_target,breaks,doesn't break,The window is in front of Ali. Ali throws the baseball forward. The window BLANK.,cce3bca8-f111-55b8-95d3-0e9098825854,base
A3L60SOWLYEDN2,1,3,target,1,state_follows,state_follows_target,breaks,doesn't break,The window is in front of Ali. Ali throws the baseball forward. The window BLANK.,cce3bca8-f111-55b8-95d3-0e9098825854,base
A3TDPXTB6Y6H1I,1,3,target,1,state_follows,state_follows_target,breaks,doesn't break,The window is in front of Ali. Ali throws the baseball forward. The window BLANK.,cce3bca8-f111-55b8-95d3-0e9098825854,base
A3UV55HC87DO9C,1,3,target,0,state_follows,state_follows_target,breaks,doesn't break,The window is in front of Ali. Ali throws the baseball forward. The window BLANK.,cce3bca8-f111-55b8-95d3-0e9098825854,base
AR4FNR7Z2WLC8,1,3,target,1,state_follows,state_follows_target,breaks,doesn't break,The window is in front of Ali. Ali throws the baseball forward. The window BLANK.,cce3bca8-f111-55b8-95d3-0e9098825854,base
AWO4DDM0X826U,1,3,target,1,state_follows,state_follows_target,breaks,doesn't break,The window is in front of Ali. Ali throws the baseball forward. The window BLANK.,cce3bca8-f111-55b8-95d3-0e9098825854,base
AWPZQ3W3CEJOJ,1,3,target,1,state_follows,state_follows_target,breaks,doesn't break,The window is in front of Ali. Ali throws the baseball forward. The window BLANK.,cce3bca8-f111-55b8-95d3-0e9098825854,base
A1PMZUBGXFANCI,1,3,target,1,state_nonfollows,state_nonfollows_target,doesn't break,breaks,The wine glass is on the floor. Ali touches the glass. The glass BLANK.,0f0257dc-eec3-5989-8c79-4dd18d1e5afd,base
A1Q6VY3C3CEOA0,1,3,target,1,state_nonfollows,state_nonfollows_target,doesn't break,breaks,The wine glass is on the floor. Ali touches the glass. The glass BLANK.,0f0257dc-eec3-5989-8c79-4dd18d1e5afd,base
A207IHY6GERCFO,1,3,target,1,state_nonfollows,state_nonfollows_target,doesn't break,breaks,The wine glass is on the floor. Ali touches the glass. The glass BLANK.,0f0257dc-eec3-5989-8c79-4dd18d1e5afd,base
A249EWKM1EOARK,1,3,target,1,state_nonfollows,state_nonfollows_target,doesn't break,breaks,The wine glass is on the floor. Ali touches the glass. The glass BLANK.,0f0257dc-eec3-5989-8c79-4dd18d1e5afd,base
A2FP41BSPG0Y4A,1,3,target,1,state_nonfollows,state_nonfollows_target,doesn't break,breaks,The wine glass is on the floor. Ali touches the glass. The glass BLANK.,0f0257dc-eec3-5989-8c79-4dd18d1e5afd,base
A2WJMGV0HKQG3Z,1,3,target,1,state_nonfollows,state_nonfollows_target,doesn't break,breaks,The wine glass is on the floor. Ali touches the glass. The glass BLANK.,0f0257dc-eec3-5989-8c79-4dd18d1e5afd,base
A367DFRENYZ3IM,1,3,target,1,state_nonfollows,state_nonfollows_target,doesn't break,breaks,The wine glass is on the floor. Ali touches the glass. The glass BLANK.,0f0257dc-eec3-5989-8c79-4dd18d1e5afd,base
A36CQIFWEDEECU,1,3,target,1,state_nonfollows,state_nonfollows_target,doesn't break,breaks,The wine glass is on the floor. Ali touches the glass. The glass BLANK.,0f0257dc-eec3-5989-8c79-4dd18d1e5afd,base
A3FMLJB693H2TY,1,3,target,1,state_nonfollows,state_nonfollows_target,doesn't break,breaks,The wine glass is on the floor. Ali touches the glass. The glass BLANK.,0f0257dc-eec3-5989-8c79-4dd18d1e5afd,base
A3KCG6O1OOK3Y5,1,3,target,1,state_nonfollows,state_nonfollows_target,doesn't break,breaks,The wine glass is on the floor. Ali touches the glass. The glass BLANK.,0f0257dc-eec3-5989-8c79-4dd18d1e5afd,base
A3L60SOWLYEDN2,1,3,target,1,state_nonfollows,state_nonfollows_target,doesn't break,breaks,The wine glass is on the floor. Ali touches the glass. The glass BLANK.,0f0257dc-eec3-5989-8c79-4dd18d1e5afd,base
A3TDPXTB6Y6H1I,1,3,target,1,state_nonfollows,state_nonfollows_target,doesn't break,breaks,The wine glass is on the floor. Ali touches the glass. The glass BLANK.,0f0257dc-eec3-5989-8c79-4dd18d1e5afd,base
A3UV55HC87DO9C,1,3,target,1,state_nonfollows,state_nonfollows_target,doesn't break,breaks,The wine glass is on the floor. Ali touches the glass. The glass BLANK.,0f0257dc-eec3-5989-8c79-4dd18d1e5afd,base
AR4FNR7Z2WLC8,1,3,target,0,state_nonfollows,state_nonfollows_target,doesn't break,breaks,The wine glass is on the floor. Ali touches the glass. The glass BLANK.,0f0257dc-eec3-5989-8c79-4dd18d1e5afd,base
AWO4DDM0X826U,1,3,target,1,state_nonfollows,state_nonfollows_target,doesn't break,breaks,The wine glass is on the floor. Ali touches the glass. The glass BLANK.,0f0257dc-eec3-5989-8c79-4dd18d1e5afd,base
AWPZQ3W3CEJOJ,1,3,target,1,state_nonfollows,state_nonfollows_target,doesn't break,breaks,The wine glass is on the floor. Ali touches the glass. The glass BLANK.,0f0257dc-eec3-5989-8c79-4dd18d1e5afd,base
A1PMZUBGXFANCI,1,3,target,1,action_nonfollows,action_nonfollows_target,stays up,goes down,There is a bowling ball on the right side of the seesaw. Ali puts a tennis ball on the left side of the seesaw. The left side BLANK.,169700fe-6b71-53ea-9533-774ee40e3eb8,base
A1Q6VY3C3CEOA0,1,3,target,1,action_nonfollows,action_nonfollows_target,stays up,goes down,There is a bowling ball on the right side of the seesaw. Ali puts a tennis ball on the left side of the seesaw. The left side BLANK.,169700fe-6b71-53ea-9533-774ee40e3eb8,base
A207IHY6GERCFO,1,3,target,1,action_nonfollows,action_nonfollows_target,stays up,goes down,There is a bowling ball on the right side of the seesaw. Ali puts a tennis ball on the left side of the seesaw. The left side BLANK.,169700fe-6b71-53ea-9533-774ee40e3eb8,base
A249EWKM1EOARK,1,3,target,1,action_nonfollows,action_nonfollows_target,stays up,goes down,There is a bowling ball on the right side of the seesaw. Ali puts a tennis ball on the left side of the seesaw. The left side BLANK.,169700fe-6b71-53ea-9533-774ee40e3eb8,base
A2FP41BSPG0Y4A,1,3,target,1,action_nonfollows,action_nonfollows_target,stays up,goes down,There is a bowling ball on the right side of the seesaw. Ali puts a tennis ball on the left side of the seesaw. The left side BLANK.,169700fe-6b71-53ea-9533-774ee40e3eb8,base
A2WJMGV0HKQG3Z,1,3,target,1,action_nonfollows,action_nonfollows_target,stays up,goes down,There is a bowling ball on the right side of the seesaw. Ali puts a tennis ball on the left side of the seesaw. The left side BLANK.,169700fe-6b71-53ea-9533-774ee40e3eb8,base
A367DFRENYZ3IM,1,3,target,1,action_nonfollows,action_nonfollows_target,stays up,goes down,There is a bowling ball on the right side of the seesaw. Ali puts a tennis ball on the left side of the seesaw. The left side BLANK.,169700fe-6b71-53ea-9533-774ee40e3eb8,base
A36CQIFWEDEECU,1,3,target,1,action_nonfollows,action_nonfollows_target,stays up,goes down,There is a bowling ball on the right side of the seesaw. Ali puts a tennis ball on the left side of the seesaw. The left side BLANK.,169700fe-6b71-53ea-9533-774ee40e3eb8,base
A3FMLJB693H2TY,1,3,target,0,action_nonfollows,action_nonfollows_target,stays up,goes down,There is a bowling ball on the right side of the seesaw. Ali puts a tennis ball on the left side of the seesaw. The left side BLANK.,169700fe-6b71-53ea-9533-774ee40e3eb8,base
A3KCG6O1OOK3Y5,1,3,target,1,action_nonfollows,action_nonfollows_target,stays up,goes down,There is a bowling ball on the right side of the seesaw. Ali puts a tennis ball on the left side of the seesaw. The left side BLANK.,169700fe-6b71-53ea-9533-774ee40e3eb8,base
A3L60SOWLYEDN2,1,3,target,1,action_nonfollows,action_nonfollows_target,stays up,goes down,There is a bowling ball on the right side of the seesaw. Ali puts a tennis ball on the left side of the seesaw. The left side BLANK.,169700fe-6b71-53ea-9533-774ee40e3eb8,base
A3TDPXTB6Y6H1I,1,3,target,1,action_nonfollows,action_nonfollows_target,stays up,goes down,There is a bowling ball on the right side of the seesaw. Ali puts a tennis ball on the left side of the seesaw. The left side BLANK.,169700fe-6b71-53ea-9533-774ee40e3eb8,base
A3UV55HC87DO9C,1,3,target,1,action_nonfollows,action_nonfollows_target,stays up,goes down,There is a bowling ball on the right side of the seesaw. Ali puts a tennis ball on the left side of the seesaw. The left side BLANK.,169700fe-6b71-53ea-9533-774ee40e3eb8,base
AR4FNR7Z2WLC8,1,3,target,0,action_nonfollows,action_nonfollows_target,stays up,goes down,There is a bowling ball on the right side of the seesaw. Ali puts a tennis ball on the left side of the seesaw. The left side BLANK.,169700fe-6b71-53ea-9533-774ee40e3eb8,base
AWO4DDM0X826U,1,3,target,1,action_nonfollows,action_nonfollows_target,stays up,goes down,There is a bowling ball on the right side of the seesaw. Ali puts a tennis ball on the left side of the seesaw. The left side BLANK.,169700fe-6b71-53ea-9533-774ee40e3eb8,base
AWPZQ3W3CEJOJ,1,3,target,1,action_nonfollows,action_nonfollows_target,stays up,goes down,There is a bowling ball on the right side of the seesaw. Ali puts a tennis ball on the left side of the seesaw. The left side BLANK.,169700fe-6b71-53ea-9533-774ee40e3eb8,base
A1G6F1HWIS2K2K,1,8,context,1,two_refs_egocentric,two_refs_egocentric_context,away from,towards,Ali and Mark are facing BLANK eachother. Mark turns around. Mark is facing towards Ali.,1e11a93c-01cc-53f1-94af-2526bf675554,base
A1HNNX44U3OF0X,1,8,context,1,two_refs_egocentric,two_refs_egocentric_context,away from,towards,Ali and Mark are facing BLANK eachother. Mark turns around. Mark is facing towards Ali.,1e11a93c-01cc-53f1-94af-2526bf675554,base
A1JI19KPIVNL3Y,1,8,context,1,two_refs_egocentric,two_refs_egocentric_context,away from,towards,Ali and Mark are facing BLANK eachother. Mark turns around. Mark is facing towards Ali.,1e11a93c-01cc-53f1-94af-2526bf675554,base
A1MN2PWAV10VAB,1,8,context,0,two_refs_egocentric,two_refs_egocentric_context,away from,towards,Ali and Mark are facing BLANK eachother. Mark turns around. Mark is facing towards Ali.,1e11a93c-01cc-53f1-94af-2526bf675554,base
A26NGLGGFTATVN,1,8,context,1,two_refs_egocentric,two_refs_egocentric_context,away from,towards,Ali and Mark are facing BLANK eachother. Mark turns around. Mark is facing towards Ali.,1e11a93c-01cc-53f1-94af-2526bf675554,base
A27HVVLSZZ13XK,1,8,context,1,two_refs_egocentric,two_refs_egocentric_context,away from,towards,Ali and Mark are facing BLANK eachother. Mark turns around. Mark is facing towards Ali.,1e11a93c-01cc-53f1-94af-2526bf675554,base
A2EIIVAAENPBSA,1,8,context,1,two_refs_egocentric,two_refs_egocentric_context,away from,towards,Ali and Mark are facing BLANK eachother. Mark turns around. Mark is facing towards Ali.,1e11a93c-01cc-53f1-94af-2526bf675554,base
A2ISDU1AXUHR4N,1,8,context,1,two_refs_egocentric,two_refs_egocentric_context,away from,towards,Ali and Mark are facing BLANK eachother. Mark turns around. Mark is facing towards Ali.,1e11a93c-01cc-53f1-94af-2526bf675554,base
A2QPMJ4GADLUW2,1,8,context,1,two_refs_egocentric,two_refs_egocentric_context,away from,towards,Ali and Mark are facing BLANK eachother. Mark turns around. Mark is facing towards Ali.,1e11a93c-01cc-53f1-94af-2526bf675554,base
A301GNFG8W711Q,1,8,context,1,two_refs_egocentric,two_refs_egocentric_context,away from,towards,Ali and Mark are facing BLANK eachother. Mark turns around. Mark is facing towards Ali.,1e11a93c-01cc-53f1-94af-2526bf675554,base
A3CCFD0700KTPV,1,8,context,1,two_refs_egocentric,two_refs_egocentric_context,away from,towards,Ali and Mark are facing BLANK eachother. Mark turns around. Mark is facing towards Ali.,1e11a93c-01cc-53f1-94af-2526bf675554,base
A3MELYYGRJ61SX,1,8,context,1,two_refs_egocentric,two_refs_egocentric_context,away from,towards,Ali and Mark are facing BLANK eachother. Mark turns around. Mark is facing towards Ali.,1e11a93c-01cc-53f1-94af-2526bf675554,base
A70TBKPGWQZO4,1,8,context,1,two_refs_egocentric,two_refs_egocentric_context,away from,towards,Ali and Mark are facing BLANK eachother. Mark turns around. Mark is facing towards Ali.,1e11a93c-01cc-53f1-94af-2526bf675554,base
A8V0L2YF8U6OX,1,8,context,1,two_refs_egocentric,two_refs_egocentric_context,away from,towards,Ali and Mark are facing BLANK eachother. Mark turns around. Mark is facing towards Ali.,1e11a93c-01cc-53f1-94af-2526bf675554,base
AJZRDVBZ6TKGH,1,8,context,0,two_refs_egocentric,two_refs_egocentric_context,away from,towards,Ali and Mark are facing BLANK eachother. Mark turns around. Mark is facing towards Ali.,1e11a93c-01cc-53f1-94af-2526bf675554,base
A1G6F1HWIS2K2K,1,8,context,0,geocentric_distant,geocentric_distant_context,East,West,Ali is BLANK of Milwaukee. Ali walks East. Ali is getting further from Milwaukee.,d49f1d3c-5027-5233-ac07-8710c3e3b449,base
A1HNNX44U3OF0X,1,8,context,1,geocentric_distant,geocentric_distant_context,East,West,Ali is BLANK of Milwaukee. Ali walks East. Ali is getting further from Milwaukee.,d49f1d3c-5027-5233-ac07-8710c3e3b449,base
A1JI19KPIVNL3Y,1,8,context,1,geocentric_distant,geocentric_distant_context,East,West,Ali is BLANK of Milwaukee. Ali walks East. Ali is getting further from Milwaukee.,d49f1d3c-5027-5233-ac07-8710c3e3b449,base
A1MN2PWAV10VAB,1,8,context,1,geocentric_distant,geocentric_distant_context,East,West,Ali is BLANK of Milwaukee. Ali walks East. Ali is getting further from Milwaukee.,d49f1d3c-5027-5233-ac07-8710c3e3b449,base
A26NGLGGFTATVN,1,8,context,1,geocentric_distant,geocentric_distant_context,East,West,Ali is BLANK of Milwaukee. Ali walks East. Ali is getting further from Milwaukee.,d49f1d3c-5027-5233-ac07-8710c3e3b449,base
A27HVVLSZZ13XK,1,8,context,0,geocentric_distant,geocentric_distant_context,East,West,Ali is BLANK of Milwaukee. Ali walks East. Ali is getting further from Milwaukee.,d49f1d3c-5027-5233-ac07-8710c3e3b449,base
A2EIIVAAENPBSA,1,8,context,1,geocentric_distant,geocentric_distant_context,East,West,Ali is BLANK of Milwaukee. Ali walks East. Ali is getting further from Milwaukee.,d49f1d3c-5027-5233-ac07-8710c3e3b449,base
A2ISDU1AXUHR4N,1,8,context,0,geocentric_distant,geocentric_distant_context,East,West,Ali is BLANK of Milwaukee. Ali walks East. Ali is getting further from Milwaukee.,d49f1d3c-5027-5233-ac07-8710c3e3b449,base
A2QPMJ4GADLUW2,1,8,context,1,geocentric_distant,geocentric_distant_context,East,West,Ali is BLANK of Milwaukee. Ali walks East. Ali is getting further from Milwaukee.,d49f1d3c-5027-5233-ac07-8710c3e3b449,base
A301GNFG8W711Q,1,8,context,1,geocentric_distant,geocentric_distant_context,East,West,Ali is BLANK of Milwaukee. Ali walks East. Ali is getting further from Milwaukee.,d49f1d3c-5027-5233-ac07-8710c3e3b449,base
A3CCFD0700KTPV,1,8,context,0,geocentric_distant,geocentric_distant_context,East,West,Ali is BLANK of Milwaukee. Ali walks East. Ali is getting further from Milwaukee.,d49f1d3c-5027-5233-ac07-8710c3e3b449,base
A3MELYYGRJ61SX,1,8,context,1,geocentric_distant,geocentric_distant_context,East,West,Ali is BLANK of Milwaukee. Ali walks East. Ali is getting further from Milwaukee.,d49f1d3c-5027-5233-ac07-8710c3e3b449,base
A70TBKPGWQZO4,1,8,context,1,geocentric_distant,geocentric_distant_context,East,West,Ali is BLANK of Milwaukee. Ali walks East. Ali is getting further from Milwaukee.,d49f1d3c-5027-5233-ac07-8710c3e3b449,base
A8V0L2YF8U6OX,1,8,context,1,geocentric_distant,geocentric_distant_context,East,West,Ali is BLANK of Milwaukee. Ali walks East. Ali is getting further from Milwaukee.,d49f1d3c-5027-5233-ac07-8710c3e3b449,base
AJZRDVBZ6TKGH,1,8,context,0,geocentric_distant,geocentric_distant_context,East,West,Ali is BLANK of Milwaukee. Ali walks East. Ali is getting further from Milwaukee.,d49f1d3c-5027-5233-ac07-8710c3e3b449,base
A1G6F1HWIS2K2K,1,8,context,0,egocentric_near,egocentric_near_context,behind,in front of,Ali is BLANK painting. Ali turns around. Ali is behind the painting.,d91e34a1-58ec-5efe-bd1d-3da56dfe0d5c,base
A1HNNX44U3OF0X,1,8,context,1,egocentric_near,egocentric_near_context,behind,in front of,Ali is BLANK painting. Ali turns around. Ali is behind the painting.,d91e34a1-58ec-5efe-bd1d-3da56dfe0d5c,base
A1JI19KPIVNL3Y,1,8,context,0,egocentric_near,egocentric_near_context,behind,in front of,Ali is BLANK painting. Ali turns around. Ali is behind the painting.,d91e34a1-58ec-5efe-bd1d-3da56dfe0d5c,base
A1MN2PWAV10VAB,1,8,context,1,egocentric_near,egocentric_near_context,behind,in front of,Ali is BLANK painting. Ali turns around. Ali is behind the painting.,d91e34a1-58ec-5efe-bd1d-3da56dfe0d5c,base
A26NGLGGFTATVN,1,8,context,1,egocentric_near,egocentric_near_context,behind,in front of,Ali is BLANK painting. Ali turns around. Ali is behind the painting.,d91e34a1-58ec-5efe-bd1d-3da56dfe0d5c,base
A27HVVLSZZ13XK,1,8,context,0,egocentric_near,egocentric_near_context,behind,in front of,Ali is BLANK painting. Ali turns around. Ali is behind the painting.,d91e34a1-58ec-5efe-bd1d-3da56dfe0d5c,base
A2EIIVAAENPBSA,1,8,context,0,egocentric_near,egocentric_near_context,behind,in front of,Ali is BLANK painting. Ali turns around. Ali is behind the painting.,d91e34a1-58ec-5efe-bd1d-3da56dfe0d5c,base
A2ISDU1AXUHR4N,1,8,context,0,egocentric_near,egocentric_near_context,behind,in front of,Ali is BLANK painting. Ali turns around. Ali is behind the painting.,d91e34a1-58ec-5efe-bd1d-3da56dfe0d5c,base
A2QPMJ4GADLUW2,1,8,context,0,egocentric_near,egocentric_near_context,behind,in front of,Ali is BLANK painting. Ali turns around. Ali is behind the painting.,d91e34a1-58ec-5efe-bd1d-3da56dfe0d5c,base
A301GNFG8W711Q,1,8,context,0,egocentric_near,egocentric_near_context,behind,in front of,Ali is BLANK painting. Ali turns around. Ali is behind the painting.,d91e34a1-58ec-5efe-bd1d-3da56dfe0d5c,base
A3CCFD0700KTPV,1,8,context,1,egocentric_near,egocentric_near_context,behind,in front of,Ali is BLANK painting. Ali turns around. Ali is behind the painting.,d91e34a1-58ec-5efe-bd1d-3da56dfe0d5c,base
A3MELYYGRJ61SX,1,8,context,0,egocentric_near,egocentric_near_context,behind,in front of,Ali is BLANK painting. Ali turns around. Ali is behind the painting.,d91e34a1-58ec-5efe-bd1d-3da56dfe0d5c,base
A70TBKPGWQZO4,1,8,context,0,egocentric_near,egocentric_near_context,behind,in front of,Ali is BLANK painting. Ali turns around. Ali is behind the painting.,d91e34a1-58ec-5efe-bd1d-3da56dfe0d5c,base
A8V0L2YF8U6OX,1,8,context,0,egocentric_near,egocentric_near_context,behind,in front of,Ali is BLANK painting. Ali turns around. Ali is behind the painting.,d91e34a1-58ec-5efe-bd1d-3da56dfe0d5c,base
AJZRDVBZ6TKGH,1,8,context,1,egocentric_near,egocentric_near_context,behind,in front of,Ali is BLANK painting. Ali turns around. Ali is behind the painting.,d91e34a1-58ec-5efe-bd1d-3da56dfe0d5c,base
A1G6F1HWIS2K2K,1,8,context,1,action_nonfollows,action_nonfollows_context,in,outside,Ali is BLANK the wagon. Ali pulls on the wagon. The wagon doesn't move.,d68fd4fa-114f-58ff-922b-8ba73bc38c68,base
A1HNNX44U3OF0X,1,8,context,1,action_nonfollows,action_nonfollows_context,in,outside,Ali is BLANK the wagon. Ali pulls on the wagon. The wagon doesn't move.,d68fd4fa-114f-58ff-922b-8ba73bc38c68,base
A1JI19KPIVNL3Y,1,8,context,1,action_nonfollows,action_nonfollows_context,in,outside,Ali is BLANK the wagon. Ali pulls on the wagon. The wagon doesn't move.,d68fd4fa-114f-58ff-922b-8ba73bc38c68,base
A1MN2PWAV10VAB,1,8,context,0,action_nonfollows,action_nonfollows_context,in,outside,Ali is BLANK the wagon. Ali pulls on the wagon. The wagon doesn't move.,d68fd4fa-114f-58ff-922b-8ba73bc38c68,base
A26NGLGGFTATVN,1,8,context,0,action_nonfollows,action_nonfollows_context,in,outside,Ali is BLANK the wagon. Ali pulls on the wagon. The wagon doesn't move.,d68fd4fa-114f-58ff-922b-8ba73bc38c68,base
A27HVVLSZZ13XK,1,8,context,1,action_nonfollows,action_nonfollows_context,in,outside,Ali is BLANK the wagon. Ali pulls on the wagon. The wagon doesn't move.,d68fd4fa-114f-58ff-922b-8ba73bc38c68,base
A2EIIVAAENPBSA,1,8,context,1,action_nonfollows,action_nonfollows_context,in,outside,Ali is BLANK the wagon. Ali pulls on the wagon. The wagon doesn't move.,d68fd4fa-114f-58ff-922b-8ba73bc38c68,base
A2ISDU1AXUHR4N,1,8,context,1,action_nonfollows,action_nonfollows_context,in,outside,Ali is BLANK the wagon. Ali pulls on the wagon. The wagon doesn't move.,d68fd4fa-114f-58ff-922b-8ba73bc38c68,base
A2QPMJ4GADLUW2,1,8,context,0,action_nonfollows,action_nonfollows_context,in,outside,Ali is BLANK the wagon. Ali pulls on the wagon. The wagon doesn't move.,d68fd4fa-114f-58ff-922b-8ba73bc38c68,base
A301GNFG8W711Q,1,8,context,0,action_nonfollows,action_nonfollows_context,in,outside,Ali is BLANK the wagon. Ali pulls on the wagon. The wagon doesn't move.,d68fd4fa-114f-58ff-922b-8ba73bc38c68,base
A3CCFD0700KTPV,1,8,context,1,action_nonfollows,action_nonfollows_context,in,outside,Ali is BLANK the wagon. Ali pulls on the wagon. The wagon doesn't move.,d68fd4fa-114f-58ff-922b-8ba73bc38c68,base
A3MELYYGRJ61SX,1,8,context,0,action_nonfollows,action_nonfollows_context,in,outside,Ali is BLANK the wagon. Ali pulls on the wagon. The wagon doesn't move.,d68fd4fa-114f-58ff-922b-8ba73bc38c68,base
A70TBKPGWQZO4,1,8,context,1,action_nonfollows,action_nonfollows_context,in,outside,Ali is BLANK the wagon. Ali pulls on the wagon. The wagon doesn't move.,d68fd4fa-114f-58ff-922b-8ba73bc38c68,base
A8V0L2YF8U6OX,1,8,context,0,action_nonfollows,action_nonfollows_context,in,outside,Ali is BLANK the wagon. Ali pulls on the wagon. The wagon doesn't move.,d68fd4fa-114f-58ff-922b-8ba73bc38c68,base
AJZRDVBZ6TKGH,1,8,context,0,action_nonfollows,action_nonfollows_context,in,outside,Ali is BLANK the wagon. Ali pulls on the wagon. The wagon doesn't move.,d68fd4fa-114f-58ff-922b-8ba73bc38c68,base
A1G6F1HWIS2K2K,1,8,context,1,action_follows,action_follows_context,behind,in front of,Ali is BLANK the wagon. Ali pushes on the wagon. The wagon moves.,40d46345-fe82-5f5a-82a0-f24d259674d7,base
A1HNNX44U3OF0X,1,8,context,0,action_follows,action_follows_context,behind,in front of,Ali is BLANK the wagon. Ali pushes on the wagon. The wagon moves.,40d46345-fe82-5f5a-82a0-f24d259674d7,base
A1JI19KPIVNL3Y,1,8,context,1,action_follows,action_follows_context,behind,in front of,Ali is BLANK the wagon. Ali pushes on the wagon. The wagon moves.,40d46345-fe82-5f5a-82a0-f24d259674d7,base
A1MN2PWAV10VAB,1,8,context,1,action_follows,action_follows_context,behind,in front of,Ali is BLANK the wagon. Ali pushes on the wagon. The wagon moves.,40d46345-fe82-5f5a-82a0-f24d259674d7,base
A26NGLGGFTATVN,1,8,context,1,action_follows,action_follows_context,behind,in front of,Ali is BLANK the wagon. Ali pushes on the wagon. The wagon moves.,40d46345-fe82-5f5a-82a0-f24d259674d7,base
A27HVVLSZZ13XK,1,8,context,1,action_follows,action_follows_context,behind,in front of,Ali is BLANK the wagon. Ali pushes on the wagon. The wagon moves.,40d46345-fe82-5f5a-82a0-f24d259674d7,base
A2EIIVAAENPBSA,1,8,context,0,action_follows,action_follows_context,behind,in front of,Ali is BLANK the wagon. Ali pushes on the wagon. The wagon moves.,40d46345-fe82-5f5a-82a0-f24d259674d7,base
A2ISDU1AXUHR4N,1,8,context,0,action_follows,action_follows_context,behind,in front of,Ali is BLANK the wagon. Ali pushes on the wagon. The wagon moves.,40d46345-fe82-5f5a-82a0-f24d259674d7,base
A2QPMJ4GADLUW2,1,8,context,1,action_follows,action_follows_context,behind,in front of,Ali is BLANK the wagon. Ali pushes on the wagon. The wagon moves.,40d46345-fe82-5f5a-82a0-f24d259674d7,base
A301GNFG8W711Q,1,8,context,1,action_follows,action_follows_context,behind,in front of,Ali is BLANK the wagon. Ali pushes on the wagon. The wagon moves.,40d46345-fe82-5f5a-82a0-f24d259674d7,base
A3CCFD0700KTPV,1,8,context,1,action_follows,action_follows_context,behind,in front of,Ali is BLANK the wagon. Ali pushes on the wagon. The wagon moves.,40d46345-fe82-5f5a-82a0-f24d259674d7,base
A3MELYYGRJ61SX,1,8,context,1,action_follows,action_follows_context,behind,in front of,Ali is BLANK the wagon. Ali pushes on the wagon. The wagon moves.,40d46345-fe82-5f5a-82a0-f24d259674d7,base
A70TBKPGWQZO4,1,8,context,0,action_follows,action_follows_context,behind,in front of,Ali is BLANK the wagon. Ali pushes on the wagon. The wagon moves.,40d46345-fe82-5f5a-82a0-f24d259674d7,base
A8V0L2YF8U6OX,1,8,context,1,action_follows,action_follows_context,behind,in front of,Ali is BLANK the wagon. Ali pushes on the wagon. The wagon moves.,40d46345-fe82-5f5a-82a0-f24d259674d7,base
AJZRDVBZ6TKGH,1,8,context,1,action_follows,action_follows_context,behind,in front of,Ali is BLANK the wagon. Ali pushes on the wagon. The wagon moves.,40d46345-fe82-5f5a-82a0-f24d259674d7,base
A1G6F1HWIS2K2K,1,8,context,1,geocentric_distant,geocentric_distant_context,North of,South of,Ali is directly BLANK Milwaukee. Ali walks East. Ali is Northeast of Milwaukee.,1d9bdb54-0e9d-5361-8a17-ae9354881d65,base
A1HNNX44U3OF0X,1,8,context,1,geocentric_distant,geocentric_distant_context,North of,South of,Ali is directly BLANK Milwaukee. Ali walks East. Ali is Northeast of Milwaukee.,1d9bdb54-0e9d-5361-8a17-ae9354881d65,base
A1JI19KPIVNL3Y,1,8,context,1,geocentric_distant,geocentric_distant_context,North of,South of,Ali is directly BLANK Milwaukee. Ali walks East. Ali is Northeast of Milwaukee.,1d9bdb54-0e9d-5361-8a17-ae9354881d65,base
A1MN2PWAV10VAB,1,8,context,1,geocentric_distant,geocentric_distant_context,North of,South of,Ali is directly BLANK Milwaukee. Ali walks East. Ali is Northeast of Milwaukee.,1d9bdb54-0e9d-5361-8a17-ae9354881d65,base
A26NGLGGFTATVN,1,8,context,1,geocentric_distant,geocentric_distant_context,North of,South of,Ali is directly BLANK Milwaukee. Ali walks East. Ali is Northeast of Milwaukee.,1d9bdb54-0e9d-5361-8a17-ae9354881d65,base
A27HVVLSZZ13XK,1,8,context,1,geocentric_distant,geocentric_distant_context,North of,South of,Ali is directly BLANK Milwaukee. Ali walks East. Ali is Northeast of Milwaukee.,1d9bdb54-0e9d-5361-8a17-ae9354881d65,base
A2EIIVAAENPBSA,1,8,context,1,geocentric_distant,geocentric_distant_context,North of,South of,Ali is directly BLANK Milwaukee. Ali walks East. Ali is Northeast of Milwaukee.,1d9bdb54-0e9d-5361-8a17-ae9354881d65,base
A2ISDU1AXUHR4N,1,8,context,0,geocentric_distant,geocentric_distant_context,North of,South of,Ali is directly BLANK Milwaukee. Ali walks East. Ali is Northeast of Milwaukee.,1d9bdb54-0e9d-5361-8a17-ae9354881d65,base
A2QPMJ4GADLUW2,1,8,context,1,geocentric_distant,geocentric_distant_context,North of,South of,Ali is directly BLANK Milwaukee. Ali walks East. Ali is Northeast of Milwaukee.,1d9bdb54-0e9d-5361-8a17-ae9354881d65,base
A301GNFG8W711Q,1,8,context,1,geocentric_distant,geocentric_distant_context,North of,South of,Ali is directly BLANK Milwaukee. Ali walks East. Ali is Northeast of Milwaukee.,1d9bdb54-0e9d-5361-8a17-ae9354881d65,base
A3CCFD0700KTPV,1,8,context,1,geocentric_distant,geocentric_distant_context,North of,South of,Ali is directly BLANK Milwaukee. Ali walks East. Ali is Northeast of Milwaukee.,1d9bdb54-0e9d-5361-8a17-ae9354881d65,base
A3MELYYGRJ61SX,1,8,context,1,geocentric_distant,geocentric_distant_context,North of,South of,Ali is directly BLANK Milwaukee. Ali walks East. Ali is Northeast of Milwaukee.,1d9bdb54-0e9d-5361-8a17-ae9354881d65,base
A70TBKPGWQZO4,1,8,context,1,geocentric_distant,geocentric_distant_context,North of,South of,Ali is directly BLANK Milwaukee. Ali walks East. Ali is Northeast of Milwaukee.,1d9bdb54-0e9d-5361-8a17-ae9354881d65,base
A8V0L2YF8U6OX,1,8,context,1,geocentric_distant,geocentric_distant_context,North of,South of,Ali is directly BLANK Milwaukee. Ali walks East. Ali is Northeast of Milwaukee.,1d9bdb54-0e9d-5361-8a17-ae9354881d65,base
AJZRDVBZ6TKGH,1,8,context,0,geocentric_distant,geocentric_distant_context,North of,South of,Ali is directly BLANK Milwaukee. Ali walks East. Ali is Northeast of Milwaukee.,1d9bdb54-0e9d-5361-8a17-ae9354881d65,base
A1G6F1HWIS2K2K,1,8,context,1,egocentric_distant,egocentric_distant_context,away from,towards,Ali is facing BLANK Chicago. Ali turns around. Chicago is in front of Ali.,5b23cf34-18c0-59b5-84ed-e9eb4ab46d58,base
A1HNNX44U3OF0X,1,8,context,1,egocentric_distant,egocentric_distant_context,away from,towards,Ali is facing BLANK Chicago. Ali turns around. Chicago is in front of Ali.,5b23cf34-18c0-59b5-84ed-e9eb4ab46d58,base
A1JI19KPIVNL3Y,1,8,context,1,egocentric_distant,egocentric_distant_context,away from,towards,Ali is facing BLANK Chicago. Ali turns around. Chicago is in front of Ali.,5b23cf34-18c0-59b5-84ed-e9eb4ab46d58,base
A1MN2PWAV10VAB,1,8,context,0,egocentric_distant,egocentric_distant_context,away from,towards,Ali is facing BLANK Chicago. Ali turns around. Chicago is in front of Ali.,5b23cf34-18c0-59b5-84ed-e9eb4ab46d58,base
A26NGLGGFTATVN,1,8,context,1,egocentric_distant,egocentric_distant_context,away from,towards,Ali is facing BLANK Chicago. Ali turns around. Chicago is in front of Ali.,5b23cf34-18c0-59b5-84ed-e9eb4ab46d58,base
A27HVVLSZZ13XK,1,8,context,1,egocentric_distant,egocentric_distant_context,away from,towards,Ali is facing BLANK Chicago. Ali turns around. Chicago is in front of Ali.,5b23cf34-18c0-59b5-84ed-e9eb4ab46d58,base
A2EIIVAAENPBSA,1,8,context,1,egocentric_distant,egocentric_distant_context,away from,towards,Ali is facing BLANK Chicago. Ali turns around. Chicago is in front of Ali.,5b23cf34-18c0-59b5-84ed-e9eb4ab46d58,base
A2ISDU1AXUHR4N,1,8,context,1,egocentric_distant,egocentric_distant_context,away from,towards,Ali is facing BLANK Chicago. Ali turns around. Chicago is in front of Ali.,5b23cf34-18c0-59b5-84ed-e9eb4ab46d58,base
A2QPMJ4GADLUW2,1,8,context,1,egocentric_distant,egocentric_distant_context,away from,towards,Ali is facing BLANK Chicago. Ali turns around. Chicago is in front of Ali.,5b23cf34-18c0-59b5-84ed-e9eb4ab46d58,base
A301GNFG8W711Q,1,8,context,1,egocentric_distant,egocentric_distant_context,away from,towards,Ali is facing BLANK Chicago. Ali turns around. Chicago is in front of Ali.,5b23cf34-18c0-59b5-84ed-e9eb4ab46d58,base
A3CCFD0700KTPV,1,8,context,1,egocentric_distant,egocentric_distant_context,away from,towards,Ali is facing BLANK Chicago. Ali turns around. Chicago is in front of Ali.,5b23cf34-18c0-59b5-84ed-e9eb4ab46d58,base
A3MELYYGRJ61SX,1,8,context,1,egocentric_distant,egocentric_distant_context,away from,towards,Ali is facing BLANK Chicago. Ali turns around. Chicago is in front of Ali.,5b23cf34-18c0-59b5-84ed-e9eb4ab46d58,base
A70TBKPGWQZO4,1,8,context,1,egocentric_distant,egocentric_distant_context,away from,towards,Ali is facing BLANK Chicago. Ali turns around. Chicago is in front of Ali.,5b23cf34-18c0-59b5-84ed-e9eb4ab46d58,base
A8V0L2YF8U6OX,1,8,context,1,egocentric_distant,egocentric_distant_context,away from,towards,Ali is facing BLANK Chicago. Ali turns around. Chicago is in front of Ali.,5b23cf34-18c0-59b5-84ed-e9eb4ab46d58,base
AJZRDVBZ6TKGH,1,8,context,0,egocentric_distant,egocentric_distant_context,away from,towards,Ali is facing BLANK Chicago. Ali turns around. Chicago is in front of Ali.,5b23cf34-18c0-59b5-84ed-e9eb4ab46d58,base
A1G6F1HWIS2K2K,1,8,context,0,egocentric_distant,egocentric_distant_context,towards,away from,Ali is facing BLANK Chicago. Ali turns right. Chicago is left of Ali.,58361726-9384-5c8e-b9f5-34e514fbfb2c,base
A1HNNX44U3OF0X,1,8,context,1,egocentric_distant,egocentric_distant_context,towards,away from,Ali is facing BLANK Chicago. Ali turns right. Chicago is left of Ali.,58361726-9384-5c8e-b9f5-34e514fbfb2c,base
A1JI19KPIVNL3Y,1,8,context,1,egocentric_distant,egocentric_distant_context,towards,away from,Ali is facing BLANK Chicago. Ali turns right. Chicago is left of Ali.,58361726-9384-5c8e-b9f5-34e514fbfb2c,base
A1MN2PWAV10VAB,1,8,context,0,egocentric_distant,egocentric_distant_context,towards,away from,Ali is facing BLANK Chicago. Ali turns right. Chicago is left of Ali.,58361726-9384-5c8e-b9f5-34e514fbfb2c,base
A26NGLGGFTATVN,1,8,context,1,egocentric_distant,egocentric_distant_context,towards,away from,Ali is facing BLANK Chicago. Ali turns right. Chicago is left of Ali.,58361726-9384-5c8e-b9f5-34e514fbfb2c,base
A27HVVLSZZ13XK,1,8,context,1,egocentric_distant,egocentric_distant_context,towards,away from,Ali is facing BLANK Chicago. Ali turns right. Chicago is left of Ali.,58361726-9384-5c8e-b9f5-34e514fbfb2c,base
A2EIIVAAENPBSA,1,8,context,1,egocentric_distant,egocentric_distant_context,towards,away from,Ali is facing BLANK Chicago. Ali turns right. Chicago is left of Ali.,58361726-9384-5c8e-b9f5-34e514fbfb2c,base
A2ISDU1AXUHR4N,1,8,context,1,egocentric_distant,egocentric_distant_context,towards,away from,Ali is facing BLANK Chicago. Ali turns right. Chicago is left of Ali.,58361726-9384-5c8e-b9f5-34e514fbfb2c,base
A2QPMJ4GADLUW2,1,8,context,1,egocentric_distant,egocentric_distant_context,towards,away from,Ali is facing BLANK Chicago. Ali turns right. Chicago is left of Ali.,58361726-9384-5c8e-b9f5-34e514fbfb2c,base
A301GNFG8W711Q,1,8,context,1,egocentric_distant,egocentric_distant_context,towards,away from,Ali is facing BLANK Chicago. Ali turns right. Chicago is left of Ali.,58361726-9384-5c8e-b9f5-34e514fbfb2c,base
A3CCFD0700KTPV,1,8,context,1,egocentric_distant,egocentric_distant_context,towards,away from,Ali is facing BLANK Chicago. Ali turns right. Chicago is left of Ali.,58361726-9384-5c8e-b9f5-34e514fbfb2c,base
A3MELYYGRJ61SX,1,8,context,1,egocentric_distant,egocentric_distant_context,towards,away from,Ali is facing BLANK Chicago. Ali turns right. Chicago is left of Ali.,58361726-9384-5c8e-b9f5-34e514fbfb2c,base
A70TBKPGWQZO4,1,8,context,0,egocentric_distant,egocentric_distant_context,towards,away from,Ali is facing BLANK Chicago. Ali turns right. Chicago is left of Ali.,58361726-9384-5c8e-b9f5-34e514fbfb2c,base
A8V0L2YF8U6OX,1,8,context,0,egocentric_distant,egocentric_distant_context,towards,away from,Ali is facing BLANK Chicago. Ali turns right. Chicago is left of Ali.,58361726-9384-5c8e-b9f5-34e514fbfb2c,base
AJZRDVBZ6TKGH,1,8,context,1,egocentric_distant,egocentric_distant_context,towards,away from,Ali is facing BLANK Chicago. Ali turns right. Chicago is left of Ali.,58361726-9384-5c8e-b9f5-34e514fbfb2c,base
A1G6F1HWIS2K2K,1,8,context,0,egocentric_distant,egocentric_distant_context,away from,towards,Ali is facing BLANK Milwaukee. Ali turns around. Ali is facing towards Milwaukee.,897eee6e-d0a7-51a3-828a-bd3ec8339e5e,base
A1HNNX44U3OF0X,1,8,context,1,egocentric_distant,egocentric_distant_context,away from,towards,Ali is facing BLANK Milwaukee. Ali turns around. Ali is facing towards Milwaukee.,897eee6e-d0a7-51a3-828a-bd3ec8339e5e,base
A1JI19KPIVNL3Y,1,8,context,1,egocentric_distant,egocentric_distant_context,away from,towards,Ali is facing BLANK Milwaukee. Ali turns around. Ali is facing towards Milwaukee.,897eee6e-d0a7-51a3-828a-bd3ec8339e5e,base
A1MN2PWAV10VAB,1,8,context,0,egocentric_distant,egocentric_distant_context,away from,towards,Ali is facing BLANK Milwaukee. Ali turns around. Ali is facing towards Milwaukee.,897eee6e-d0a7-51a3-828a-bd3ec8339e5e,base
A26NGLGGFTATVN,1,8,context,1,egocentric_distant,egocentric_distant_context,away from,towards,Ali is facing BLANK Milwaukee. Ali turns around. Ali is facing towards Milwaukee.,897eee6e-d0a7-51a3-828a-bd3ec8339e5e,base
A27HVVLSZZ13XK,1,8,context,1,egocentric_distant,egocentric_distant_context,away from,towards,Ali is facing BLANK Milwaukee. Ali turns around. Ali is facing towards Milwaukee.,897eee6e-d0a7-51a3-828a-bd3ec8339e5e,base
A2EIIVAAENPBSA,1,8,context,0,egocentric_distant,egocentric_distant_context,away from,towards,Ali is facing BLANK Milwaukee. Ali turns around. Ali is facing towards Milwaukee.,897eee6e-d0a7-51a3-828a-bd3ec8339e5e,base
A2ISDU1AXUHR4N,1,8,context,1,egocentric_distant,egocentric_distant_context,away from,towards,Ali is facing BLANK Milwaukee. Ali turns around. Ali is facing towards Milwaukee.,897eee6e-d0a7-51a3-828a-bd3ec8339e5e,base
A2QPMJ4GADLUW2,1,8,context,1,egocentric_distant,egocentric_distant_context,away from,towards,Ali is facing BLANK Milwaukee. Ali turns around. Ali is facing towards Milwaukee.,897eee6e-d0a7-51a3-828a-bd3ec8339e5e,base
A301GNFG8W711Q,1,8,context,1,egocentric_distant,egocentric_distant_context,away from,towards,Ali is facing BLANK Milwaukee. Ali turns around. Ali is facing towards Milwaukee.,897eee6e-d0a7-51a3-828a-bd3ec8339e5e,base
A3CCFD0700KTPV,1,8,context,1,egocentric_distant,egocentric_distant_context,away from,towards,Ali is facing BLANK Milwaukee. Ali turns around. Ali is facing towards Milwaukee.,897eee6e-d0a7-51a3-828a-bd3ec8339e5e,base
A3MELYYGRJ61SX,1,8,context,1,egocentric_distant,egocentric_distant_context,away from,towards,Ali is facing BLANK Milwaukee. Ali turns around. Ali is facing towards Milwaukee.,897eee6e-d0a7-51a3-828a-bd3ec8339e5e,base
A70TBKPGWQZO4,1,8,context,1,egocentric_distant,egocentric_distant_context,away from,towards,Ali is facing BLANK Milwaukee. Ali turns around. Ali is facing towards Milwaukee.,897eee6e-d0a7-51a3-828a-bd3ec8339e5e,base
A8V0L2YF8U6OX,1,8,context,1,egocentric_distant,egocentric_distant_context,away from,towards,Ali is facing BLANK Milwaukee. Ali turns around. Ali is facing towards Milwaukee.,897eee6e-d0a7-51a3-828a-bd3ec8339e5e,base
AJZRDVBZ6TKGH,1,8,context,0,egocentric_distant,egocentric_distant_context,away from,towards,Ali is facing BLANK Milwaukee. Ali turns around. Ali is facing towards Milwaukee.,897eee6e-d0a7-51a3-828a-bd3ec8339e5e,base
A1G6F1HWIS2K2K,1,8,context,0,relative_pos,relative_pos_context,drops,picks up,Ali is holding the tennis ball and the ping pong ball is on the floor. Ali BLANK the ping pong ball. The ping pong ball is closer to the tennis ball.,e9045eb2-8977-5b55-a497-b208a72d84e3,base
A1HNNX44U3OF0X,1,8,context,0,relative_pos,relative_pos_context,drops,picks up,Ali is holding the tennis ball and the ping pong ball is on the floor. Ali BLANK the ping pong ball. The ping pong ball is closer to the tennis ball.,e9045eb2-8977-5b55-a497-b208a72d84e3,base
A1JI19KPIVNL3Y,1,8,context,0,relative_pos,relative_pos_context,drops,picks up,Ali is holding the tennis ball and the ping pong ball is on the floor. Ali BLANK the ping pong ball. The ping pong ball is closer to the tennis ball.,e9045eb2-8977-5b55-a497-b208a72d84e3,base
A1MN2PWAV10VAB,1,8,context,0,relative_pos,relative_pos_context,drops,picks up,Ali is holding the tennis ball and the ping pong ball is on the floor. Ali BLANK the ping pong ball. The ping pong ball is closer to the tennis ball.,e9045eb2-8977-5b55-a497-b208a72d84e3,base
A26NGLGGFTATVN,1,8,context,1,relative_pos,relative_pos_context,drops,picks up,Ali is holding the tennis ball and the ping pong ball is on the floor. Ali BLANK the ping pong ball. The ping pong ball is closer to the tennis ball.,e9045eb2-8977-5b55-a497-b208a72d84e3,base
A27HVVLSZZ13XK,1,8,context,0,relative_pos,relative_pos_context,drops,picks up,Ali is holding the tennis ball and the ping pong ball is on the floor. Ali BLANK the ping pong ball. The ping pong ball is closer to the tennis ball.,e9045eb2-8977-5b55-a497-b208a72d84e3,base
A2EIIVAAENPBSA,1,8,context,0,relative_pos,relative_pos_context,drops,picks up,Ali is holding the tennis ball and the ping pong ball is on the floor. Ali BLANK the ping pong ball. The ping pong ball is closer to the tennis ball.,e9045eb2-8977-5b55-a497-b208a72d84e3,base
A2ISDU1AXUHR4N,1,8,context,0,relative_pos,relative_pos_context,drops,picks up,Ali is holding the tennis ball and the ping pong ball is on the floor. Ali BLANK the ping pong ball. The ping pong ball is closer to the tennis ball.,e9045eb2-8977-5b55-a497-b208a72d84e3,base
A2QPMJ4GADLUW2,1,8,context,0,relative_pos,relative_pos_context,drops,picks up,Ali is holding the tennis ball and the ping pong ball is on the floor. Ali BLANK the ping pong ball. The ping pong ball is closer to the tennis ball.,e9045eb2-8977-5b55-a497-b208a72d84e3,base
A301GNFG8W711Q,1,8,context,0,relative_pos,relative_pos_context,drops,picks up,Ali is holding the tennis ball and the ping pong ball is on the floor. Ali BLANK the ping pong ball. The ping pong ball is closer to the tennis ball.,e9045eb2-8977-5b55-a497-b208a72d84e3,base
A3CCFD0700KTPV,1,8,context,0,relative_pos,relative_pos_context,drops,picks up,Ali is holding the tennis ball and the ping pong ball is on the floor. Ali BLANK the ping pong ball. The ping pong ball is closer to the tennis ball.,e9045eb2-8977-5b55-a497-b208a72d84e3,base
A3MELYYGRJ61SX,1,8,context,1,relative_pos,relative_pos_context,drops,picks up,Ali is holding the tennis ball and the ping pong ball is on the floor. Ali BLANK the ping pong ball. The ping pong ball is closer to the tennis ball.,e9045eb2-8977-5b55-a497-b208a72d84e3,base
A70TBKPGWQZO4,1,8,context,0,relative_pos,relative_pos_context,drops,picks up,Ali is holding the tennis ball and the ping pong ball is on the floor. Ali BLANK the ping pong ball. The ping pong ball is closer to the tennis ball.,e9045eb2-8977-5b55-a497-b208a72d84e3,base
A8V0L2YF8U6OX,1,8,context,0,relative_pos,relative_pos_context,drops,picks up,Ali is holding the tennis ball and the ping pong ball is on the floor. Ali BLANK the ping pong ball. The ping pong ball is closer to the tennis ball.,e9045eb2-8977-5b55-a497-b208a72d84e3,base
AJZRDVBZ6TKGH,1,8,context,1,relative_pos,relative_pos_context,drops,picks up,Ali is holding the tennis ball and the ping pong ball is on the floor. Ali BLANK the ping pong ball. The ping pong ball is closer to the tennis ball.,e9045eb2-8977-5b55-a497-b208a72d84e3,base
A1G6F1HWIS2K2K,1,8,context,1,egocentric_distant,egocentric_distant_context,behind,in front of,Chicago is BLANK Ali. Ali turns around. Chicago is in front of Ali.,ea510124-bf2b-5b24-87c9-8f6028b8eae6,base
A1HNNX44U3OF0X,1,8,context,1,egocentric_distant,egocentric_distant_context,behind,in front of,Chicago is BLANK Ali. Ali turns around. Chicago is in front of Ali.,ea510124-bf2b-5b24-87c9-8f6028b8eae6,base
A1JI19KPIVNL3Y,1,8,context,1,egocentric_distant,egocentric_distant_context,behind,in front of,Chicago is BLANK Ali. Ali turns around. Chicago is in front of Ali.,ea510124-bf2b-5b24-87c9-8f6028b8eae6,base
A1MN2PWAV10VAB,1,8,context,0,egocentric_distant,egocentric_distant_context,behind,in front of,Chicago is BLANK Ali. Ali turns around. Chicago is in front of Ali.,ea510124-bf2b-5b24-87c9-8f6028b8eae6,base
A26NGLGGFTATVN,1,8,context,1,egocentric_distant,egocentric_distant_context,behind,in front of,Chicago is BLANK Ali. Ali turns around. Chicago is in front of Ali.,ea510124-bf2b-5b24-87c9-8f6028b8eae6,base
A27HVVLSZZ13XK,1,8,context,1,egocentric_distant,egocentric_distant_context,behind,in front of,Chicago is BLANK Ali. Ali turns around. Chicago is in front of Ali.,ea510124-bf2b-5b24-87c9-8f6028b8eae6,base
A2EIIVAAENPBSA,1,8,context,1,egocentric_distant,egocentric_distant_context,behind,in front of,Chicago is BLANK Ali. Ali turns around. Chicago is in front of Ali.,ea510124-bf2b-5b24-87c9-8f6028b8eae6,base
A2ISDU1AXUHR4N,1,8,context,1,egocentric_distant,egocentric_distant_context,behind,in front of,Chicago is BLANK Ali. Ali turns around. Chicago is in front of Ali.,ea510124-bf2b-5b24-87c9-8f6028b8eae6,base
A2QPMJ4GADLUW2,1,8,context,1,egocentric_distant,egocentric_distant_context,behind,in front of,Chicago is BLANK Ali. Ali turns around. Chicago is in front of Ali.,ea510124-bf2b-5b24-87c9-8f6028b8eae6,base
A301GNFG8W711Q,1,8,context,1,egocentric_distant,egocentric_distant_context,behind,in front of,Chicago is BLANK Ali. Ali turns around. Chicago is in front of Ali.,ea510124-bf2b-5b24-87c9-8f6028b8eae6,base
A3CCFD0700KTPV,1,8,context,1,egocentric_distant,egocentric_distant_context,behind,in front of,Chicago is BLANK Ali. Ali turns around. Chicago is in front of Ali.,ea510124-bf2b-5b24-87c9-8f6028b8eae6,base
A3MELYYGRJ61SX,1,8,context,1,egocentric_distant,egocentric_distant_context,behind,in front of,Chicago is BLANK Ali. Ali turns around. Chicago is in front of Ali.,ea510124-bf2b-5b24-87c9-8f6028b8eae6,base
A70TBKPGWQZO4,1,8,context,1,egocentric_distant,egocentric_distant_context,behind,in front of,Chicago is BLANK Ali. Ali turns around. Chicago is in front of Ali.,ea510124-bf2b-5b24-87c9-8f6028b8eae6,base
A8V0L2YF8U6OX,1,8,context,1,egocentric_distant,egocentric_distant_context,behind,in front of,Chicago is BLANK Ali. Ali turns around. Chicago is in front of Ali.,ea510124-bf2b-5b24-87c9-8f6028b8eae6,base
AJZRDVBZ6TKGH,1,8,context,1,egocentric_distant,egocentric_distant_context,behind,in front of,Chicago is BLANK Ali. Ali turns around. Chicago is in front of Ali.,ea510124-bf2b-5b24-87c9-8f6028b8eae6,base
A1G6F1HWIS2K2K,1,8,context,1,egocentric_distant,egocentric_distant_context,behind,in front of,Chicago is BLANK Ali. Ali turns right. Chicago is right of Ali.,dcec3e75-40eb-54de-bb48-ea58e65342e2,base
A1HNNX44U3OF0X,1,8,context,0,egocentric_distant,egocentric_distant_context,behind,in front of,Chicago is BLANK Ali. Ali turns right. Chicago is right of Ali.,dcec3e75-40eb-54de-bb48-ea58e65342e2,base
A1JI19KPIVNL3Y,1,8,context,1,egocentric_distant,egocentric_distant_context,behind,in front of,Chicago is BLANK Ali. Ali turns right. Chicago is right of Ali.,dcec3e75-40eb-54de-bb48-ea58e65342e2,base
A1MN2PWAV10VAB,1,8,context,1,egocentric_distant,egocentric_distant_context,behind,in front of,Chicago is BLANK Ali. Ali turns right. Chicago is right of Ali.,dcec3e75-40eb-54de-bb48-ea58e65342e2,base
A26NGLGGFTATVN,1,8,context,0,egocentric_distant,egocentric_distant_context,behind,in front of,Chicago is BLANK Ali. Ali turns right. Chicago is right of Ali.,dcec3e75-40eb-54de-bb48-ea58e65342e2,base
A27HVVLSZZ13XK,1,8,context,0,egocentric_distant,egocentric_distant_context,behind,in front of,Chicago is BLANK Ali. Ali turns right. Chicago is right of Ali.,dcec3e75-40eb-54de-bb48-ea58e65342e2,base
A2EIIVAAENPBSA,1,8,context,1,egocentric_distant,egocentric_distant_context,behind,in front of,Chicago is BLANK Ali. Ali turns right. Chicago is right of Ali.,dcec3e75-40eb-54de-bb48-ea58e65342e2,base
A2ISDU1AXUHR4N,1,8,context,1,egocentric_distant,egocentric_distant_context,behind,in front of,Chicago is BLANK Ali. Ali turns right. Chicago is right of Ali.,dcec3e75-40eb-54de-bb48-ea58e65342e2,base
A2QPMJ4GADLUW2,1,8,context,1,egocentric_distant,egocentric_distant_context,behind,in front of,Chicago is BLANK Ali. Ali turns right. Chicago is right of Ali.,dcec3e75-40eb-54de-bb48-ea58e65342e2,base
A301GNFG8W711Q,1,8,context,1,egocentric_distant,egocentric_distant_context,behind,in front of,Chicago is BLANK Ali. Ali turns right. Chicago is right of Ali.,dcec3e75-40eb-54de-bb48-ea58e65342e2,base
A3CCFD0700KTPV,1,8,context,1,egocentric_distant,egocentric_distant_context,behind,in front of,Chicago is BLANK Ali. Ali turns right. Chicago is right of Ali.,dcec3e75-40eb-54de-bb48-ea58e65342e2,base
A3MELYYGRJ61SX,1,8,context,1,egocentric_distant,egocentric_distant_context,behind,in front of,Chicago is BLANK Ali. Ali turns right. Chicago is right of Ali.,dcec3e75-40eb-54de-bb48-ea58e65342e2,base
A70TBKPGWQZO4,1,8,context,0,egocentric_distant,egocentric_distant_context,behind,in front of,Chicago is BLANK Ali. Ali turns right. Chicago is right of Ali.,dcec3e75-40eb-54de-bb48-ea58e65342e2,base
A8V0L2YF8U6OX,1,8,context,1,egocentric_distant,egocentric_distant_context,behind,in front of,Chicago is BLANK Ali. Ali turns right. Chicago is right of Ali.,dcec3e75-40eb-54de-bb48-ea58e65342e2,base
AJZRDVBZ6TKGH,1,8,context,1,egocentric_distant,egocentric_distant_context,behind,in front of,Chicago is BLANK Ali. Ali turns right. Chicago is right of Ali.,dcec3e75-40eb-54de-bb48-ea58e65342e2,base
A1G6F1HWIS2K2K,1,8,context,1,two_refs_geocentric,two_refs_geocentric_context,South,North,Mark and Ali are both directly West of Budapest. Mark walks BLANK. Ali is North of Mark.,2b5b1016-ffc0-59b3-be1d-503a46b52b4f,base
A1HNNX44U3OF0X,1,8,context,1,two_refs_geocentric,two_refs_geocentric_context,South,North,Mark and Ali are both directly West of Budapest. Mark walks BLANK. Ali is North of Mark.,2b5b1016-ffc0-59b3-be1d-503a46b52b4f,base
A1JI19KPIVNL3Y,1,8,context,1,two_refs_geocentric,two_refs_geocentric_context,South,North,Mark and Ali are both directly West of Budapest. Mark walks BLANK. Ali is North of Mark.,2b5b1016-ffc0-59b3-be1d-503a46b52b4f,base
A1MN2PWAV10VAB,1,8,context,0,two_refs_geocentric,two_refs_geocentric_context,South,North,Mark and Ali are both directly West of Budapest. Mark walks BLANK. Ali is North of Mark.,2b5b1016-ffc0-59b3-be1d-503a46b52b4f,base
A26NGLGGFTATVN,1,8,context,1,two_refs_geocentric,two_refs_geocentric_context,South,North,Mark and Ali are both directly West of Budapest. Mark walks BLANK. Ali is North of Mark.,2b5b1016-ffc0-59b3-be1d-503a46b52b4f,base
A27HVVLSZZ13XK,1,8,context,1,two_refs_geocentric,two_refs_geocentric_context,South,North,Mark and Ali are both directly West of Budapest. Mark walks BLANK. Ali is North of Mark.,2b5b1016-ffc0-59b3-be1d-503a46b52b4f,base
A2EIIVAAENPBSA,1,8,context,1,two_refs_geocentric,two_refs_geocentric_context,South,North,Mark and Ali are both directly West of Budapest. Mark walks BLANK. Ali is North of Mark.,2b5b1016-ffc0-59b3-be1d-503a46b52b4f,base
A2ISDU1AXUHR4N,1,8,context,1,two_refs_geocentric,two_refs_geocentric_context,South,North,Mark and Ali are both directly West of Budapest. Mark walks BLANK. Ali is North of Mark.,2b5b1016-ffc0-59b3-be1d-503a46b52b4f,base
A2QPMJ4GADLUW2,1,8,context,1,two_refs_geocentric,two_refs_geocentric_context,South,North,Mark and Ali are both directly West of Budapest. Mark walks BLANK. Ali is North of Mark.,2b5b1016-ffc0-59b3-be1d-503a46b52b4f,base
A301GNFG8W711Q,1,8,context,1,two_refs_geocentric,two_refs_geocentric_context,South,North,Mark and Ali are both directly West of Budapest. Mark walks BLANK. Ali is North of Mark.,2b5b1016-ffc0-59b3-be1d-503a46b52b4f,base
A3CCFD0700KTPV,1,8,context,1,two_refs_geocentric,two_refs_geocentric_context,South,North,Mark and Ali are both directly West of Budapest. Mark walks BLANK. Ali is North of Mark.,2b5b1016-ffc0-59b3-be1d-503a46b52b4f,base
A3MELYYGRJ61SX,1,8,context,1,two_refs_geocentric,two_refs_geocentric_context,South,North,Mark and Ali are both directly West of Budapest. Mark walks BLANK. Ali is North of Mark.,2b5b1016-ffc0-59b3-be1d-503a46b52b4f,base
A70TBKPGWQZO4,1,8,context,1,two_refs_geocentric,two_refs_geocentric_context,South,North,Mark and Ali are both directly West of Budapest. Mark walks BLANK. Ali is North of Mark.,2b5b1016-ffc0-59b3-be1d-503a46b52b4f,base
A8V0L2YF8U6OX,1,8,context,1,two_refs_geocentric,two_refs_geocentric_context,South,North,Mark and Ali are both directly West of Budapest. Mark walks BLANK. Ali is North of Mark.,2b5b1016-ffc0-59b3-be1d-503a46b52b4f,base
AJZRDVBZ6TKGH,1,8,context,0,two_refs_geocentric,two_refs_geocentric_context,South,North,Mark and Ali are both directly West of Budapest. Mark walks BLANK. Ali is North of Mark.,2b5b1016-ffc0-59b3-be1d-503a46b52b4f,base
A1G6F1HWIS2K2K,1,8,context,1,two_refs_egocentric,two_refs_egocentric_context,behind,in front of,Mark is BLANK Ali. Ali turns around. Ali is facing towards Mark.,ceae1932-6073-57ea-8b3c-af11ef237b89,base
A1HNNX44U3OF0X,1,8,context,1,two_refs_egocentric,two_refs_egocentric_context,behind,in front of,Mark is BLANK Ali. Ali turns around. Ali is facing towards Mark.,ceae1932-6073-57ea-8b3c-af11ef237b89,base
A1JI19KPIVNL3Y,1,8,context,1,two_refs_egocentric,two_refs_egocentric_context,behind,in front of,Mark is BLANK Ali. Ali turns around. Ali is facing towards Mark.,ceae1932-6073-57ea-8b3c-af11ef237b89,base
A1MN2PWAV10VAB,1,8,context,0,two_refs_egocentric,two_refs_egocentric_context,behind,in front of,Mark is BLANK Ali. Ali turns around. Ali is facing towards Mark.,ceae1932-6073-57ea-8b3c-af11ef237b89,base
A26NGLGGFTATVN,1,8,context,1,two_refs_egocentric,two_refs_egocentric_context,behind,in front of,Mark is BLANK Ali. Ali turns around. Ali is facing towards Mark.,ceae1932-6073-57ea-8b3c-af11ef237b89,base
A27HVVLSZZ13XK,1,8,context,1,two_refs_egocentric,two_refs_egocentric_context,behind,in front of,Mark is BLANK Ali. Ali turns around. Ali is facing towards Mark.,ceae1932-6073-57ea-8b3c-af11ef237b89,base
A2EIIVAAENPBSA,1,8,context,1,two_refs_egocentric,two_refs_egocentric_context,behind,in front of,Mark is BLANK Ali. Ali turns around. Ali is facing towards Mark.,ceae1932-6073-57ea-8b3c-af11ef237b89,base
A2ISDU1AXUHR4N,1,8,context,1,two_refs_egocentric,two_refs_egocentric_context,behind,in front of,Mark is BLANK Ali. Ali turns around. Ali is facing towards Mark.,ceae1932-6073-57ea-8b3c-af11ef237b89,base
A2QPMJ4GADLUW2,1,8,context,1,two_refs_egocentric,two_refs_egocentric_context,behind,in front of,Mark is BLANK Ali. Ali turns around. Ali is facing towards Mark.,ceae1932-6073-57ea-8b3c-af11ef237b89,base
A301GNFG8W711Q,1,8,context,1,two_refs_egocentric,two_refs_egocentric_context,behind,in front of,Mark is BLANK Ali. Ali turns around. Ali is facing towards Mark.,ceae1932-6073-57ea-8b3c-af11ef237b89,base
A3CCFD0700KTPV,1,8,context,1,two_refs_egocentric,two_refs_egocentric_context,behind,in front of,Mark is BLANK Ali. Ali turns around. Ali is facing towards Mark.,ceae1932-6073-57ea-8b3c-af11ef237b89,base
A3MELYYGRJ61SX,1,8,context,1,two_refs_egocentric,two_refs_egocentric_context,behind,in front of,Mark is BLANK Ali. Ali turns around. Ali is facing towards Mark.,ceae1932-6073-57ea-8b3c-af11ef237b89,base
A70TBKPGWQZO4,1,8,context,1,two_refs_egocentric,two_refs_egocentric_context,behind,in front of,Mark is BLANK Ali. Ali turns around. Ali is facing towards Mark.,ceae1932-6073-57ea-8b3c-af11ef237b89,base
A8V0L2YF8U6OX,1,8,context,1,two_refs_egocentric,two_refs_egocentric_context,behind,in front of,Mark is BLANK Ali. Ali turns around. Ali is facing towards Mark.,ceae1932-6073-57ea-8b3c-af11ef237b89,base
AJZRDVBZ6TKGH,1,8,context,1,two_refs_egocentric,two_refs_egocentric_context,behind,in front of,Mark is BLANK Ali. Ali turns around. Ali is facing towards Mark.,ceae1932-6073-57ea-8b3c-af11ef237b89,base
A1G6F1HWIS2K2K,1,8,context,0,two_refs_egocentric,two_refs_egocentric_context,in front of,behind,Mark is BLANK Ali. Mark walks forwards. Mark is getting further from Ali.,65c476d8-7b46-50ad-9fa1-ba59c9300205,base
A1HNNX44U3OF0X,1,8,context,0,two_refs_egocentric,two_refs_egocentric_context,in front of,behind,Mark is BLANK Ali. Mark walks forwards. Mark is getting further from Ali.,65c476d8-7b46-50ad-9fa1-ba59c9300205,base
A1JI19KPIVNL3Y,1,8,context,1,two_refs_egocentric,two_refs_egocentric_context,in front of,behind,Mark is BLANK Ali. Mark walks forwards. Mark is getting further from Ali.,65c476d8-7b46-50ad-9fa1-ba59c9300205,base
A1MN2PWAV10VAB,1,8,context,1,two_refs_egocentric,two_refs_egocentric_context,in front of,behind,Mark is BLANK Ali. Mark walks forwards. Mark is getting further from Ali.,65c476d8-7b46-50ad-9fa1-ba59c9300205,base
A26NGLGGFTATVN,1,8,context,1,two_refs_egocentric,two_refs_egocentric_context,in front of,behind,Mark is BLANK Ali. Mark walks forwards. Mark is getting further from Ali.,65c476d8-7b46-50ad-9fa1-ba59c9300205,base
A27HVVLSZZ13XK,1,8,context,0,two_refs_egocentric,two_refs_egocentric_context,in front of,behind,Mark is BLANK Ali. Mark walks forwards. Mark is getting further from Ali.,65c476d8-7b46-50ad-9fa1-ba59c9300205,base
A2EIIVAAENPBSA,1,8,context,1,two_refs_egocentric,two_refs_egocentric_context,in front of,behind,Mark is BLANK Ali. Mark walks forwards. Mark is getting further from Ali.,65c476d8-7b46-50ad-9fa1-ba59c9300205,base
A2ISDU1AXUHR4N,1,8,context,0,two_refs_egocentric,two_refs_egocentric_context,in front of,behind,Mark is BLANK Ali. Mark walks forwards. Mark is getting further from Ali.,65c476d8-7b46-50ad-9fa1-ba59c9300205,base
A2QPMJ4GADLUW2,1,8,context,1,two_refs_egocentric,two_refs_egocentric_context,in front of,behind,Mark is BLANK Ali. Mark walks forwards. Mark is getting further from Ali.,65c476d8-7b46-50ad-9fa1-ba59c9300205,base
A301GNFG8W711Q,1,8,context,0,two_refs_egocentric,two_refs_egocentric_context,in front of,behind,Mark is BLANK Ali. Mark walks forwards. Mark is getting further from Ali.,65c476d8-7b46-50ad-9fa1-ba59c9300205,base
A3CCFD0700KTPV,1,8,context,0,two_refs_egocentric,two_refs_egocentric_context,in front of,behind,Mark is BLANK Ali. Mark walks forwards. Mark is getting further from Ali.,65c476d8-7b46-50ad-9fa1-ba59c9300205,base
A3MELYYGRJ61SX,1,8,context,1,two_refs_egocentric,two_refs_egocentric_context,in front of,behind,Mark is BLANK Ali. Mark walks forwards. Mark is getting further from Ali.,65c476d8-7b46-50ad-9fa1-ba59c9300205,base
A70TBKPGWQZO4,1,8,context,1,two_refs_egocentric,two_refs_egocentric_context,in front of,behind,Mark is BLANK Ali. Mark walks forwards. Mark is getting further from Ali.,65c476d8-7b46-50ad-9fa1-ba59c9300205,base
A8V0L2YF8U6OX,1,8,context,1,two_refs_egocentric,two_refs_egocentric_context,in front of,behind,Mark is BLANK Ali. Mark walks forwards. Mark is getting further from Ali.,65c476d8-7b46-50ad-9fa1-ba59c9300205,base
AJZRDVBZ6TKGH,1,8,context,1,two_refs_egocentric,two_refs_egocentric_context,in front of,behind,Mark is BLANK Ali. Mark walks forwards. Mark is getting further from Ali.,65c476d8-7b46-50ad-9fa1-ba59c9300205,base
A1G6F1HWIS2K2K,1,8,context,0,two_refs_geocentric,two_refs_geocentric_context,East,West,Mark is BLANK of Ali. Mark turns right. Mark is East of Ali.,cb89881b-c899-5760-bd9d-f73c4ab4521c,base
A1HNNX44U3OF0X,1,8,context,0,two_refs_geocentric,two_refs_geocentric_context,East,West,Mark is BLANK of Ali. Mark turns right. Mark is East of Ali.,cb89881b-c899-5760-bd9d-f73c4ab4521c,base
A1JI19KPIVNL3Y,1,8,context,1,two_refs_geocentric,two_refs_geocentric_context,East,West,Mark is BLANK of Ali. Mark turns right. Mark is East of Ali.,cb89881b-c899-5760-bd9d-f73c4ab4521c,base
A1MN2PWAV10VAB,1,8,context,1,two_refs_geocentric,two_refs_geocentric_context,East,West,Mark is BLANK of Ali. Mark turns right. Mark is East of Ali.,cb89881b-c899-5760-bd9d-f73c4ab4521c,base
A26NGLGGFTATVN,1,8,context,0,two_refs_geocentric,two_refs_geocentric_context,East,West,Mark is BLANK of Ali. Mark turns right. Mark is East of Ali.,cb89881b-c899-5760-bd9d-f73c4ab4521c,base
A27HVVLSZZ13XK,1,8,context,0,two_refs_geocentric,two_refs_geocentric_context,East,West,Mark is BLANK of Ali. Mark turns right. Mark is East of Ali.,cb89881b-c899-5760-bd9d-f73c4ab4521c,base
A2EIIVAAENPBSA,1,8,context,0,two_refs_geocentric,two_refs_geocentric_context,East,West,Mark is BLANK of Ali. Mark turns right. Mark is East of Ali.,cb89881b-c899-5760-bd9d-f73c4ab4521c,base
A2ISDU1AXUHR4N,1,8,context,1,two_refs_geocentric,two_refs_geocentric_context,East,West,Mark is BLANK of Ali. Mark turns right. Mark is East of Ali.,cb89881b-c899-5760-bd9d-f73c4ab4521c,base
A2QPMJ4GADLUW2,1,8,context,1,two_refs_geocentric,two_refs_geocentric_context,East,West,Mark is BLANK of Ali. Mark turns right. Mark is East of Ali.,cb89881b-c899-5760-bd9d-f73c4ab4521c,base
A301GNFG8W711Q,1,8,context,1,two_refs_geocentric,two_refs_geocentric_context,East,West,Mark is BLANK of Ali. Mark turns right. Mark is East of Ali.,cb89881b-c899-5760-bd9d-f73c4ab4521c,base
A3CCFD0700KTPV,1,8,context,0,two_refs_geocentric,two_refs_geocentric_context,East,West,Mark is BLANK of Ali. Mark turns right. Mark is East of Ali.,cb89881b-c899-5760-bd9d-f73c4ab4521c,base
A3MELYYGRJ61SX,1,8,context,0,two_refs_geocentric,two_refs_geocentric_context,East,West,Mark is BLANK of Ali. Mark turns right. Mark is East of Ali.,cb89881b-c899-5760-bd9d-f73c4ab4521c,base
A70TBKPGWQZO4,1,8,context,0,two_refs_geocentric,two_refs_geocentric_context,East,West,Mark is BLANK of Ali. Mark turns right. Mark is East of Ali.,cb89881b-c899-5760-bd9d-f73c4ab4521c,base
A8V0L2YF8U6OX,1,8,context,1,two_refs_geocentric,two_refs_geocentric_context,East,West,Mark is BLANK of Ali. Mark turns right. Mark is East of Ali.,cb89881b-c899-5760-bd9d-f73c4ab4521c,base
AJZRDVBZ6TKGH,1,8,context,0,two_refs_geocentric,two_refs_geocentric_context,East,West,Mark is BLANK of Ali. Mark turns right. Mark is East of Ali.,cb89881b-c899-5760-bd9d-f73c4ab4521c,base
A1G6F1HWIS2K2K,1,8,context,1,two_refs_geocentric,two_refs_geocentric_context,East,West,Mark is facing BLANK and Ali is facing West. Mark turns around. Mark is facing West.,e7a0ff83-cb27-54fe-bcf5-24d5d5f5b950,base
A1HNNX44U3OF0X,1,8,context,0,two_refs_geocentric,two_refs_geocentric_context,East,West,Mark is facing BLANK and Ali is facing West. Mark turns around. Mark is facing West.,e7a0ff83-cb27-54fe-bcf5-24d5d5f5b950,base
A1JI19KPIVNL3Y,1,8,context,1,two_refs_geocentric,two_refs_geocentric_context,East,West,Mark is facing BLANK and Ali is facing West. Mark turns around. Mark is facing West.,e7a0ff83-cb27-54fe-bcf5-24d5d5f5b950,base
A1MN2PWAV10VAB,1,8,context,0,two_refs_geocentric,two_refs_geocentric_context,East,West,Mark is facing BLANK and Ali is facing West. Mark turns around. Mark is facing West.,e7a0ff83-cb27-54fe-bcf5-24d5d5f5b950,base
A26NGLGGFTATVN,1,8,context,1,two_refs_geocentric,two_refs_geocentric_context,East,West,Mark is facing BLANK and Ali is facing West. Mark turns around. Mark is facing West.,e7a0ff83-cb27-54fe-bcf5-24d5d5f5b950,base
A27HVVLSZZ13XK,1,8,context,1,two_refs_geocentric,two_refs_geocentric_context,East,West,Mark is facing BLANK and Ali is facing West. Mark turns around. Mark is facing West.,e7a0ff83-cb27-54fe-bcf5-24d5d5f5b950,base
A2EIIVAAENPBSA,1,8,context,0,two_refs_geocentric,two_refs_geocentric_context,East,West,Mark is facing BLANK and Ali is facing West. Mark turns around. Mark is facing West.,e7a0ff83-cb27-54fe-bcf5-24d5d5f5b950,base
A2ISDU1AXUHR4N,1,8,context,1,two_refs_geocentric,two_refs_geocentric_context,East,West,Mark is facing BLANK and Ali is facing West. Mark turns around. Mark is facing West.,e7a0ff83-cb27-54fe-bcf5-24d5d5f5b950,base
A2QPMJ4GADLUW2,1,8,context,1,two_refs_geocentric,two_refs_geocentric_context,East,West,Mark is facing BLANK and Ali is facing West. Mark turns around. Mark is facing West.,e7a0ff83-cb27-54fe-bcf5-24d5d5f5b950,base
A301GNFG8W711Q,1,8,context,1,two_refs_geocentric,two_refs_geocentric_context,East,West,Mark is facing BLANK and Ali is facing West. Mark turns around. Mark is facing West.,e7a0ff83-cb27-54fe-bcf5-24d5d5f5b950,base
A3CCFD0700KTPV,1,8,context,0,two_refs_geocentric,two_refs_geocentric_context,East,West,Mark is facing BLANK and Ali is facing West. Mark turns around. Mark is facing West.,e7a0ff83-cb27-54fe-bcf5-24d5d5f5b950,base
A3MELYYGRJ61SX,1,8,context,1,two_refs_geocentric,two_refs_geocentric_context,East,West,Mark is facing BLANK and Ali is facing West. Mark turns around. Mark is facing West.,e7a0ff83-cb27-54fe-bcf5-24d5d5f5b950,base
A70TBKPGWQZO4,1,8,context,1,two_refs_geocentric,two_refs_geocentric_context,East,West,Mark is facing BLANK and Ali is facing West. Mark turns around. Mark is facing West.,e7a0ff83-cb27-54fe-bcf5-24d5d5f5b950,base
A8V0L2YF8U6OX,1,8,context,1,two_refs_geocentric,two_refs_geocentric_context,East,West,Mark is facing BLANK and Ali is facing West. Mark turns around. Mark is facing West.,e7a0ff83-cb27-54fe-bcf5-24d5d5f5b950,base
AJZRDVBZ6TKGH,1,8,context,0,two_refs_geocentric,two_refs_geocentric_context,East,West,Mark is facing BLANK and Ali is facing West. Mark turns around. Mark is facing West.,e7a0ff83-cb27-54fe-bcf5-24d5d5f5b950,base
A1G6F1HWIS2K2K,1,8,context,0,geocentric_near,geocentric_near_context,East,West,Mark is facing BLANK. Mark turns 90 degrees to his right. Mark is facing South.,301967dc-a7ea-56e9-8dc8-42965bff461e,base
A1HNNX44U3OF0X,1,8,context,1,geocentric_near,geocentric_near_context,East,West,Mark is facing BLANK. Mark turns 90 degrees to his right. Mark is facing South.,301967dc-a7ea-56e9-8dc8-42965bff461e,base
A1JI19KPIVNL3Y,1,8,context,1,geocentric_near,geocentric_near_context,East,West,Mark is facing BLANK. Mark turns 90 degrees to his right. Mark is facing South.,301967dc-a7ea-56e9-8dc8-42965bff461e,base
A1MN2PWAV10VAB,1,8,context,1,geocentric_near,geocentric_near_context,East,West,Mark is facing BLANK. Mark turns 90 degrees to his right. Mark is facing South.,301967dc-a7ea-56e9-8dc8-42965bff461e,base
A26NGLGGFTATVN,1,8,context,1,geocentric_near,geocentric_near_context,East,West,Mark is facing BLANK. Mark turns 90 degrees to his right. Mark is facing South.,301967dc-a7ea-56e9-8dc8-42965bff461e,base
A27HVVLSZZ13XK,1,8,context,0,geocentric_near,geocentric_near_context,East,West,Mark is facing BLANK. Mark turns 90 degrees to his right. Mark is facing South.,301967dc-a7ea-56e9-8dc8-42965bff461e,base
A2EIIVAAENPBSA,1,8,context,1,geocentric_near,geocentric_near_context,East,West,Mark is facing BLANK. Mark turns 90 degrees to his right. Mark is facing South.,301967dc-a7ea-56e9-8dc8-42965bff461e,base
A2ISDU1AXUHR4N,1,8,context,1,geocentric_near,geocentric_near_context,East,West,Mark is facing BLANK. Mark turns 90 degrees to his right. Mark is facing South.,301967dc-a7ea-56e9-8dc8-42965bff461e,base
A2QPMJ4GADLUW2,1,8,context,1,geocentric_near,geocentric_near_context,East,West,Mark is facing BLANK. Mark turns 90 degrees to his right. Mark is facing South.,301967dc-a7ea-56e9-8dc8-42965bff461e,base
A301GNFG8W711Q,1,8,context,1,geocentric_near,geocentric_near_context,East,West,Mark is facing BLANK. Mark turns 90 degrees to his right. Mark is facing South.,301967dc-a7ea-56e9-8dc8-42965bff461e,base
A3CCFD0700KTPV,1,8,context,1,geocentric_near,geocentric_near_context,East,West,Mark is facing BLANK. Mark turns 90 degrees to his right. Mark is facing South.,301967dc-a7ea-56e9-8dc8-42965bff461e,base
A3MELYYGRJ61SX,1,8,context,1,geocentric_near,geocentric_near_context,East,West,Mark is facing BLANK. Mark turns 90 degrees to his right. Mark is facing South.,301967dc-a7ea-56e9-8dc8-42965bff461e,base
A70TBKPGWQZO4,1,8,context,1,geocentric_near,geocentric_near_context,East,West,Mark is facing BLANK. Mark turns 90 degrees to his right. Mark is facing South.,301967dc-a7ea-56e9-8dc8-42965bff461e,base
A8V0L2YF8U6OX,1,8,context,1,geocentric_near,geocentric_near_context,East,West,Mark is facing BLANK. Mark turns 90 degrees to his right. Mark is facing South.,301967dc-a7ea-56e9-8dc8-42965bff461e,base
AJZRDVBZ6TKGH,1,8,context,0,geocentric_near,geocentric_near_context,East,West,Mark is facing BLANK. Mark turns 90 degrees to his right. Mark is facing South.,301967dc-a7ea-56e9-8dc8-42965bff461e,base
A1G6F1HWIS2K2K,1,8,context,0,two_refs_geocentric,two_refs_geocentric_context,East,West,Mark is facing North and Ali is facing BLANK. Mark turns 90 degrees to his right. Mark and Ali are facing the same direction.,deba861b-2296-5137-a8b7-9d7504d90d47,base
A1HNNX44U3OF0X,1,8,context,1,two_refs_geocentric,two_refs_geocentric_context,East,West,Mark is facing North and Ali is facing BLANK. Mark turns 90 degrees to his right. Mark and Ali are facing the same direction.,deba861b-2296-5137-a8b7-9d7504d90d47,base
A1JI19KPIVNL3Y,1,8,context,1,two_refs_geocentric,two_refs_geocentric_context,East,West,Mark is facing North and Ali is facing BLANK. Mark turns 90 degrees to his right. Mark and Ali are facing the same direction.,deba861b-2296-5137-a8b7-9d7504d90d47,base
A1MN2PWAV10VAB,1,8,context,0,two_refs_geocentric,two_refs_geocentric_context,East,West,Mark is facing North and Ali is facing BLANK. Mark turns 90 degrees to his right. Mark and Ali are facing the same direction.,deba861b-2296-5137-a8b7-9d7504d90d47,base
A26NGLGGFTATVN,1,8,context,0,two_refs_geocentric,two_refs_geocentric_context,East,West,Mark is facing North and Ali is facing BLANK. Mark turns 90 degrees to his right. Mark and Ali are facing the same direction.,deba861b-2296-5137-a8b7-9d7504d90d47,base
A27HVVLSZZ13XK,1,8,context,1,two_refs_geocentric,two_refs_geocentric_context,East,West,Mark is facing North and Ali is facing BLANK. Mark turns 90 degrees to his right. Mark and Ali are facing the same direction.,deba861b-2296-5137-a8b7-9d7504d90d47,base
A2EIIVAAENPBSA,1,8,context,0,two_refs_geocentric,two_refs_geocentric_context,East,West,Mark is facing North and Ali is facing BLANK. Mark turns 90 degrees to his right. Mark and Ali are facing the same direction.,deba861b-2296-5137-a8b7-9d7504d90d47,base
A2ISDU1AXUHR4N,1,8,context,0,two_refs_geocentric,two_refs_geocentric_context,East,West,Mark is facing North and Ali is facing BLANK. Mark turns 90 degrees to his right. Mark and Ali are facing the same direction.,deba861b-2296-5137-a8b7-9d7504d90d47,base
A2QPMJ4GADLUW2,1,8,context,0,two_refs_geocentric,two_refs_geocentric_context,East,West,Mark is facing North and Ali is facing BLANK. Mark turns 90 degrees to his right. Mark and Ali are facing the same direction.,deba861b-2296-5137-a8b7-9d7504d90d47,base
A301GNFG8W711Q,1,8,context,1,two_refs_geocentric,two_refs_geocentric_context,East,West,Mark is facing North and Ali is facing BLANK. Mark turns 90 degrees to his right. Mark and Ali are facing the same direction.,deba861b-2296-5137-a8b7-9d7504d90d47,base
A3CCFD0700KTPV,1,8,context,1,two_refs_geocentric,two_refs_geocentric_context,East,West,Mark is facing North and Ali is facing BLANK. Mark turns 90 degrees to his right. Mark and Ali are facing the same direction.,deba861b-2296-5137-a8b7-9d7504d90d47,base
A3MELYYGRJ61SX,1,8,context,1,two_refs_geocentric,two_refs_geocentric_context,East,West,Mark is facing North and Ali is facing BLANK. Mark turns 90 degrees to his right. Mark and Ali are facing the same direction.,deba861b-2296-5137-a8b7-9d7504d90d47,base
A70TBKPGWQZO4,1,8,context,0,two_refs_geocentric,two_refs_geocentric_context,East,West,Mark is facing North and Ali is facing BLANK. Mark turns 90 degrees to his right. Mark and Ali are facing the same direction.,deba861b-2296-5137-a8b7-9d7504d90d47,base
A8V0L2YF8U6OX,1,8,context,1,two_refs_geocentric,two_refs_geocentric_context,East,West,Mark is facing North and Ali is facing BLANK. Mark turns 90 degrees to his right. Mark and Ali are facing the same direction.,deba861b-2296-5137-a8b7-9d7504d90d47,base
AJZRDVBZ6TKGH,1,8,context,0,two_refs_geocentric,two_refs_geocentric_context,East,West,Mark is facing North and Ali is facing BLANK. Mark turns 90 degrees to his right. Mark and Ali are facing the same direction.,deba861b-2296-5137-a8b7-9d7504d90d47,base
A1G6F1HWIS2K2K,1,8,context,1,two_refs_egocentric,two_refs_egocentric_context,left of,towards,Mark is to the BLANK Ali. Mark looks to his left and Ali looks to his right. Ali is facing away from Mark.,f653d6d2-509f-55e7-848e-4c502667fa23,base
A1HNNX44U3OF0X,1,8,context,1,two_refs_egocentric,two_refs_egocentric_context,left of,towards,Mark is to the BLANK Ali. Mark looks to his left and Ali looks to his right. Ali is facing away from Mark.,f653d6d2-509f-55e7-848e-4c502667fa23,base
A1JI19KPIVNL3Y,1,8,context,1,two_refs_egocentric,two_refs_egocentric_context,left of,towards,Mark is to the BLANK Ali. Mark looks to his left and Ali looks to his right. Ali is facing away from Mark.,f653d6d2-509f-55e7-848e-4c502667fa23,base
A1MN2PWAV10VAB,1,8,context,1,two_refs_egocentric,two_refs_egocentric_context,left of,towards,Mark is to the BLANK Ali. Mark looks to his left and Ali looks to his right. Ali is facing away from Mark.,f653d6d2-509f-55e7-848e-4c502667fa23,base
A26NGLGGFTATVN,1,8,context,1,two_refs_egocentric,two_refs_egocentric_context,left of,towards,Mark is to the BLANK Ali. Mark looks to his left and Ali looks to his right. Ali is facing away from Mark.,f653d6d2-509f-55e7-848e-4c502667fa23,base
A27HVVLSZZ13XK,1,8,context,1,two_refs_egocentric,two_refs_egocentric_context,left of,towards,Mark is to the BLANK Ali. Mark looks to his left and Ali looks to his right. Ali is facing away from Mark.,f653d6d2-509f-55e7-848e-4c502667fa23,base
A2EIIVAAENPBSA,1,8,context,1,two_refs_egocentric,two_refs_egocentric_context,left of,towards,Mark is to the BLANK Ali. Mark looks to his left and Ali looks to his right. Ali is facing away from Mark.,f653d6d2-509f-55e7-848e-4c502667fa23,base
A2ISDU1AXUHR4N,1,8,context,1,two_refs_egocentric,two_refs_egocentric_context,left of,towards,Mark is to the BLANK Ali. Mark looks to his left and Ali looks to his right. Ali is facing away from Mark.,f653d6d2-509f-55e7-848e-4c502667fa23,base
A2QPMJ4GADLUW2,1,8,context,1,two_refs_egocentric,two_refs_egocentric_context,left of,towards,Mark is to the BLANK Ali. Mark looks to his left and Ali looks to his right. Ali is facing away from Mark.,f653d6d2-509f-55e7-848e-4c502667fa23,base
A301GNFG8W711Q,1,8,context,1,two_refs_egocentric,two_refs_egocentric_context,left of,towards,Mark is to the BLANK Ali. Mark looks to his left and Ali looks to his right. Ali is facing away from Mark.,f653d6d2-509f-55e7-848e-4c502667fa23,base
A3CCFD0700KTPV,1,8,context,0,two_refs_egocentric,two_refs_egocentric_context,left of,towards,Mark is to the BLANK Ali. Mark looks to his left and Ali looks to his right. Ali is facing away from Mark.,f653d6d2-509f-55e7-848e-4c502667fa23,base
A3MELYYGRJ61SX,1,8,context,1,two_refs_egocentric,two_refs_egocentric_context,left of,towards,Mark is to the BLANK Ali. Mark looks to his left and Ali looks to his right. Ali is facing away from Mark.,f653d6d2-509f-55e7-848e-4c502667fa23,base
A70TBKPGWQZO4,1,8,context,1,two_refs_egocentric,two_refs_egocentric_context,left of,towards,Mark is to the BLANK Ali. Mark looks to his left and Ali looks to his right. Ali is facing away from Mark.,f653d6d2-509f-55e7-848e-4c502667fa23,base
A8V0L2YF8U6OX,1,8,context,1,two_refs_egocentric,two_refs_egocentric_context,left of,towards,Mark is to the BLANK Ali. Mark looks to his left and Ali looks to his right. Ali is facing away from Mark.,f653d6d2-509f-55e7-848e-4c502667fa23,base
AJZRDVBZ6TKGH,1,8,context,0,two_refs_egocentric,two_refs_egocentric_context,left of,towards,Mark is to the BLANK Ali. Mark looks to his left and Ali looks to his right. Ali is facing away from Mark.,f653d6d2-509f-55e7-848e-4c502667fa23,base
A1G6F1HWIS2K2K,1,8,context,0,geocentric_distant,geocentric_distant_context,West of,East of,Milwaukee is BLANK Ali. Ali turns around. Milwaukee is West of Ali.,5971347d-237f-515b-b782-01ff47f5650a,base
A1HNNX44U3OF0X,1,8,context,0,geocentric_distant,geocentric_distant_context,West of,East of,Milwaukee is BLANK Ali. Ali turns around. Milwaukee is West of Ali.,5971347d-237f-515b-b782-01ff47f5650a,base
A1JI19KPIVNL3Y,1,8,context,0,geocentric_distant,geocentric_distant_context,West of,East of,Milwaukee is BLANK Ali. Ali turns around. Milwaukee is West of Ali.,5971347d-237f-515b-b782-01ff47f5650a,base
A1MN2PWAV10VAB,1,8,context,1,geocentric_distant,geocentric_distant_context,West of,East of,Milwaukee is BLANK Ali. Ali turns around. Milwaukee is West of Ali.,5971347d-237f-515b-b782-01ff47f5650a,base
A26NGLGGFTATVN,1,8,context,0,geocentric_distant,geocentric_distant_context,West of,East of,Milwaukee is BLANK Ali. Ali turns around. Milwaukee is West of Ali.,5971347d-237f-515b-b782-01ff47f5650a,base
A27HVVLSZZ13XK,1,8,context,0,geocentric_distant,geocentric_distant_context,West of,East of,Milwaukee is BLANK Ali. Ali turns around. Milwaukee is West of Ali.,5971347d-237f-515b-b782-01ff47f5650a,base
A2EIIVAAENPBSA,1,8,context,1,geocentric_distant,geocentric_distant_context,West of,East of,Milwaukee is BLANK Ali. Ali turns around. Milwaukee is West of Ali.,5971347d-237f-515b-b782-01ff47f5650a,base
A2ISDU1AXUHR4N,1,8,context,0,geocentric_distant,geocentric_distant_context,West of,East of,Milwaukee is BLANK Ali. Ali turns around. Milwaukee is West of Ali.,5971347d-237f-515b-b782-01ff47f5650a,base
A2QPMJ4GADLUW2,1,8,context,0,geocentric_distant,geocentric_distant_context,West of,East of,Milwaukee is BLANK Ali. Ali turns around. Milwaukee is West of Ali.,5971347d-237f-515b-b782-01ff47f5650a,base
A301GNFG8W711Q,1,8,context,1,geocentric_distant,geocentric_distant_context,West of,East of,Milwaukee is BLANK Ali. Ali turns around. Milwaukee is West of Ali.,5971347d-237f-515b-b782-01ff47f5650a,base
A3CCFD0700KTPV,1,8,context,0,geocentric_distant,geocentric_distant_context,West of,East of,Milwaukee is BLANK Ali. Ali turns around. Milwaukee is West of Ali.,5971347d-237f-515b-b782-01ff47f5650a,base
A3MELYYGRJ61SX,1,8,context,0,geocentric_distant,geocentric_distant_context,West of,East of,Milwaukee is BLANK Ali. Ali turns around. Milwaukee is West of Ali.,5971347d-237f-515b-b782-01ff47f5650a,base
A70TBKPGWQZO4,1,8,context,0,geocentric_distant,geocentric_distant_context,West of,East of,Milwaukee is BLANK Ali. Ali turns around. Milwaukee is West of Ali.,5971347d-237f-515b-b782-01ff47f5650a,base
A8V0L2YF8U6OX,1,8,context,0,geocentric_distant,geocentric_distant_context,West of,East of,Milwaukee is BLANK Ali. Ali turns around. Milwaukee is West of Ali.,5971347d-237f-515b-b782-01ff47f5650a,base
AJZRDVBZ6TKGH,1,8,context,1,geocentric_distant,geocentric_distant_context,West of,East of,Milwaukee is BLANK Ali. Ali turns around. Milwaukee is West of Ali.,5971347d-237f-515b-b782-01ff47f5650a,base
A1G6F1HWIS2K2K,1,8,context,0,geocentric_distant,geocentric_distant_context,South of,East of,Milwaukee is BLANK Ali. Ali turns left. Milwaukee is South of Ali.,5d911c67-0b83-55ee-8134-8ce38b110d99,base
A1HNNX44U3OF0X,1,8,context,0,geocentric_distant,geocentric_distant_context,South of,East of,Milwaukee is BLANK Ali. Ali turns left. Milwaukee is South of Ali.,5d911c67-0b83-55ee-8134-8ce38b110d99,base
A1JI19KPIVNL3Y,1,8,context,0,geocentric_distant,geocentric_distant_context,South of,East of,Milwaukee is BLANK Ali. Ali turns left. Milwaukee is South of Ali.,5d911c67-0b83-55ee-8134-8ce38b110d99,base
A1MN2PWAV10VAB,1,8,context,1,geocentric_distant,geocentric_distant_context,South of,East of,Milwaukee is BLANK Ali. Ali turns left. Milwaukee is South of Ali.,5d911c67-0b83-55ee-8134-8ce38b110d99,base
A26NGLGGFTATVN,1,8,context,1,geocentric_distant,geocentric_distant_context,South of,East of,Milwaukee is BLANK Ali. Ali turns left. Milwaukee is South of Ali.,5d911c67-0b83-55ee-8134-8ce38b110d99,base
A27HVVLSZZ13XK,1,8,context,1,geocentric_distant,geocentric_distant_context,South of,East of,Milwaukee is BLANK Ali. Ali turns left. Milwaukee is South of Ali.,5d911c67-0b83-55ee-8134-8ce38b110d99,base
A2EIIVAAENPBSA,1,8,context,0,geocentric_distant,geocentric_distant_context,South of,East of,Milwaukee is BLANK Ali. Ali turns left. Milwaukee is South of Ali.,5d911c67-0b83-55ee-8134-8ce38b110d99,base
A2ISDU1AXUHR4N,1,8,context,1,geocentric_distant,geocentric_distant_context,South of,East of,Milwaukee is BLANK Ali. Ali turns left. Milwaukee is South of Ali.,5d911c67-0b83-55ee-8134-8ce38b110d99,base
A2QPMJ4GADLUW2,1,8,context,0,geocentric_distant,geocentric_distant_context,South of,East of,Milwaukee is BLANK Ali. Ali turns left. Milwaukee is South of Ali.,5d911c67-0b83-55ee-8134-8ce38b110d99,base
A301GNFG8W711Q,1,8,context,0,geocentric_distant,geocentric_distant_context,South of,East of,Milwaukee is BLANK Ali. Ali turns left. Milwaukee is South of Ali.,5d911c67-0b83-55ee-8134-8ce38b110d99,base
A3CCFD0700KTPV,1,8,context,1,geocentric_distant,geocentric_distant_context,South of,East of,Milwaukee is BLANK Ali. Ali turns left. Milwaukee is South of Ali.,5d911c67-0b83-55ee-8134-8ce38b110d99,base
A3MELYYGRJ61SX,1,8,context,0,geocentric_distant,geocentric_distant_context,South of,East of,Milwaukee is BLANK Ali. Ali turns left. Milwaukee is South of Ali.,5d911c67-0b83-55ee-8134-8ce38b110d99,base
A70TBKPGWQZO4,1,8,context,0,geocentric_distant,geocentric_distant_context,South of,East of,Milwaukee is BLANK Ali. Ali turns left. Milwaukee is South of Ali.,5d911c67-0b83-55ee-8134-8ce38b110d99,base
A8V0L2YF8U6OX,1,8,context,0,geocentric_distant,geocentric_distant_context,South of,East of,Milwaukee is BLANK Ali. Ali turns left. Milwaukee is South of Ali.,5d911c67-0b83-55ee-8134-8ce38b110d99,base
AJZRDVBZ6TKGH,1,8,context,1,geocentric_distant,geocentric_distant_context,South of,East of,Milwaukee is BLANK Ali. Ali turns left. Milwaukee is South of Ali.,5d911c67-0b83-55ee-8134-8ce38b110d99,base
A1G6F1HWIS2K2K,1,8,context,1,geocentric_distant,geocentric_distant_context,South of,West of,Milwaukee is BLANK Ali. Ali turns right. Milwaukee is South of Ali.,bf2af8a4-eb41-5828-869b-c6b1138f2890,base
A1HNNX44U3OF0X,1,8,context,1,geocentric_distant,geocentric_distant_context,South of,West of,Milwaukee is BLANK Ali. Ali turns right. Milwaukee is South of Ali.,bf2af8a4-eb41-5828-869b-c6b1138f2890,base
A1JI19KPIVNL3Y,1,8,context,1,geocentric_distant,geocentric_distant_context,South of,West of,Milwaukee is BLANK Ali. Ali turns right. Milwaukee is South of Ali.,bf2af8a4-eb41-5828-869b-c6b1138f2890,base
A1MN2PWAV10VAB,1,8,context,1,geocentric_distant,geocentric_distant_context,South of,West of,Milwaukee is BLANK Ali. Ali turns right. Milwaukee is South of Ali.,bf2af8a4-eb41-5828-869b-c6b1138f2890,base
A26NGLGGFTATVN,1,8,context,0,geocentric_distant,geocentric_distant_context,South of,West of,Milwaukee is BLANK Ali. Ali turns right. Milwaukee is South of Ali.,bf2af8a4-eb41-5828-869b-c6b1138f2890,base
A27HVVLSZZ13XK,1,8,context,0,geocentric_distant,geocentric_distant_context,South of,West of,Milwaukee is BLANK Ali. Ali turns right. Milwaukee is South of Ali.,bf2af8a4-eb41-5828-869b-c6b1138f2890,base
A2EIIVAAENPBSA,1,8,context,0,geocentric_distant,geocentric_distant_context,South of,West of,Milwaukee is BLANK Ali. Ali turns right. Milwaukee is South of Ali.,bf2af8a4-eb41-5828-869b-c6b1138f2890,base
A2ISDU1AXUHR4N,1,8,context,1,geocentric_distant,geocentric_distant_context,South of,West of,Milwaukee is BLANK Ali. Ali turns right. Milwaukee is South of Ali.,bf2af8a4-eb41-5828-869b-c6b1138f2890,base
A2QPMJ4GADLUW2,1,8,context,0,geocentric_distant,geocentric_distant_context,South of,West of,Milwaukee is BLANK Ali. Ali turns right. Milwaukee is South of Ali.,bf2af8a4-eb41-5828-869b-c6b1138f2890,base
A301GNFG8W711Q,1,8,context,1,geocentric_distant,geocentric_distant_context,South of,West of,Milwaukee is BLANK Ali. Ali turns right. Milwaukee is South of Ali.,bf2af8a4-eb41-5828-869b-c6b1138f2890,base
A3CCFD0700KTPV,1,8,context,1,geocentric_distant,geocentric_distant_context,South of,West of,Milwaukee is BLANK Ali. Ali turns right. Milwaukee is South of Ali.,bf2af8a4-eb41-5828-869b-c6b1138f2890,base
A3MELYYGRJ61SX,1,8,context,0,geocentric_distant,geocentric_distant_context,South of,West of,Milwaukee is BLANK Ali. Ali turns right. Milwaukee is South of Ali.,bf2af8a4-eb41-5828-869b-c6b1138f2890,base
A70TBKPGWQZO4,1,8,context,0,geocentric_distant,geocentric_distant_context,South of,West of,Milwaukee is BLANK Ali. Ali turns right. Milwaukee is South of Ali.,bf2af8a4-eb41-5828-869b-c6b1138f2890,base
A8V0L2YF8U6OX,1,8,context,0,geocentric_distant,geocentric_distant_context,South of,West of,Milwaukee is BLANK Ali. Ali turns right. Milwaukee is South of Ali.,bf2af8a4-eb41-5828-869b-c6b1138f2890,base
AJZRDVBZ6TKGH,1,8,context,0,geocentric_distant,geocentric_distant_context,South of,West of,Milwaukee is BLANK Ali. Ali turns right. Milwaukee is South of Ali.,bf2af8a4-eb41-5828-869b-c6b1138f2890,base
A1G6F1HWIS2K2K,1,8,context,1,state_nonfollows,state_nonfollows_context,full,empty,The BLANK glass is on the table. Ali knocks the glass over. The table is wet.,18fd4f96-f731-5104-8f7b-f30219942210,base
A1HNNX44U3OF0X,1,8,context,1,state_nonfollows,state_nonfollows_context,full,empty,The BLANK glass is on the table. Ali knocks the glass over. The table is wet.,18fd4f96-f731-5104-8f7b-f30219942210,base
A1JI19KPIVNL3Y,1,8,context,1,state_nonfollows,state_nonfollows_context,full,empty,The BLANK glass is on the table. Ali knocks the glass over. The table is wet.,18fd4f96-f731-5104-8f7b-f30219942210,base
A1MN2PWAV10VAB,1,8,context,1,state_nonfollows,state_nonfollows_context,full,empty,The BLANK glass is on the table. Ali knocks the glass over. The table is wet.,18fd4f96-f731-5104-8f7b-f30219942210,base
A26NGLGGFTATVN,1,8,context,1,state_nonfollows,state_nonfollows_context,full,empty,The BLANK glass is on the table. Ali knocks the glass over. The table is wet.,18fd4f96-f731-5104-8f7b-f30219942210,base
A27HVVLSZZ13XK,1,8,context,1,state_nonfollows,state_nonfollows_context,full,empty,The BLANK glass is on the table. Ali knocks the glass over. The table is wet.,18fd4f96-f731-5104-8f7b-f30219942210,base
A2EIIVAAENPBSA,1,8,context,1,state_nonfollows,state_nonfollows_context,full,empty,The BLANK glass is on the table. Ali knocks the glass over. The table is wet.,18fd4f96-f731-5104-8f7b-f30219942210,base
A2ISDU1AXUHR4N,1,8,context,1,state_nonfollows,state_nonfollows_context,full,empty,The BLANK glass is on the table. Ali knocks the glass over. The table is wet.,18fd4f96-f731-5104-8f7b-f30219942210,base
A2QPMJ4GADLUW2,1,8,context,1,state_nonfollows,state_nonfollows_context,full,empty,The BLANK glass is on the table. Ali knocks the glass over. The table is wet.,18fd4f96-f731-5104-8f7b-f30219942210,base
A301GNFG8W711Q,1,8,context,1,state_nonfollows,state_nonfollows_context,full,empty,The BLANK glass is on the table. Ali knocks the glass over. The table is wet.,18fd4f96-f731-5104-8f7b-f30219942210,base
A3CCFD0700KTPV,1,8,context,1,state_nonfollows,state_nonfollows_context,full,empty,The BLANK glass is on the table. Ali knocks the glass over. The table is wet.,18fd4f96-f731-5104-8f7b-f30219942210,base
A3MELYYGRJ61SX,1,8,context,1,state_nonfollows,state_nonfollows_context,full,empty,The BLANK glass is on the table. Ali knocks the glass over. The table is wet.,18fd4f96-f731-5104-8f7b-f30219942210,base
A70TBKPGWQZO4,1,8,context,1,state_nonfollows,state_nonfollows_context,full,empty,The BLANK glass is on the table. Ali knocks the glass over. The table is wet.,18fd4f96-f731-5104-8f7b-f30219942210,base
A8V0L2YF8U6OX,1,8,context,1,state_nonfollows,state_nonfollows_context,full,empty,The BLANK glass is on the table. Ali knocks the glass over. The table is wet.,18fd4f96-f731-5104-8f7b-f30219942210,base
AJZRDVBZ6TKGH,1,8,context,0,state_nonfollows,state_nonfollows_context,full,empty,The BLANK glass is on the table. Ali knocks the glass over. The table is wet.,18fd4f96-f731-5104-8f7b-f30219942210,base
A1G6F1HWIS2K2K,1,8,context,1,state_follows,state_follows_context,refrigerator,oven,The apple is in the bucket. Ali puts the apple in the BLANK. The apple gets colder.,a6df9052-3321-5ab3-8ed8-cc749672c34b,base
A1HNNX44U3OF0X,1,8,context,1,state_follows,state_follows_context,refrigerator,oven,The apple is in the bucket. Ali puts the apple in the BLANK. The apple gets colder.,a6df9052-3321-5ab3-8ed8-cc749672c34b,base
A1JI19KPIVNL3Y,1,8,context,1,state_follows,state_follows_context,refrigerator,oven,The apple is in the bucket. Ali puts the apple in the BLANK. The apple gets colder.,a6df9052-3321-5ab3-8ed8-cc749672c34b,base
A1MN2PWAV10VAB,1,8,context,1,state_follows,state_follows_context,refrigerator,oven,The apple is in the bucket. Ali puts the apple in the BLANK. The apple gets colder.,a6df9052-3321-5ab3-8ed8-cc749672c34b,base
A26NGLGGFTATVN,1,8,context,1,state_follows,state_follows_context,refrigerator,oven,The apple is in the bucket. Ali puts the apple in the BLANK. The apple gets colder.,a6df9052-3321-5ab3-8ed8-cc749672c34b,base
A27HVVLSZZ13XK,1,8,context,1,state_follows,state_follows_context,refrigerator,oven,The apple is in the bucket. Ali puts the apple in the BLANK. The apple gets colder.,a6df9052-3321-5ab3-8ed8-cc749672c34b,base
A2EIIVAAENPBSA,1,8,context,1,state_follows,state_follows_context,refrigerator,oven,The apple is in the bucket. Ali puts the apple in the BLANK. The apple gets colder.,a6df9052-3321-5ab3-8ed8-cc749672c34b,base
A2ISDU1AXUHR4N,1,8,context,1,state_follows,state_follows_context,refrigerator,oven,The apple is in the bucket. Ali puts the apple in the BLANK. The apple gets colder.,a6df9052-3321-5ab3-8ed8-cc749672c34b,base
A2QPMJ4GADLUW2,1,8,context,1,state_follows,state_follows_context,refrigerator,oven,The apple is in the bucket. Ali puts the apple in the BLANK. The apple gets colder.,a6df9052-3321-5ab3-8ed8-cc749672c34b,base
A301GNFG8W711Q,1,8,context,1,state_follows,state_follows_context,refrigerator,oven,The apple is in the bucket. Ali puts the apple in the BLANK. The apple gets colder.,a6df9052-3321-5ab3-8ed8-cc749672c34b,base
A3CCFD0700KTPV,1,8,context,1,state_follows,state_follows_context,refrigerator,oven,The apple is in the bucket. Ali puts the apple in the BLANK. The apple gets colder.,a6df9052-3321-5ab3-8ed8-cc749672c34b,base
A3MELYYGRJ61SX,1,8,context,1,state_follows,state_follows_context,refrigerator,oven,The apple is in the bucket. Ali puts the apple in the BLANK. The apple gets colder.,a6df9052-3321-5ab3-8ed8-cc749672c34b,base
A70TBKPGWQZO4,1,8,context,1,state_follows,state_follows_context,refrigerator,oven,The apple is in the bucket. Ali puts the apple in the BLANK. The apple gets colder.,a6df9052-3321-5ab3-8ed8-cc749672c34b,base
A8V0L2YF8U6OX,1,8,context,1,state_follows,state_follows_context,refrigerator,oven,The apple is in the bucket. Ali puts the apple in the BLANK. The apple gets colder.,a6df9052-3321-5ab3-8ed8-cc749672c34b,base
AJZRDVBZ6TKGH,1,8,context,1,state_follows,state_follows_context,refrigerator,oven,The apple is in the bucket. Ali puts the apple in the BLANK. The apple gets colder.,a6df9052-3321-5ab3-8ed8-cc749672c34b,base
A1G6F1HWIS2K2K,1,8,context,1,relative_pos,relative_pos_context,ball,box,The ball and the box are on the floor. Ali picks up the BLANK. The ball is higher than the box.,c5217fcd-1d80-5978-8feb-e7463101610a,base
A1HNNX44U3OF0X,1,8,context,1,relative_pos,relative_pos_context,ball,box,The ball and the box are on the floor. Ali picks up the BLANK. The ball is higher than the box.,c5217fcd-1d80-5978-8feb-e7463101610a,base
A1JI19KPIVNL3Y,1,8,context,1,relative_pos,relative_pos_context,ball,box,The ball and the box are on the floor. Ali picks up the BLANK. The ball is higher than the box.,c5217fcd-1d80-5978-8feb-e7463101610a,base
A1MN2PWAV10VAB,1,8,context,1,relative_pos,relative_pos_context,ball,box,The ball and the box are on the floor. Ali picks up the BLANK. The ball is higher than the box.,c5217fcd-1d80-5978-8feb-e7463101610a,base
A26NGLGGFTATVN,1,8,context,1,relative_pos,relative_pos_context,ball,box,The ball and the box are on the floor. Ali picks up the BLANK. The ball is higher than the box.,c5217fcd-1d80-5978-8feb-e7463101610a,base
A27HVVLSZZ13XK,1,8,context,1,relative_pos,relative_pos_context,ball,box,The ball and the box are on the floor. Ali picks up the BLANK. The ball is higher than the box.,c5217fcd-1d80-5978-8feb-e7463101610a,base
A2EIIVAAENPBSA,1,8,context,1,relative_pos,relative_pos_context,ball,box,The ball and the box are on the floor. Ali picks up the BLANK. The ball is higher than the box.,c5217fcd-1d80-5978-8feb-e7463101610a,base
A2ISDU1AXUHR4N,1,8,context,1,relative_pos,relative_pos_context,ball,box,The ball and the box are on the floor. Ali picks up the BLANK. The ball is higher than the box.,c5217fcd-1d80-5978-8feb-e7463101610a,base
A2QPMJ4GADLUW2,1,8,context,1,relative_pos,relative_pos_context,ball,box,The ball and the box are on the floor. Ali picks up the BLANK. The ball is higher than the box.,c5217fcd-1d80-5978-8feb-e7463101610a,base
A301GNFG8W711Q,1,8,context,1,relative_pos,relative_pos_context,ball,box,The ball and the box are on the floor. Ali picks up the BLANK. The ball is higher than the box.,c5217fcd-1d80-5978-8feb-e7463101610a,base
A3CCFD0700KTPV,1,8,context,1,relative_pos,relative_pos_context,ball,box,The ball and the box are on the floor. Ali picks up the BLANK. The ball is higher than the box.,c5217fcd-1d80-5978-8feb-e7463101610a,base
A3MELYYGRJ61SX,1,8,context,1,relative_pos,relative_pos_context,ball,box,The ball and the box are on the floor. Ali picks up the BLANK. The ball is higher than the box.,c5217fcd-1d80-5978-8feb-e7463101610a,base
A70TBKPGWQZO4,1,8,context,1,relative_pos,relative_pos_context,ball,box,The ball and the box are on the floor. Ali picks up the BLANK. The ball is higher than the box.,c5217fcd-1d80-5978-8feb-e7463101610a,base
A8V0L2YF8U6OX,1,8,context,1,relative_pos,relative_pos_context,ball,box,The ball and the box are on the floor. Ali picks up the BLANK. The ball is higher than the box.,c5217fcd-1d80-5978-8feb-e7463101610a,base
AJZRDVBZ6TKGH,1,8,context,1,relative_pos,relative_pos_context,ball,box,The ball and the box are on the floor. Ali picks up the BLANK. The ball is higher than the box.,c5217fcd-1d80-5978-8feb-e7463101610a,base
A1G6F1HWIS2K2K,1,8,context,1,action_nonfollows,action_nonfollows_context,inside,outside,The ball is BLANK the box. Ali pushes the box forward. The ball is inside the box.,a4774963-8e72-50a3-bd53-59fc8a24d0f9,base
A1HNNX44U3OF0X,1,8,context,1,action_nonfollows,action_nonfollows_context,inside,outside,The ball is BLANK the box. Ali pushes the box forward. The ball is inside the box.,a4774963-8e72-50a3-bd53-59fc8a24d0f9,base
A1JI19KPIVNL3Y,1,8,context,1,action_nonfollows,action_nonfollows_context,inside,outside,The ball is BLANK the box. Ali pushes the box forward. The ball is inside the box.,a4774963-8e72-50a3-bd53-59fc8a24d0f9,base
A1MN2PWAV10VAB,1,8,context,0,action_nonfollows,action_nonfollows_context,inside,outside,The ball is BLANK the box. Ali pushes the box forward. The ball is inside the box.,a4774963-8e72-50a3-bd53-59fc8a24d0f9,base
A26NGLGGFTATVN,1,8,context,0,action_nonfollows,action_nonfollows_context,inside,outside,The ball is BLANK the box. Ali pushes the box forward. The ball is inside the box.,a4774963-8e72-50a3-bd53-59fc8a24d0f9,base
A27HVVLSZZ13XK,1,8,context,1,action_nonfollows,action_nonfollows_context,inside,outside,The ball is BLANK the box. Ali pushes the box forward. The ball is inside the box.,a4774963-8e72-50a3-bd53-59fc8a24d0f9,base
A2EIIVAAENPBSA,1,8,context,1,action_nonfollows,action_nonfollows_context,inside,outside,The ball is BLANK the box. Ali pushes the box forward. The ball is inside the box.,a4774963-8e72-50a3-bd53-59fc8a24d0f9,base
A2ISDU1AXUHR4N,1,8,context,1,action_nonfollows,action_nonfollows_context,inside,outside,The ball is BLANK the box. Ali pushes the box forward. The ball is inside the box.,a4774963-8e72-50a3-bd53-59fc8a24d0f9,base
A2QPMJ4GADLUW2,1,8,context,1,action_nonfollows,action_nonfollows_context,inside,outside,The ball is BLANK the box. Ali pushes the box forward. The ball is inside the box.,a4774963-8e72-50a3-bd53-59fc8a24d0f9,base
A301GNFG8W711Q,1,8,context,1,action_nonfollows,action_nonfollows_context,inside,outside,The ball is BLANK the box. Ali pushes the box forward. The ball is inside the box.,a4774963-8e72-50a3-bd53-59fc8a24d0f9,base
A3CCFD0700KTPV,1,8,context,1,action_nonfollows,action_nonfollows_context,inside,outside,The ball is BLANK the box. Ali pushes the box forward. The ball is inside the box.,a4774963-8e72-50a3-bd53-59fc8a24d0f9,base
A3MELYYGRJ61SX,1,8,context,1,action_nonfollows,action_nonfollows_context,inside,outside,The ball is BLANK the box. Ali pushes the box forward. The ball is inside the box.,a4774963-8e72-50a3-bd53-59fc8a24d0f9,base
A70TBKPGWQZO4,1,8,context,0,action_nonfollows,action_nonfollows_context,inside,outside,The ball is BLANK the box. Ali pushes the box forward. The ball is inside the box.,a4774963-8e72-50a3-bd53-59fc8a24d0f9,base
A8V0L2YF8U6OX,1,8,context,1,action_nonfollows,action_nonfollows_context,inside,outside,The ball is BLANK the box. Ali pushes the box forward. The ball is inside the box.,a4774963-8e72-50a3-bd53-59fc8a24d0f9,base
AJZRDVBZ6TKGH,1,8,context,0,action_nonfollows,action_nonfollows_context,inside,outside,The ball is BLANK the box. Ali pushes the box forward. The ball is inside the box.,a4774963-8e72-50a3-bd53-59fc8a24d0f9,base
A1G6F1HWIS2K2K,1,8,context,0,action_nonfollows,action_nonfollows_context,box,ball,The ball is close to Ali. Ali throws the BLANK. The ball is close to Ali.,f7802c6b-6603-57cf-876b-586d4f097a2f,base
A1HNNX44U3OF0X,1,8,context,0,action_nonfollows,action_nonfollows_context,box,ball,The ball is close to Ali. Ali throws the BLANK. The ball is close to Ali.,f7802c6b-6603-57cf-876b-586d4f097a2f,base
A1JI19KPIVNL3Y,1,8,context,0,action_nonfollows,action_nonfollows_context,box,ball,The ball is close to Ali. Ali throws the BLANK. The ball is close to Ali.,f7802c6b-6603-57cf-876b-586d4f097a2f,base
A1MN2PWAV10VAB,1,8,context,0,action_nonfollows,action_nonfollows_context,box,ball,The ball is close to Ali. Ali throws the BLANK. The ball is close to Ali.,f7802c6b-6603-57cf-876b-586d4f097a2f,base
A26NGLGGFTATVN,1,8,context,0,action_nonfollows,action_nonfollows_context,box,ball,The ball is close to Ali. Ali throws the BLANK. The ball is close to Ali.,f7802c6b-6603-57cf-876b-586d4f097a2f,base
A27HVVLSZZ13XK,1,8,context,1,action_nonfollows,action_nonfollows_context,box,ball,The ball is close to Ali. Ali throws the BLANK. The ball is close to Ali.,f7802c6b-6603-57cf-876b-586d4f097a2f,base
A2EIIVAAENPBSA,1,8,context,0,action_nonfollows,action_nonfollows_context,box,ball,The ball is close to Ali. Ali throws the BLANK. The ball is close to Ali.,f7802c6b-6603-57cf-876b-586d4f097a2f,base
A2ISDU1AXUHR4N,1,8,context,1,action_nonfollows,action_nonfollows_context,box,ball,The ball is close to Ali. Ali throws the BLANK. The ball is close to Ali.,f7802c6b-6603-57cf-876b-586d4f097a2f,base
A2QPMJ4GADLUW2,1,8,context,0,action_nonfollows,action_nonfollows_context,box,ball,The ball is close to Ali. Ali throws the BLANK. The ball is close to Ali.,f7802c6b-6603-57cf-876b-586d4f097a2f,base
A301GNFG8W711Q,1,8,context,1,action_nonfollows,action_nonfollows_context,box,ball,The ball is close to Ali. Ali throws the BLANK. The ball is close to Ali.,f7802c6b-6603-57cf-876b-586d4f097a2f,base
A3CCFD0700KTPV,1,8,context,1,action_nonfollows,action_nonfollows_context,box,ball,The ball is close to Ali. Ali throws the BLANK. The ball is close to Ali.,f7802c6b-6603-57cf-876b-586d4f097a2f,base
A3MELYYGRJ61SX,1,8,context,0,action_nonfollows,action_nonfollows_context,box,ball,The ball is close to Ali. Ali throws the BLANK. The ball is close to Ali.,f7802c6b-6603-57cf-876b-586d4f097a2f,base
A70TBKPGWQZO4,1,8,context,0,action_nonfollows,action_nonfollows_context,box,ball,The ball is close to Ali. Ali throws the BLANK. The ball is close to Ali.,f7802c6b-6603-57cf-876b-586d4f097a2f,base
A8V0L2YF8U6OX,1,8,context,0,action_nonfollows,action_nonfollows_context,box,ball,The ball is close to Ali. Ali throws the BLANK. The ball is close to Ali.,f7802c6b-6603-57cf-876b-586d4f097a2f,base
AJZRDVBZ6TKGH,1,8,context,0,action_nonfollows,action_nonfollows_context,box,ball,The ball is close to Ali. Ali throws the BLANK. The ball is close to Ali.,f7802c6b-6603-57cf-876b-586d4f097a2f,base
A1G6F1HWIS2K2K,1,8,context,1,action_follows,action_follows_context,box,ball,The ball is in the box. Ali moves the BLANK. The ball moves.,56a826d0-e33b-54f8-ad99-b5f51dd66c59,base
A1HNNX44U3OF0X,1,8,context,1,action_follows,action_follows_context,box,ball,The ball is in the box. Ali moves the BLANK. The ball moves.,56a826d0-e33b-54f8-ad99-b5f51dd66c59,base
A1JI19KPIVNL3Y,1,8,context,1,action_follows,action_follows_context,box,ball,The ball is in the box. Ali moves the BLANK. The ball moves.,56a826d0-e33b-54f8-ad99-b5f51dd66c59,base
A1MN2PWAV10VAB,1,8,context,1,action_follows,action_follows_context,box,ball,The ball is in the box. Ali moves the BLANK. The ball moves.,56a826d0-e33b-54f8-ad99-b5f51dd66c59,base
A26NGLGGFTATVN,1,8,context,1,action_follows,action_follows_context,box,ball,The ball is in the box. Ali moves the BLANK. The ball moves.,56a826d0-e33b-54f8-ad99-b5f51dd66c59,base
A27HVVLSZZ13XK,1,8,context,1,action_follows,action_follows_context,box,ball,The ball is in the box. Ali moves the BLANK. The ball moves.,56a826d0-e33b-54f8-ad99-b5f51dd66c59,base
A2EIIVAAENPBSA,1,8,context,1,action_follows,action_follows_context,box,ball,The ball is in the box. Ali moves the BLANK. The ball moves.,56a826d0-e33b-54f8-ad99-b5f51dd66c59,base
A2ISDU1AXUHR4N,1,8,context,1,action_follows,action_follows_context,box,ball,The ball is in the box. Ali moves the BLANK. The ball moves.,56a826d0-e33b-54f8-ad99-b5f51dd66c59,base
A2QPMJ4GADLUW2,1,8,context,1,action_follows,action_follows_context,box,ball,The ball is in the box. Ali moves the BLANK. The ball moves.,56a826d0-e33b-54f8-ad99-b5f51dd66c59,base
A301GNFG8W711Q,1,8,context,1,action_follows,action_follows_context,box,ball,The ball is in the box. Ali moves the BLANK. The ball moves.,56a826d0-e33b-54f8-ad99-b5f51dd66c59,base
A3CCFD0700KTPV,1,8,context,1,action_follows,action_follows_context,box,ball,The ball is in the box. Ali moves the BLANK. The ball moves.,56a826d0-e33b-54f8-ad99-b5f51dd66c59,base
A3MELYYGRJ61SX,1,8,context,1,action_follows,action_follows_context,box,ball,The ball is in the box. Ali moves the BLANK. The ball moves.,56a826d0-e33b-54f8-ad99-b5f51dd66c59,base
A70TBKPGWQZO4,1,8,context,1,action_follows,action_follows_context,box,ball,The ball is in the box. Ali moves the BLANK. The ball moves.,56a826d0-e33b-54f8-ad99-b5f51dd66c59,base
A8V0L2YF8U6OX,1,8,context,1,action_follows,action_follows_context,box,ball,The ball is in the box. Ali moves the BLANK. The ball moves.,56a826d0-e33b-54f8-ad99-b5f51dd66c59,base
AJZRDVBZ6TKGH,1,8,context,1,action_follows,action_follows_context,box,ball,The ball is in the box. Ali moves the BLANK. The ball moves.,56a826d0-e33b-54f8-ad99-b5f51dd66c59,base
A1G6F1HWIS2K2K,1,8,context,1,relative_pos,relative_pos_context,ball inside the box,box inside the ball,The ball is next to the box. Ali puts the BLANK. The ball is smaller than the box.,6d06a090-d88e-577d-975c-3477515881a9,base
A1HNNX44U3OF0X,1,8,context,1,relative_pos,relative_pos_context,ball inside the box,box inside the ball,The ball is next to the box. Ali puts the BLANK. The ball is smaller than the box.,6d06a090-d88e-577d-975c-3477515881a9,base
A1JI19KPIVNL3Y,1,8,context,1,relative_pos,relative_pos_context,ball inside the box,box inside the ball,The ball is next to the box. Ali puts the BLANK. The ball is smaller than the box.,6d06a090-d88e-577d-975c-3477515881a9,base
A1MN2PWAV10VAB,1,8,context,1,relative_pos,relative_pos_context,ball inside the box,box inside the ball,The ball is next to the box. Ali puts the BLANK. The ball is smaller than the box.,6d06a090-d88e-577d-975c-3477515881a9,base
A26NGLGGFTATVN,1,8,context,1,relative_pos,relative_pos_context,ball inside the box,box inside the ball,The ball is next to the box. Ali puts the BLANK. The ball is smaller than the box.,6d06a090-d88e-577d-975c-3477515881a9,base
A27HVVLSZZ13XK,1,8,context,1,relative_pos,relative_pos_context,ball inside the box,box inside the ball,The ball is next to the box. Ali puts the BLANK. The ball is smaller than the box.,6d06a090-d88e-577d-975c-3477515881a9,base
A2EIIVAAENPBSA,1,8,context,1,relative_pos,relative_pos_context,ball inside the box,box inside the ball,The ball is next to the box. Ali puts the BLANK. The ball is smaller than the box.,6d06a090-d88e-577d-975c-3477515881a9,base
A2ISDU1AXUHR4N,1,8,context,1,relative_pos,relative_pos_context,ball inside the box,box inside the ball,The ball is next to the box. Ali puts the BLANK. The ball is smaller than the box.,6d06a090-d88e-577d-975c-3477515881a9,base
A2QPMJ4GADLUW2,1,8,context,1,relative_pos,relative_pos_context,ball inside the box,box inside the ball,The ball is next to the box. Ali puts the BLANK. The ball is smaller than the box.,6d06a090-d88e-577d-975c-3477515881a9,base
A301GNFG8W711Q,1,8,context,1,relative_pos,relative_pos_context,ball inside the box,box inside the ball,The ball is next to the box. Ali puts the BLANK. The ball is smaller than the box.,6d06a090-d88e-577d-975c-3477515881a9,base
A3CCFD0700KTPV,1,8,context,1,relative_pos,relative_pos_context,ball inside the box,box inside the ball,The ball is next to the box. Ali puts the BLANK. The ball is smaller than the box.,6d06a090-d88e-577d-975c-3477515881a9,base
A3MELYYGRJ61SX,1,8,context,1,relative_pos,relative_pos_context,ball inside the box,box inside the ball,The ball is next to the box. Ali puts the BLANK. The ball is smaller than the box.,6d06a090-d88e-577d-975c-3477515881a9,base
A70TBKPGWQZO4,1,8,context,1,relative_pos,relative_pos_context,ball inside the box,box inside the ball,The ball is next to the box. Ali puts the BLANK. The ball is smaller than the box.,6d06a090-d88e-577d-975c-3477515881a9,base
A8V0L2YF8U6OX,1,8,context,1,relative_pos,relative_pos_context,ball inside the box,box inside the ball,The ball is next to the box. Ali puts the BLANK. The ball is smaller than the box.,6d06a090-d88e-577d-975c-3477515881a9,base
AJZRDVBZ6TKGH,1,8,context,1,relative_pos,relative_pos_context,ball inside the box,box inside the ball,The ball is next to the box. Ali puts the BLANK. The ball is smaller than the box.,6d06a090-d88e-577d-975c-3477515881a9,base
A1G6F1HWIS2K2K,1,8,context,1,action_follows,action_follows_context,tilts,doesn't tilt,The ball is on the table. Ali BLANK the table. The ball rolls.,1433913f-fb9d-548c-a44a-2eedcf2f15f0,base
A1HNNX44U3OF0X,1,8,context,1,action_follows,action_follows_context,tilts,doesn't tilt,The ball is on the table. Ali BLANK the table. The ball rolls.,1433913f-fb9d-548c-a44a-2eedcf2f15f0,base
A1JI19KPIVNL3Y,1,8,context,1,action_follows,action_follows_context,tilts,doesn't tilt,The ball is on the table. Ali BLANK the table. The ball rolls.,1433913f-fb9d-548c-a44a-2eedcf2f15f0,base
A1MN2PWAV10VAB,1,8,context,1,action_follows,action_follows_context,tilts,doesn't tilt,The ball is on the table. Ali BLANK the table. The ball rolls.,1433913f-fb9d-548c-a44a-2eedcf2f15f0,base
A26NGLGGFTATVN,1,8,context,1,action_follows,action_follows_context,tilts,doesn't tilt,The ball is on the table. Ali BLANK the table. The ball rolls.,1433913f-fb9d-548c-a44a-2eedcf2f15f0,base
A27HVVLSZZ13XK,1,8,context,1,action_follows,action_follows_context,tilts,doesn't tilt,The ball is on the table. Ali BLANK the table. The ball rolls.,1433913f-fb9d-548c-a44a-2eedcf2f15f0,base
A2EIIVAAENPBSA,1,8,context,1,action_follows,action_follows_context,tilts,doesn't tilt,The ball is on the table. Ali BLANK the table. The ball rolls.,1433913f-fb9d-548c-a44a-2eedcf2f15f0,base
A2ISDU1AXUHR4N,1,8,context,1,action_follows,action_follows_context,tilts,doesn't tilt,The ball is on the table. Ali BLANK the table. The ball rolls.,1433913f-fb9d-548c-a44a-2eedcf2f15f0,base
A2QPMJ4GADLUW2,1,8,context,1,action_follows,action_follows_context,tilts,doesn't tilt,The ball is on the table. Ali BLANK the table. The ball rolls.,1433913f-fb9d-548c-a44a-2eedcf2f15f0,base
A301GNFG8W711Q,1,8,context,1,action_follows,action_follows_context,tilts,doesn't tilt,The ball is on the table. Ali BLANK the table. The ball rolls.,1433913f-fb9d-548c-a44a-2eedcf2f15f0,base
A3CCFD0700KTPV,1,8,context,1,action_follows,action_follows_context,tilts,doesn't tilt,The ball is on the table. Ali BLANK the table. The ball rolls.,1433913f-fb9d-548c-a44a-2eedcf2f15f0,base
A3MELYYGRJ61SX,1,8,context,1,action_follows,action_follows_context,tilts,doesn't tilt,The ball is on the table. Ali BLANK the table. The ball rolls.,1433913f-fb9d-548c-a44a-2eedcf2f15f0,base
A70TBKPGWQZO4,1,8,context,1,action_follows,action_follows_context,tilts,doesn't tilt,The ball is on the table. Ali BLANK the table. The ball rolls.,1433913f-fb9d-548c-a44a-2eedcf2f15f0,base
A8V0L2YF8U6OX,1,8,context,1,action_follows,action_follows_context,tilts,doesn't tilt,The ball is on the table. Ali BLANK the table. The ball rolls.,1433913f-fb9d-548c-a44a-2eedcf2f15f0,base
AJZRDVBZ6TKGH,1,8,context,0,action_follows,action_follows_context,tilts,doesn't tilt,The ball is on the table. Ali BLANK the table. The ball rolls.,1433913f-fb9d-548c-a44a-2eedcf2f15f0,base
A1G6F1HWIS2K2K,1,8,context,0,action_follows,action_follows_context,on,under,The book is BLANK the table. Ali moves the table. The book moves.,75bf129d-691c-5bfd-b631-31b459e380f8,base
A1HNNX44U3OF0X,1,8,context,1,action_follows,action_follows_context,on,under,The book is BLANK the table. Ali moves the table. The book moves.,75bf129d-691c-5bfd-b631-31b459e380f8,base
A1JI19KPIVNL3Y,1,8,context,1,action_follows,action_follows_context,on,under,The book is BLANK the table. Ali moves the table. The book moves.,75bf129d-691c-5bfd-b631-31b459e380f8,base
A1MN2PWAV10VAB,1,8,context,1,action_follows,action_follows_context,on,under,The book is BLANK the table. Ali moves the table. The book moves.,75bf129d-691c-5bfd-b631-31b459e380f8,base
A26NGLGGFTATVN,1,8,context,1,action_follows,action_follows_context,on,under,The book is BLANK the table. Ali moves the table. The book moves.,75bf129d-691c-5bfd-b631-31b459e380f8,base
A27HVVLSZZ13XK,1,8,context,1,action_follows,action_follows_context,on,under,The book is BLANK the table. Ali moves the table. The book moves.,75bf129d-691c-5bfd-b631-31b459e380f8,base
A2EIIVAAENPBSA,1,8,context,1,action_follows,action_follows_context,on,under,The book is BLANK the table. Ali moves the table. The book moves.,75bf129d-691c-5bfd-b631-31b459e380f8,base
A2ISDU1AXUHR4N,1,8,context,1,action_follows,action_follows_context,on,under,The book is BLANK the table. Ali moves the table. The book moves.,75bf129d-691c-5bfd-b631-31b459e380f8,base
A2QPMJ4GADLUW2,1,8,context,1,action_follows,action_follows_context,on,under,The book is BLANK the table. Ali moves the table. The book moves.,75bf129d-691c-5bfd-b631-31b459e380f8,base
A301GNFG8W711Q,1,8,context,1,action_follows,action_follows_context,on,under,The book is BLANK the table. Ali moves the table. The book moves.,75bf129d-691c-5bfd-b631-31b459e380f8,base
A3CCFD0700KTPV,1,8,context,1,action_follows,action_follows_context,on,under,The book is BLANK the table. Ali moves the table. The book moves.,75bf129d-691c-5bfd-b631-31b459e380f8,base
A3MELYYGRJ61SX,1,8,context,1,action_follows,action_follows_context,on,under,The book is BLANK the table. Ali moves the table. The book moves.,75bf129d-691c-5bfd-b631-31b459e380f8,base
A70TBKPGWQZO4,1,8,context,1,action_follows,action_follows_context,on,under,The book is BLANK the table. Ali moves the table. The book moves.,75bf129d-691c-5bfd-b631-31b459e380f8,base
A8V0L2YF8U6OX,1,8,context,1,action_follows,action_follows_context,on,under,The book is BLANK the table. Ali moves the table. The book moves.,75bf129d-691c-5bfd-b631-31b459e380f8,base
AJZRDVBZ6TKGH,1,8,context,1,action_follows,action_follows_context,on,under,The book is BLANK the table. Ali moves the table. The book moves.,75bf129d-691c-5bfd-b631-31b459e380f8,base
A1G6F1HWIS2K2K,1,8,context,1,action_follows,action_follows_context,shelf,lamp,The book is on the shelf. Ali bumps the BLANK. The book falls off the shelf.,397ab967-a7a8-5391-b744-75cb3c3e4477,base
A1HNNX44U3OF0X,1,8,context,1,action_follows,action_follows_context,shelf,lamp,The book is on the shelf. Ali bumps the BLANK. The book falls off the shelf.,397ab967-a7a8-5391-b744-75cb3c3e4477,base
A1JI19KPIVNL3Y,1,8,context,1,action_follows,action_follows_context,shelf,lamp,The book is on the shelf. Ali bumps the BLANK. The book falls off the shelf.,397ab967-a7a8-5391-b744-75cb3c3e4477,base
A1MN2PWAV10VAB,1,8,context,1,action_follows,action_follows_context,shelf,lamp,The book is on the shelf. Ali bumps the BLANK. The book falls off the shelf.,397ab967-a7a8-5391-b744-75cb3c3e4477,base
A26NGLGGFTATVN,1,8,context,1,action_follows,action_follows_context,shelf,lamp,The book is on the shelf. Ali bumps the BLANK. The book falls off the shelf.,397ab967-a7a8-5391-b744-75cb3c3e4477,base
A27HVVLSZZ13XK,1,8,context,1,action_follows,action_follows_context,shelf,lamp,The book is on the shelf. Ali bumps the BLANK. The book falls off the shelf.,397ab967-a7a8-5391-b744-75cb3c3e4477,base
A2EIIVAAENPBSA,1,8,context,1,action_follows,action_follows_context,shelf,lamp,The book is on the shelf. Ali bumps the BLANK. The book falls off the shelf.,397ab967-a7a8-5391-b744-75cb3c3e4477,base
A2ISDU1AXUHR4N,1,8,context,1,action_follows,action_follows_context,shelf,lamp,The book is on the shelf. Ali bumps the BLANK. The book falls off the shelf.,397ab967-a7a8-5391-b744-75cb3c3e4477,base
A2QPMJ4GADLUW2,1,8,context,1,action_follows,action_follows_context,shelf,lamp,The book is on the shelf. Ali bumps the BLANK. The book falls off the shelf.,397ab967-a7a8-5391-b744-75cb3c3e4477,base
A301GNFG8W711Q,1,8,context,1,action_follows,action_follows_context,shelf,lamp,The book is on the shelf. Ali bumps the BLANK. The book falls off the shelf.,397ab967-a7a8-5391-b744-75cb3c3e4477,base
A3CCFD0700KTPV,1,8,context,1,action_follows,action_follows_context,shelf,lamp,The book is on the shelf. Ali bumps the BLANK. The book falls off the shelf.,397ab967-a7a8-5391-b744-75cb3c3e4477,base
A3MELYYGRJ61SX,1,8,context,1,action_follows,action_follows_context,shelf,lamp,The book is on the shelf. Ali bumps the BLANK. The book falls off the shelf.,397ab967-a7a8-5391-b744-75cb3c3e4477,base
A70TBKPGWQZO4,1,8,context,1,action_follows,action_follows_context,shelf,lamp,The book is on the shelf. Ali bumps the BLANK. The book falls off the shelf.,397ab967-a7a8-5391-b744-75cb3c3e4477,base
A8V0L2YF8U6OX,1,8,context,1,action_follows,action_follows_context,shelf,lamp,The book is on the shelf. Ali bumps the BLANK. The book falls off the shelf.,397ab967-a7a8-5391-b744-75cb3c3e4477,base
AJZRDVBZ6TKGH,1,8,context,1,action_follows,action_follows_context,shelf,lamp,The book is on the shelf. Ali bumps the BLANK. The book falls off the shelf.,397ab967-a7a8-5391-b744-75cb3c3e4477,base
A1G6F1HWIS2K2K,1,8,context,0,geocentric_near,geocentric_near_context,West of,East of,The box is BLANK Ali. Ali turns around. The box is West of Ali.,54597470-4866-5387-8c1a-5629d30b67d7,base
A1HNNX44U3OF0X,1,8,context,0,geocentric_near,geocentric_near_context,West of,East of,The box is BLANK Ali. Ali turns around. The box is West of Ali.,54597470-4866-5387-8c1a-5629d30b67d7,base
A1JI19KPIVNL3Y,1,8,context,0,geocentric_near,geocentric_near_context,West of,East of,The box is BLANK Ali. Ali turns around. The box is West of Ali.,54597470-4866-5387-8c1a-5629d30b67d7,base
A1MN2PWAV10VAB,1,8,context,1,geocentric_near,geocentric_near_context,West of,East of,The box is BLANK Ali. Ali turns around. The box is West of Ali.,54597470-4866-5387-8c1a-5629d30b67d7,base
A26NGLGGFTATVN,1,8,context,0,geocentric_near,geocentric_near_context,West of,East of,The box is BLANK Ali. Ali turns around. The box is West of Ali.,54597470-4866-5387-8c1a-5629d30b67d7,base
A27HVVLSZZ13XK,1,8,context,0,geocentric_near,geocentric_near_context,West of,East of,The box is BLANK Ali. Ali turns around. The box is West of Ali.,54597470-4866-5387-8c1a-5629d30b67d7,base
A2EIIVAAENPBSA,1,8,context,1,geocentric_near,geocentric_near_context,West of,East of,The box is BLANK Ali. Ali turns around. The box is West of Ali.,54597470-4866-5387-8c1a-5629d30b67d7,base
A2ISDU1AXUHR4N,1,8,context,0,geocentric_near,geocentric_near_context,West of,East of,The box is BLANK Ali. Ali turns around. The box is West of Ali.,54597470-4866-5387-8c1a-5629d30b67d7,base
A2QPMJ4GADLUW2,1,8,context,0,geocentric_near,geocentric_near_context,West of,East of,The box is BLANK Ali. Ali turns around. The box is West of Ali.,54597470-4866-5387-8c1a-5629d30b67d7,base
A301GNFG8W711Q,1,8,context,1,geocentric_near,geocentric_near_context,West of,East of,The box is BLANK Ali. Ali turns around. The box is West of Ali.,54597470-4866-5387-8c1a-5629d30b67d7,base
A3CCFD0700KTPV,1,8,context,0,geocentric_near,geocentric_near_context,West of,East of,The box is BLANK Ali. Ali turns around. The box is West of Ali.,54597470-4866-5387-8c1a-5629d30b67d7,base
A3MELYYGRJ61SX,1,8,context,0,geocentric_near,geocentric_near_context,West of,East of,The box is BLANK Ali. Ali turns around. The box is West of Ali.,54597470-4866-5387-8c1a-5629d30b67d7,base
A70TBKPGWQZO4,1,8,context,1,geocentric_near,geocentric_near_context,West of,East of,The box is BLANK Ali. Ali turns around. The box is West of Ali.,54597470-4866-5387-8c1a-5629d30b67d7,base
A8V0L2YF8U6OX,1,8,context,0,geocentric_near,geocentric_near_context,West of,East of,The box is BLANK Ali. Ali turns around. The box is West of Ali.,54597470-4866-5387-8c1a-5629d30b67d7,base
AJZRDVBZ6TKGH,1,8,context,1,geocentric_near,geocentric_near_context,West of,East of,The box is BLANK Ali. Ali turns around. The box is West of Ali.,54597470-4866-5387-8c1a-5629d30b67d7,base
A1G6F1HWIS2K2K,1,8,context,1,relative_pos,relative_pos_context,into,away from,The box is in front of the ball. Ali pushes the box BLANK ball. The ball is touching the box.,917067c9-d406-59da-8c30-aa9bde4a7358,base
A1HNNX44U3OF0X,1,8,context,1,relative_pos,relative_pos_context,into,away from,The box is in front of the ball. Ali pushes the box BLANK ball. The ball is touching the box.,917067c9-d406-59da-8c30-aa9bde4a7358,base
A1JI19KPIVNL3Y,1,8,context,1,relative_pos,relative_pos_context,into,away from,The box is in front of the ball. Ali pushes the box BLANK ball. The ball is touching the box.,917067c9-d406-59da-8c30-aa9bde4a7358,base
A1MN2PWAV10VAB,1,8,context,1,relative_pos,relative_pos_context,into,away from,The box is in front of the ball. Ali pushes the box BLANK ball. The ball is touching the box.,917067c9-d406-59da-8c30-aa9bde4a7358,base
A26NGLGGFTATVN,1,8,context,1,relative_pos,relative_pos_context,into,away from,The box is in front of the ball. Ali pushes the box BLANK ball. The ball is touching the box.,917067c9-d406-59da-8c30-aa9bde4a7358,base
A27HVVLSZZ13XK,1,8,context,1,relative_pos,relative_pos_context,into,away from,The box is in front of the ball. Ali pushes the box BLANK ball. The ball is touching the box.,917067c9-d406-59da-8c30-aa9bde4a7358,base
A2EIIVAAENPBSA,1,8,context,0,relative_pos,relative_pos_context,into,away from,The box is in front of the ball. Ali pushes the box BLANK ball. The ball is touching the box.,917067c9-d406-59da-8c30-aa9bde4a7358,base
A2ISDU1AXUHR4N,1,8,context,0,relative_pos,relative_pos_context,into,away from,The box is in front of the ball. Ali pushes the box BLANK ball. The ball is touching the box.,917067c9-d406-59da-8c30-aa9bde4a7358,base
A2QPMJ4GADLUW2,1,8,context,1,relative_pos,relative_pos_context,into,away from,The box is in front of the ball. Ali pushes the box BLANK ball. The ball is touching the box.,917067c9-d406-59da-8c30-aa9bde4a7358,base
A301GNFG8W711Q,1,8,context,1,relative_pos,relative_pos_context,into,away from,The box is in front of the ball. Ali pushes the box BLANK ball. The ball is touching the box.,917067c9-d406-59da-8c30-aa9bde4a7358,base
A3CCFD0700KTPV,1,8,context,1,relative_pos,relative_pos_context,into,away from,The box is in front of the ball. Ali pushes the box BLANK ball. The ball is touching the box.,917067c9-d406-59da-8c30-aa9bde4a7358,base
A3MELYYGRJ61SX,1,8,context,1,relative_pos,relative_pos_context,into,away from,The box is in front of the ball. Ali pushes the box BLANK ball. The ball is touching the box.,917067c9-d406-59da-8c30-aa9bde4a7358,base
A70TBKPGWQZO4,1,8,context,1,relative_pos,relative_pos_context,into,away from,The box is in front of the ball. Ali pushes the box BLANK ball. The ball is touching the box.,917067c9-d406-59da-8c30-aa9bde4a7358,base
A8V0L2YF8U6OX,1,8,context,1,relative_pos,relative_pos_context,into,away from,The box is in front of the ball. Ali pushes the box BLANK ball. The ball is touching the box.,917067c9-d406-59da-8c30-aa9bde4a7358,base
AJZRDVBZ6TKGH,1,8,context,1,relative_pos,relative_pos_context,into,away from,The box is in front of the ball. Ali pushes the box BLANK ball. The ball is touching the box.,917067c9-d406-59da-8c30-aa9bde4a7358,base
A1G6F1HWIS2K2K,1,8,context,1,relative_pos,relative_pos_context,box on the desk,desk on the box,The box is next to the desk. Ali stacks the BLANK. The box is above the desk.,2fff8a10-eb20-57ab-9a87-60b484d55ded,base
A1HNNX44U3OF0X,1,8,context,1,relative_pos,relative_pos_context,box on the desk,desk on the box,The box is next to the desk. Ali stacks the BLANK. The box is above the desk.,2fff8a10-eb20-57ab-9a87-60b484d55ded,base
A1JI19KPIVNL3Y,1,8,context,1,relative_pos,relative_pos_context,box on the desk,desk on the box,The box is next to the desk. Ali stacks the BLANK. The box is above the desk.,2fff8a10-eb20-57ab-9a87-60b484d55ded,base
A1MN2PWAV10VAB,1,8,context,1,relative_pos,relative_pos_context,box on the desk,desk on the box,The box is next to the desk. Ali stacks the BLANK. The box is above the desk.,2fff8a10-eb20-57ab-9a87-60b484d55ded,base
A26NGLGGFTATVN,1,8,context,1,relative_pos,relative_pos_context,box on the desk,desk on the box,The box is next to the desk. Ali stacks the BLANK. The box is above the desk.,2fff8a10-eb20-57ab-9a87-60b484d55ded,base
A27HVVLSZZ13XK,1,8,context,1,relative_pos,relative_pos_context,box on the desk,desk on the box,The box is next to the desk. Ali stacks the BLANK. The box is above the desk.,2fff8a10-eb20-57ab-9a87-60b484d55ded,base
A2EIIVAAENPBSA,1,8,context,1,relative_pos,relative_pos_context,box on the desk,desk on the box,The box is next to the desk. Ali stacks the BLANK. The box is above the desk.,2fff8a10-eb20-57ab-9a87-60b484d55ded,base
A2ISDU1AXUHR4N,1,8,context,1,relative_pos,relative_pos_context,box on the desk,desk on the box,The box is next to the desk. Ali stacks the BLANK. The box is above the desk.,2fff8a10-eb20-57ab-9a87-60b484d55ded,base
A2QPMJ4GADLUW2,1,8,context,1,relative_pos,relative_pos_context,box on the desk,desk on the box,The box is next to the desk. Ali stacks the BLANK. The box is above the desk.,2fff8a10-eb20-57ab-9a87-60b484d55ded,base
A301GNFG8W711Q,1,8,context,1,relative_pos,relative_pos_context,box on the desk,desk on the box,The box is next to the desk. Ali stacks the BLANK. The box is above the desk.,2fff8a10-eb20-57ab-9a87-60b484d55ded,base
A3CCFD0700KTPV,1,8,context,1,relative_pos,relative_pos_context,box on the desk,desk on the box,The box is next to the desk. Ali stacks the BLANK. The box is above the desk.,2fff8a10-eb20-57ab-9a87-60b484d55ded,base
A3MELYYGRJ61SX,1,8,context,1,relative_pos,relative_pos_context,box on the desk,desk on the box,The box is next to the desk. Ali stacks the BLANK. The box is above the desk.,2fff8a10-eb20-57ab-9a87-60b484d55ded,base
A70TBKPGWQZO4,1,8,context,1,relative_pos,relative_pos_context,box on the desk,desk on the box,The box is next to the desk. Ali stacks the BLANK. The box is above the desk.,2fff8a10-eb20-57ab-9a87-60b484d55ded,base
A8V0L2YF8U6OX,1,8,context,1,relative_pos,relative_pos_context,box on the desk,desk on the box,The box is next to the desk. Ali stacks the BLANK. The box is above the desk.,2fff8a10-eb20-57ab-9a87-60b484d55ded,base
AJZRDVBZ6TKGH,1,8,context,1,relative_pos,relative_pos_context,box on the desk,desk on the box,The box is next to the desk. Ali stacks the BLANK. The box is above the desk.,2fff8a10-eb20-57ab-9a87-60b484d55ded,base
A1G6F1HWIS2K2K,1,8,context,1,state_follows,state_follows_context,water,sand,The cup is empty. Ali pours BLANK in the cup. The cup is wet.,be9a5190-e563-55eb-a35c-e5b77a007f7c,base
A1HNNX44U3OF0X,1,8,context,1,state_follows,state_follows_context,water,sand,The cup is empty. Ali pours BLANK in the cup. The cup is wet.,be9a5190-e563-55eb-a35c-e5b77a007f7c,base
A1JI19KPIVNL3Y,1,8,context,1,state_follows,state_follows_context,water,sand,The cup is empty. Ali pours BLANK in the cup. The cup is wet.,be9a5190-e563-55eb-a35c-e5b77a007f7c,base
A1MN2PWAV10VAB,1,8,context,1,state_follows,state_follows_context,water,sand,The cup is empty. Ali pours BLANK in the cup. The cup is wet.,be9a5190-e563-55eb-a35c-e5b77a007f7c,base
A26NGLGGFTATVN,1,8,context,1,state_follows,state_follows_context,water,sand,The cup is empty. Ali pours BLANK in the cup. The cup is wet.,be9a5190-e563-55eb-a35c-e5b77a007f7c,base
A27HVVLSZZ13XK,1,8,context,1,state_follows,state_follows_context,water,sand,The cup is empty. Ali pours BLANK in the cup. The cup is wet.,be9a5190-e563-55eb-a35c-e5b77a007f7c,base
A2EIIVAAENPBSA,1,8,context,1,state_follows,state_follows_context,water,sand,The cup is empty. Ali pours BLANK in the cup. The cup is wet.,be9a5190-e563-55eb-a35c-e5b77a007f7c,base
A2ISDU1AXUHR4N,1,8,context,1,state_follows,state_follows_context,water,sand,The cup is empty. Ali pours BLANK in the cup. The cup is wet.,be9a5190-e563-55eb-a35c-e5b77a007f7c,base
A2QPMJ4GADLUW2,1,8,context,1,state_follows,state_follows_context,water,sand,The cup is empty. Ali pours BLANK in the cup. The cup is wet.,be9a5190-e563-55eb-a35c-e5b77a007f7c,base
A301GNFG8W711Q,1,8,context,1,state_follows,state_follows_context,water,sand,The cup is empty. Ali pours BLANK in the cup. The cup is wet.,be9a5190-e563-55eb-a35c-e5b77a007f7c,base
A3CCFD0700KTPV,1,8,context,1,state_follows,state_follows_context,water,sand,The cup is empty. Ali pours BLANK in the cup. The cup is wet.,be9a5190-e563-55eb-a35c-e5b77a007f7c,base
A3MELYYGRJ61SX,1,8,context,1,state_follows,state_follows_context,water,sand,The cup is empty. Ali pours BLANK in the cup. The cup is wet.,be9a5190-e563-55eb-a35c-e5b77a007f7c,base
A70TBKPGWQZO4,1,8,context,1,state_follows,state_follows_context,water,sand,The cup is empty. Ali pours BLANK in the cup. The cup is wet.,be9a5190-e563-55eb-a35c-e5b77a007f7c,base
A8V0L2YF8U6OX,1,8,context,1,state_follows,state_follows_context,water,sand,The cup is empty. Ali pours BLANK in the cup. The cup is wet.,be9a5190-e563-55eb-a35c-e5b77a007f7c,base
AJZRDVBZ6TKGH,1,8,context,1,state_follows,state_follows_context,water,sand,The cup is empty. Ali pours BLANK in the cup. The cup is wet.,be9a5190-e563-55eb-a35c-e5b77a007f7c,base
A1G6F1HWIS2K2K,1,8,context,0,state_nonfollows,state_nonfollows_context,table,glass,The glass is on the floor. Ali bumps the BLANK. The glass doesn't break.,873aedce-860e-576f-9741-9398d6d6f2eb,base
A1HNNX44U3OF0X,1,8,context,0,state_nonfollows,state_nonfollows_context,table,glass,The glass is on the floor. Ali bumps the BLANK. The glass doesn't break.,873aedce-860e-576f-9741-9398d6d6f2eb,base
A1JI19KPIVNL3Y,1,8,context,1,state_nonfollows,state_nonfollows_context,table,glass,The glass is on the floor. Ali bumps the BLANK. The glass doesn't break.,873aedce-860e-576f-9741-9398d6d6f2eb,base
A1MN2PWAV10VAB,1,8,context,1,state_nonfollows,state_nonfollows_context,table,glass,The glass is on the floor. Ali bumps the BLANK. The glass doesn't break.,873aedce-860e-576f-9741-9398d6d6f2eb,base
A26NGLGGFTATVN,1,8,context,1,state_nonfollows,state_nonfollows_context,table,glass,The glass is on the floor. Ali bumps the BLANK. The glass doesn't break.,873aedce-860e-576f-9741-9398d6d6f2eb,base
A27HVVLSZZ13XK,1,8,context,0,state_nonfollows,state_nonfollows_context,table,glass,The glass is on the floor. Ali bumps the BLANK. The glass doesn't break.,873aedce-860e-576f-9741-9398d6d6f2eb,base
A2EIIVAAENPBSA,1,8,context,0,state_nonfollows,state_nonfollows_context,table,glass,The glass is on the floor. Ali bumps the BLANK. The glass doesn't break.,873aedce-860e-576f-9741-9398d6d6f2eb,base
A2ISDU1AXUHR4N,1,8,context,0,state_nonfollows,state_nonfollows_context,table,glass,The glass is on the floor. Ali bumps the BLANK. The glass doesn't break.,873aedce-860e-576f-9741-9398d6d6f2eb,base
A2QPMJ4GADLUW2,1,8,context,1,state_nonfollows,state_nonfollows_context,table,glass,The glass is on the floor. Ali bumps the BLANK. The glass doesn't break.,873aedce-860e-576f-9741-9398d6d6f2eb,base
A301GNFG8W711Q,1,8,context,0,state_nonfollows,state_nonfollows_context,table,glass,The glass is on the floor. Ali bumps the BLANK. The glass doesn't break.,873aedce-860e-576f-9741-9398d6d6f2eb,base
A3CCFD0700KTPV,1,8,context,1,state_nonfollows,state_nonfollows_context,table,glass,The glass is on the floor. Ali bumps the BLANK. The glass doesn't break.,873aedce-860e-576f-9741-9398d6d6f2eb,base
A3MELYYGRJ61SX,1,8,context,0,state_nonfollows,state_nonfollows_context,table,glass,The glass is on the floor. Ali bumps the BLANK. The glass doesn't break.,873aedce-860e-576f-9741-9398d6d6f2eb,base
A70TBKPGWQZO4,1,8,context,0,state_nonfollows,state_nonfollows_context,table,glass,The glass is on the floor. Ali bumps the BLANK. The glass doesn't break.,873aedce-860e-576f-9741-9398d6d6f2eb,base
A8V0L2YF8U6OX,1,8,context,0,state_nonfollows,state_nonfollows_context,table,glass,The glass is on the floor. Ali bumps the BLANK. The glass doesn't break.,873aedce-860e-576f-9741-9398d6d6f2eb,base
AJZRDVBZ6TKGH,1,8,context,1,state_nonfollows,state_nonfollows_context,table,glass,The glass is on the floor. Ali bumps the BLANK. The glass doesn't break.,873aedce-860e-576f-9741-9398d6d6f2eb,base
A1G6F1HWIS2K2K,1,8,context,0,state_follows,state_follows_context,overfills,half fills,The glass is on the table. Ali BLANK the glass. The table is wet.,b51e7ae6-4307-55e2-b6a3-bca066b96cc5,base
A1HNNX44U3OF0X,1,8,context,1,state_follows,state_follows_context,overfills,half fills,The glass is on the table. Ali BLANK the glass. The table is wet.,b51e7ae6-4307-55e2-b6a3-bca066b96cc5,base
A1JI19KPIVNL3Y,1,8,context,1,state_follows,state_follows_context,overfills,half fills,The glass is on the table. Ali BLANK the glass. The table is wet.,b51e7ae6-4307-55e2-b6a3-bca066b96cc5,base
A1MN2PWAV10VAB,1,8,context,1,state_follows,state_follows_context,overfills,half fills,The glass is on the table. Ali BLANK the glass. The table is wet.,b51e7ae6-4307-55e2-b6a3-bca066b96cc5,base
A26NGLGGFTATVN,1,8,context,1,state_follows,state_follows_context,overfills,half fills,The glass is on the table. Ali BLANK the glass. The table is wet.,b51e7ae6-4307-55e2-b6a3-bca066b96cc5,base
A27HVVLSZZ13XK,1,8,context,1,state_follows,state_follows_context,overfills,half fills,The glass is on the table. Ali BLANK the glass. The table is wet.,b51e7ae6-4307-55e2-b6a3-bca066b96cc5,base
A2EIIVAAENPBSA,1,8,context,1,state_follows,state_follows_context,overfills,half fills,The glass is on the table. Ali BLANK the glass. The table is wet.,b51e7ae6-4307-55e2-b6a3-bca066b96cc5,base
A2ISDU1AXUHR4N,1,8,context,1,state_follows,state_follows_context,overfills,half fills,The glass is on the table. Ali BLANK the glass. The table is wet.,b51e7ae6-4307-55e2-b6a3-bca066b96cc5,base
A2QPMJ4GADLUW2,1,8,context,1,state_follows,state_follows_context,overfills,half fills,The glass is on the table. Ali BLANK the glass. The table is wet.,b51e7ae6-4307-55e2-b6a3-bca066b96cc5,base
A301GNFG8W711Q,1,8,context,1,state_follows,state_follows_context,overfills,half fills,The glass is on the table. Ali BLANK the glass. The table is wet.,b51e7ae6-4307-55e2-b6a3-bca066b96cc5,base
A3CCFD0700KTPV,1,8,context,1,state_follows,state_follows_context,overfills,half fills,The glass is on the table. Ali BLANK the glass. The table is wet.,b51e7ae6-4307-55e2-b6a3-bca066b96cc5,base
A3MELYYGRJ61SX,1,8,context,1,state_follows,state_follows_context,overfills,half fills,The glass is on the table. Ali BLANK the glass. The table is wet.,b51e7ae6-4307-55e2-b6a3-bca066b96cc5,base
A70TBKPGWQZO4,1,8,context,1,state_follows,state_follows_context,overfills,half fills,The glass is on the table. Ali BLANK the glass. The table is wet.,b51e7ae6-4307-55e2-b6a3-bca066b96cc5,base
A8V0L2YF8U6OX,1,8,context,1,state_follows,state_follows_context,overfills,half fills,The glass is on the table. Ali BLANK the glass. The table is wet.,b51e7ae6-4307-55e2-b6a3-bca066b96cc5,base
AJZRDVBZ6TKGH,1,8,context,0,state_follows,state_follows_context,overfills,half fills,The glass is on the table. Ali BLANK the glass. The table is wet.,b51e7ae6-4307-55e2-b6a3-bca066b96cc5,base
A1G6F1HWIS2K2K,1,8,context,0,state_nonfollows,state_nonfollows_context,unplugged,plugged in,The light is BLANK. Ali flips the lightswitch. The light stays off.,14fae0c0-c357-52b0-b89f-1ee97c16d0b0,base
A1HNNX44U3OF0X,1,8,context,1,state_nonfollows,state_nonfollows_context,unplugged,plugged in,The light is BLANK. Ali flips the lightswitch. The light stays off.,14fae0c0-c357-52b0-b89f-1ee97c16d0b0,base
A1JI19KPIVNL3Y,1,8,context,1,state_nonfollows,state_nonfollows_context,unplugged,plugged in,The light is BLANK. Ali flips the lightswitch. The light stays off.,14fae0c0-c357-52b0-b89f-1ee97c16d0b0,base
A1MN2PWAV10VAB,1,8,context,1,state_nonfollows,state_nonfollows_context,unplugged,plugged in,The light is BLANK. Ali flips the lightswitch. The light stays off.,14fae0c0-c357-52b0-b89f-1ee97c16d0b0,base
A26NGLGGFTATVN,1,8,context,1,state_nonfollows,state_nonfollows_context,unplugged,plugged in,The light is BLANK. Ali flips the lightswitch. The light stays off.,14fae0c0-c357-52b0-b89f-1ee97c16d0b0,base
A27HVVLSZZ13XK,1,8,context,1,state_nonfollows,state_nonfollows_context,unplugged,plugged in,The light is BLANK. Ali flips the lightswitch. The light stays off.,14fae0c0-c357-52b0-b89f-1ee97c16d0b0,base
A2EIIVAAENPBSA,1,8,context,1,state_nonfollows,state_nonfollows_context,unplugged,plugged in,The light is BLANK. Ali flips the lightswitch. The light stays off.,14fae0c0-c357-52b0-b89f-1ee97c16d0b0,base
A2ISDU1AXUHR4N,1,8,context,1,state_nonfollows,state_nonfollows_context,unplugged,plugged in,The light is BLANK. Ali flips the lightswitch. The light stays off.,14fae0c0-c357-52b0-b89f-1ee97c16d0b0,base
A2QPMJ4GADLUW2,1,8,context,1,state_nonfollows,state_nonfollows_context,unplugged,plugged in,The light is BLANK. Ali flips the lightswitch. The light stays off.,14fae0c0-c357-52b0-b89f-1ee97c16d0b0,base
A301GNFG8W711Q,1,8,context,1,state_nonfollows,state_nonfollows_context,unplugged,plugged in,The light is BLANK. Ali flips the lightswitch. The light stays off.,14fae0c0-c357-52b0-b89f-1ee97c16d0b0,base
A3CCFD0700KTPV,1,8,context,1,state_nonfollows,state_nonfollows_context,unplugged,plugged in,The light is BLANK. Ali flips the lightswitch. The light stays off.,14fae0c0-c357-52b0-b89f-1ee97c16d0b0,base
A3MELYYGRJ61SX,1,8,context,1,state_nonfollows,state_nonfollows_context,unplugged,plugged in,The light is BLANK. Ali flips the lightswitch. The light stays off.,14fae0c0-c357-52b0-b89f-1ee97c16d0b0,base
A70TBKPGWQZO4,1,8,context,1,state_nonfollows,state_nonfollows_context,unplugged,plugged in,The light is BLANK. Ali flips the lightswitch. The light stays off.,14fae0c0-c357-52b0-b89f-1ee97c16d0b0,base
A8V0L2YF8U6OX,1,8,context,1,state_nonfollows,state_nonfollows_context,unplugged,plugged in,The light is BLANK. Ali flips the lightswitch. The light stays off.,14fae0c0-c357-52b0-b89f-1ee97c16d0b0,base
AJZRDVBZ6TKGH,1,8,context,1,state_nonfollows,state_nonfollows_context,unplugged,plugged in,The light is BLANK. Ali flips the lightswitch. The light stays off.,14fae0c0-c357-52b0-b89f-1ee97c16d0b0,base
A1G6F1HWIS2K2K,1,8,context,1,egocentric_near,egocentric_near_context,left of,right of,The painting is BLANK Ali. Ali turns around. The painting is right of Ali.,c13556f7-0004-5719-bd23-4dae25749764,base
A1HNNX44U3OF0X,1,8,context,1,egocentric_near,egocentric_near_context,left of,right of,The painting is BLANK Ali. Ali turns around. The painting is right of Ali.,c13556f7-0004-5719-bd23-4dae25749764,base
A1JI19KPIVNL3Y,1,8,context,1,egocentric_near,egocentric_near_context,left of,right of,The painting is BLANK Ali. Ali turns around. The painting is right of Ali.,c13556f7-0004-5719-bd23-4dae25749764,base
A1MN2PWAV10VAB,1,8,context,0,egocentric_near,egocentric_near_context,left of,right of,The painting is BLANK Ali. Ali turns around. The painting is right of Ali.,c13556f7-0004-5719-bd23-4dae25749764,base
A26NGLGGFTATVN,1,8,context,1,egocentric_near,egocentric_near_context,left of,right of,The painting is BLANK Ali. Ali turns around. The painting is right of Ali.,c13556f7-0004-5719-bd23-4dae25749764,base
A27HVVLSZZ13XK,1,8,context,1,egocentric_near,egocentric_near_context,left of,right of,The painting is BLANK Ali. Ali turns around. The painting is right of Ali.,c13556f7-0004-5719-bd23-4dae25749764,base
A2EIIVAAENPBSA,1,8,context,1,egocentric_near,egocentric_near_context,left of,right of,The painting is BLANK Ali. Ali turns around. The painting is right of Ali.,c13556f7-0004-5719-bd23-4dae25749764,base
A2ISDU1AXUHR4N,1,8,context,1,egocentric_near,egocentric_near_context,left of,right of,The painting is BLANK Ali. Ali turns around. The painting is right of Ali.,c13556f7-0004-5719-bd23-4dae25749764,base
A2QPMJ4GADLUW2,1,8,context,1,egocentric_near,egocentric_near_context,left of,right of,The painting is BLANK Ali. Ali turns around. The painting is right of Ali.,c13556f7-0004-5719-bd23-4dae25749764,base
A301GNFG8W711Q,1,8,context,1,egocentric_near,egocentric_near_context,left of,right of,The painting is BLANK Ali. Ali turns around. The painting is right of Ali.,c13556f7-0004-5719-bd23-4dae25749764,base
A3CCFD0700KTPV,1,8,context,1,egocentric_near,egocentric_near_context,left of,right of,The painting is BLANK Ali. Ali turns around. The painting is right of Ali.,c13556f7-0004-5719-bd23-4dae25749764,base
A3MELYYGRJ61SX,1,8,context,1,egocentric_near,egocentric_near_context,left of,right of,The painting is BLANK Ali. Ali turns around. The painting is right of Ali.,c13556f7-0004-5719-bd23-4dae25749764,base
A70TBKPGWQZO4,1,8,context,1,egocentric_near,egocentric_near_context,left of,right of,The painting is BLANK Ali. Ali turns around. The painting is right of Ali.,c13556f7-0004-5719-bd23-4dae25749764,base
A8V0L2YF8U6OX,1,8,context,1,egocentric_near,egocentric_near_context,left of,right of,The painting is BLANK Ali. Ali turns around. The painting is right of Ali.,c13556f7-0004-5719-bd23-4dae25749764,base
AJZRDVBZ6TKGH,1,8,context,0,egocentric_near,egocentric_near_context,left of,right of,The painting is BLANK Ali. Ali turns around. The painting is right of Ali.,c13556f7-0004-5719-bd23-4dae25749764,base
A1G6F1HWIS2K2K,1,8,context,0,geocentric_near,geocentric_near_context,South of,East of,The painting is BLANK Ali. Ali turns left. The painting is South of Ali.,b470477e-c9cf-5a97-a47c-98dd08229c8e,base
A1HNNX44U3OF0X,1,8,context,0,geocentric_near,geocentric_near_context,South of,East of,The painting is BLANK Ali. Ali turns left. The painting is South of Ali.,b470477e-c9cf-5a97-a47c-98dd08229c8e,base
A1JI19KPIVNL3Y,1,8,context,0,geocentric_near,geocentric_near_context,South of,East of,The painting is BLANK Ali. Ali turns left. The painting is South of Ali.,b470477e-c9cf-5a97-a47c-98dd08229c8e,base
A1MN2PWAV10VAB,1,8,context,1,geocentric_near,geocentric_near_context,South of,East of,The painting is BLANK Ali. Ali turns left. The painting is South of Ali.,b470477e-c9cf-5a97-a47c-98dd08229c8e,base
A26NGLGGFTATVN,1,8,context,0,geocentric_near,geocentric_near_context,South of,East of,The painting is BLANK Ali. Ali turns left. The painting is South of Ali.,b470477e-c9cf-5a97-a47c-98dd08229c8e,base
A27HVVLSZZ13XK,1,8,context,1,geocentric_near,geocentric_near_context,South of,East of,The painting is BLANK Ali. Ali turns left. The painting is South of Ali.,b470477e-c9cf-5a97-a47c-98dd08229c8e,base
A2EIIVAAENPBSA,1,8,context,0,geocentric_near,geocentric_near_context,South of,East of,The painting is BLANK Ali. Ali turns left. The painting is South of Ali.,b470477e-c9cf-5a97-a47c-98dd08229c8e,base
A2ISDU1AXUHR4N,1,8,context,0,geocentric_near,geocentric_near_context,South of,East of,The painting is BLANK Ali. Ali turns left. The painting is South of Ali.,b470477e-c9cf-5a97-a47c-98dd08229c8e,base
A2QPMJ4GADLUW2,1,8,context,0,geocentric_near,geocentric_near_context,South of,East of,The painting is BLANK Ali. Ali turns left. The painting is South of Ali.,b470477e-c9cf-5a97-a47c-98dd08229c8e,base
A301GNFG8W711Q,1,8,context,1,geocentric_near,geocentric_near_context,South of,East of,The painting is BLANK Ali. Ali turns left. The painting is South of Ali.,b470477e-c9cf-5a97-a47c-98dd08229c8e,base
A3CCFD0700KTPV,1,8,context,1,geocentric_near,geocentric_near_context,South of,East of,The painting is BLANK Ali. Ali turns left. The painting is South of Ali.,b470477e-c9cf-5a97-a47c-98dd08229c8e,base
A3MELYYGRJ61SX,1,8,context,0,geocentric_near,geocentric_near_context,South of,East of,The painting is BLANK Ali. Ali turns left. The painting is South of Ali.,b470477e-c9cf-5a97-a47c-98dd08229c8e,base
A70TBKPGWQZO4,1,8,context,0,geocentric_near,geocentric_near_context,South of,East of,The painting is BLANK Ali. Ali turns left. The painting is South of Ali.,b470477e-c9cf-5a97-a47c-98dd08229c8e,base
A8V0L2YF8U6OX,1,8,context,0,geocentric_near,geocentric_near_context,South of,East of,The painting is BLANK Ali. Ali turns left. The painting is South of Ali.,b470477e-c9cf-5a97-a47c-98dd08229c8e,base
AJZRDVBZ6TKGH,1,8,context,0,geocentric_near,geocentric_near_context,South of,East of,The painting is BLANK Ali. Ali turns left. The painting is South of Ali.,b470477e-c9cf-5a97-a47c-98dd08229c8e,base
A1G6F1HWIS2K2K,1,8,context,0,geocentric_near,geocentric_near_context,South of,West of,The painting is BLANK Ali. Ali turns right. The painting is South of Ali.,9066630c-6525-5574-b5bc-3cbff1f62ccd,base
A1HNNX44U3OF0X,1,8,context,0,geocentric_near,geocentric_near_context,South of,West of,The painting is BLANK Ali. Ali turns right. The painting is South of Ali.,9066630c-6525-5574-b5bc-3cbff1f62ccd,base
A1JI19KPIVNL3Y,1,8,context,1,geocentric_near,geocentric_near_context,South of,West of,The painting is BLANK Ali. Ali turns right. The painting is South of Ali.,9066630c-6525-5574-b5bc-3cbff1f62ccd,base
A1MN2PWAV10VAB,1,8,context,1,geocentric_near,geocentric_near_context,South of,West of,The painting is BLANK Ali. Ali turns right. The painting is South of Ali.,9066630c-6525-5574-b5bc-3cbff1f62ccd,base
A26NGLGGFTATVN,1,8,context,0,geocentric_near,geocentric_near_context,South of,West of,The painting is BLANK Ali. Ali turns right. The painting is South of Ali.,9066630c-6525-5574-b5bc-3cbff1f62ccd,base
A27HVVLSZZ13XK,1,8,context,0,geocentric_near,geocentric_near_context,South of,West of,The painting is BLANK Ali. Ali turns right. The painting is South of Ali.,9066630c-6525-5574-b5bc-3cbff1f62ccd,base
A2EIIVAAENPBSA,1,8,context,0,geocentric_near,geocentric_near_context,South of,West of,The painting is BLANK Ali. Ali turns right. The painting is South of Ali.,9066630c-6525-5574-b5bc-3cbff1f62ccd,base
A2ISDU1AXUHR4N,1,8,context,0,geocentric_near,geocentric_near_context,South of,West of,The painting is BLANK Ali. Ali turns right. The painting is South of Ali.,9066630c-6525-5574-b5bc-3cbff1f62ccd,base
A2QPMJ4GADLUW2,1,8,context,0,geocentric_near,geocentric_near_context,South of,West of,The painting is BLANK Ali. Ali turns right. The painting is South of Ali.,9066630c-6525-5574-b5bc-3cbff1f62ccd,base
A301GNFG8W711Q,1,8,context,0,geocentric_near,geocentric_near_context,South of,West of,The painting is BLANK Ali. Ali turns right. The painting is South of Ali.,9066630c-6525-5574-b5bc-3cbff1f62ccd,base
A3CCFD0700KTPV,1,8,context,0,geocentric_near,geocentric_near_context,South of,West of,The painting is BLANK Ali. Ali turns right. The painting is South of Ali.,9066630c-6525-5574-b5bc-3cbff1f62ccd,base
A3MELYYGRJ61SX,1,8,context,0,geocentric_near,geocentric_near_context,South of,West of,The painting is BLANK Ali. Ali turns right. The painting is South of Ali.,9066630c-6525-5574-b5bc-3cbff1f62ccd,base
A70TBKPGWQZO4,1,8,context,0,geocentric_near,geocentric_near_context,South of,West of,The painting is BLANK Ali. Ali turns right. The painting is South of Ali.,9066630c-6525-5574-b5bc-3cbff1f62ccd,base
A8V0L2YF8U6OX,1,8,context,1,geocentric_near,geocentric_near_context,South of,West of,The painting is BLANK Ali. Ali turns right. The painting is South of Ali.,9066630c-6525-5574-b5bc-3cbff1f62ccd,base
AJZRDVBZ6TKGH,1,8,context,1,geocentric_near,geocentric_near_context,South of,West of,The painting is BLANK Ali. Ali turns right. The painting is South of Ali.,9066630c-6525-5574-b5bc-3cbff1f62ccd,base
A1G6F1HWIS2K2K,1,8,context,0,geocentric_near,geocentric_near_context,West of,East of,The painting is BLANK of Ali. Ali turns around. The painting is West of Ali.,a22b454f-f1c2-51cf-a7f3-f1d55dc1383d,base
A1HNNX44U3OF0X,1,8,context,0,geocentric_near,geocentric_near_context,West of,East of,The painting is BLANK of Ali. Ali turns around. The painting is West of Ali.,a22b454f-f1c2-51cf-a7f3-f1d55dc1383d,base
A1JI19KPIVNL3Y,1,8,context,0,geocentric_near,geocentric_near_context,West of,East of,The painting is BLANK of Ali. Ali turns around. The painting is West of Ali.,a22b454f-f1c2-51cf-a7f3-f1d55dc1383d,base
A1MN2PWAV10VAB,1,8,context,1,geocentric_near,geocentric_near_context,West of,East of,The painting is BLANK of Ali. Ali turns around. The painting is West of Ali.,a22b454f-f1c2-51cf-a7f3-f1d55dc1383d,base
A26NGLGGFTATVN,1,8,context,1,geocentric_near,geocentric_near_context,West of,East of,The painting is BLANK of Ali. Ali turns around. The painting is West of Ali.,a22b454f-f1c2-51cf-a7f3-f1d55dc1383d,base
A27HVVLSZZ13XK,1,8,context,0,geocentric_near,geocentric_near_context,West of,East of,The painting is BLANK of Ali. Ali turns around. The painting is West of Ali.,a22b454f-f1c2-51cf-a7f3-f1d55dc1383d,base
A2EIIVAAENPBSA,1,8,context,1,geocentric_near,geocentric_near_context,West of,East of,The painting is BLANK of Ali. Ali turns around. The painting is West of Ali.,a22b454f-f1c2-51cf-a7f3-f1d55dc1383d,base
A2ISDU1AXUHR4N,1,8,context,0,geocentric_near,geocentric_near_context,West of,East of,The painting is BLANK of Ali. Ali turns around. The painting is West of Ali.,a22b454f-f1c2-51cf-a7f3-f1d55dc1383d,base
A2QPMJ4GADLUW2,1,8,context,0,geocentric_near,geocentric_near_context,West of,East of,The painting is BLANK of Ali. Ali turns around. The painting is West of Ali.,a22b454f-f1c2-51cf-a7f3-f1d55dc1383d,base
A301GNFG8W711Q,1,8,context,1,geocentric_near,geocentric_near_context,West of,East of,The painting is BLANK of Ali. Ali turns around. The painting is West of Ali.,a22b454f-f1c2-51cf-a7f3-f1d55dc1383d,base
A3CCFD0700KTPV,1,8,context,0,geocentric_near,geocentric_near_context,West of,East of,The painting is BLANK of Ali. Ali turns around. The painting is West of Ali.,a22b454f-f1c2-51cf-a7f3-f1d55dc1383d,base
A3MELYYGRJ61SX,1,8,context,0,geocentric_near,geocentric_near_context,West of,East of,The painting is BLANK of Ali. Ali turns around. The painting is West of Ali.,a22b454f-f1c2-51cf-a7f3-f1d55dc1383d,base
A70TBKPGWQZO4,1,8,context,0,geocentric_near,geocentric_near_context,West of,East of,The painting is BLANK of Ali. Ali turns around. The painting is West of Ali.,a22b454f-f1c2-51cf-a7f3-f1d55dc1383d,base
A8V0L2YF8U6OX,1,8,context,0,geocentric_near,geocentric_near_context,West of,East of,The painting is BLANK of Ali. Ali turns around. The painting is West of Ali.,a22b454f-f1c2-51cf-a7f3-f1d55dc1383d,base
AJZRDVBZ6TKGH,1,8,context,1,geocentric_near,geocentric_near_context,West of,East of,The painting is BLANK of Ali. Ali turns around. The painting is West of Ali.,a22b454f-f1c2-51cf-a7f3-f1d55dc1383d,base
A1G6F1HWIS2K2K,1,8,context,0,egocentric_near,egocentric_near_context,left,right,The painting is BLANK of Ali. Ali turns left. The painting is in front of Ali.,63f56a15-40dd-508c-b8f4-fb0cbfad84b1,base
A1HNNX44U3OF0X,1,8,context,0,egocentric_near,egocentric_near_context,left,right,The painting is BLANK of Ali. Ali turns left. The painting is in front of Ali.,63f56a15-40dd-508c-b8f4-fb0cbfad84b1,base
A1JI19KPIVNL3Y,1,8,context,1,egocentric_near,egocentric_near_context,left,right,The painting is BLANK of Ali. Ali turns left. The painting is in front of Ali.,63f56a15-40dd-508c-b8f4-fb0cbfad84b1,base
A1MN2PWAV10VAB,1,8,context,1,egocentric_near,egocentric_near_context,left,right,The painting is BLANK of Ali. Ali turns left. The painting is in front of Ali.,63f56a15-40dd-508c-b8f4-fb0cbfad84b1,base
A26NGLGGFTATVN,1,8,context,1,egocentric_near,egocentric_near_context,left,right,The painting is BLANK of Ali. Ali turns left. The painting is in front of Ali.,63f56a15-40dd-508c-b8f4-fb0cbfad84b1,base
A27HVVLSZZ13XK,1,8,context,1,egocentric_near,egocentric_near_context,left,right,The painting is BLANK of Ali. Ali turns left. The painting is in front of Ali.,63f56a15-40dd-508c-b8f4-fb0cbfad84b1,base
A2EIIVAAENPBSA,1,8,context,0,egocentric_near,egocentric_near_context,left,right,The painting is BLANK of Ali. Ali turns left. The painting is in front of Ali.,63f56a15-40dd-508c-b8f4-fb0cbfad84b1,base
A2ISDU1AXUHR4N,1,8,context,1,egocentric_near,egocentric_near_context,left,right,The painting is BLANK of Ali. Ali turns left. The painting is in front of Ali.,63f56a15-40dd-508c-b8f4-fb0cbfad84b1,base
A2QPMJ4GADLUW2,1,8,context,1,egocentric_near,egocentric_near_context,left,right,The painting is BLANK of Ali. Ali turns left. The painting is in front of Ali.,63f56a15-40dd-508c-b8f4-fb0cbfad84b1,base
A301GNFG8W711Q,1,8,context,1,egocentric_near,egocentric_near_context,left,right,The painting is BLANK of Ali. Ali turns left. The painting is in front of Ali.,63f56a15-40dd-508c-b8f4-fb0cbfad84b1,base
A3CCFD0700KTPV,1,8,context,1,egocentric_near,egocentric_near_context,left,right,The painting is BLANK of Ali. Ali turns left. The painting is in front of Ali.,63f56a15-40dd-508c-b8f4-fb0cbfad84b1,base
A3MELYYGRJ61SX,1,8,context,1,egocentric_near,egocentric_near_context,left,right,The painting is BLANK of Ali. Ali turns left. The painting is in front of Ali.,63f56a15-40dd-508c-b8f4-fb0cbfad84b1,base
A70TBKPGWQZO4,1,8,context,1,egocentric_near,egocentric_near_context,left,right,The painting is BLANK of Ali. Ali turns left. The painting is in front of Ali.,63f56a15-40dd-508c-b8f4-fb0cbfad84b1,base
A8V0L2YF8U6OX,1,8,context,1,egocentric_near,egocentric_near_context,left,right,The painting is BLANK of Ali. Ali turns left. The painting is in front of Ali.,63f56a15-40dd-508c-b8f4-fb0cbfad84b1,base
AJZRDVBZ6TKGH,1,8,context,1,egocentric_near,egocentric_near_context,left,right,The painting is BLANK of Ali. Ali turns left. The painting is in front of Ali.,63f56a15-40dd-508c-b8f4-fb0cbfad84b1,base
A1G6F1HWIS2K2K,1,8,context,1,egocentric_near,egocentric_near_context,left,right,The painting is BLANK of Ali. Ali turns right. The painting is behind Ali.,1f28c430-b30e-55c9-bcff-fabf755392f2,base
A1HNNX44U3OF0X,1,8,context,1,egocentric_near,egocentric_near_context,left,right,The painting is BLANK of Ali. Ali turns right. The painting is behind Ali.,1f28c430-b30e-55c9-bcff-fabf755392f2,base
A1JI19KPIVNL3Y,1,8,context,1,egocentric_near,egocentric_near_context,left,right,The painting is BLANK of Ali. Ali turns right. The painting is behind Ali.,1f28c430-b30e-55c9-bcff-fabf755392f2,base
A1MN2PWAV10VAB,1,8,context,1,egocentric_near,egocentric_near_context,left,right,The painting is BLANK of Ali. Ali turns right. The painting is behind Ali.,1f28c430-b30e-55c9-bcff-fabf755392f2,base
A26NGLGGFTATVN,1,8,context,1,egocentric_near,egocentric_near_context,left,right,The painting is BLANK of Ali. Ali turns right. The painting is behind Ali.,1f28c430-b30e-55c9-bcff-fabf755392f2,base
A27HVVLSZZ13XK,1,8,context,0,egocentric_near,egocentric_near_context,left,right,The painting is BLANK of Ali. Ali turns right. The painting is behind Ali.,1f28c430-b30e-55c9-bcff-fabf755392f2,base
A2EIIVAAENPBSA,1,8,context,1,egocentric_near,egocentric_near_context,left,right,The painting is BLANK of Ali. Ali turns right. The painting is behind Ali.,1f28c430-b30e-55c9-bcff-fabf755392f2,base
A2ISDU1AXUHR4N,1,8,context,0,egocentric_near,egocentric_near_context,left,right,The painting is BLANK of Ali. Ali turns right. The painting is behind Ali.,1f28c430-b30e-55c9-bcff-fabf755392f2,base
A2QPMJ4GADLUW2,1,8,context,0,egocentric_near,egocentric_near_context,left,right,The painting is BLANK of Ali. Ali turns right. The painting is behind Ali.,1f28c430-b30e-55c9-bcff-fabf755392f2,base
A301GNFG8W711Q,1,8,context,1,egocentric_near,egocentric_near_context,left,right,The painting is BLANK of Ali. Ali turns right. The painting is behind Ali.,1f28c430-b30e-55c9-bcff-fabf755392f2,base
A3CCFD0700KTPV,1,8,context,1,egocentric_near,egocentric_near_context,left,right,The painting is BLANK of Ali. Ali turns right. The painting is behind Ali.,1f28c430-b30e-55c9-bcff-fabf755392f2,base
A3MELYYGRJ61SX,1,8,context,1,egocentric_near,egocentric_near_context,left,right,The painting is BLANK of Ali. Ali turns right. The painting is behind Ali.,1f28c430-b30e-55c9-bcff-fabf755392f2,base
A70TBKPGWQZO4,1,8,context,1,egocentric_near,egocentric_near_context,left,right,The painting is BLANK of Ali. Ali turns right. The painting is behind Ali.,1f28c430-b30e-55c9-bcff-fabf755392f2,base
A8V0L2YF8U6OX,1,8,context,1,egocentric_near,egocentric_near_context,left,right,The painting is BLANK of Ali. Ali turns right. The painting is behind Ali.,1f28c430-b30e-55c9-bcff-fabf755392f2,base
AJZRDVBZ6TKGH,1,8,context,0,egocentric_near,egocentric_near_context,left,right,The painting is BLANK of Ali. Ali turns right. The painting is behind Ali.,1f28c430-b30e-55c9-bcff-fabf755392f2,base
A1G6F1HWIS2K2K,1,8,context,1,egocentric_near,egocentric_near_context,left,right,The painting is to Ali's BLANK. The painting is moved left. The painting is to Ali's right.,5eae654e-13dc-5485-8e29-6016fcf0bcc5,base
A1HNNX44U3OF0X,1,8,context,0,egocentric_near,egocentric_near_context,left,right,The painting is to Ali's BLANK. The painting is moved left. The painting is to Ali's right.,5eae654e-13dc-5485-8e29-6016fcf0bcc5,base
A1JI19KPIVNL3Y,1,8,context,0,egocentric_near,egocentric_near_context,left,right,The painting is to Ali's BLANK. The painting is moved left. The painting is to Ali's right.,5eae654e-13dc-5485-8e29-6016fcf0bcc5,base
A1MN2PWAV10VAB,1,8,context,0,egocentric_near,egocentric_near_context,left,right,The painting is to Ali's BLANK. The painting is moved left. The painting is to Ali's right.,5eae654e-13dc-5485-8e29-6016fcf0bcc5,base
A26NGLGGFTATVN,1,8,context,0,egocentric_near,egocentric_near_context,left,right,The painting is to Ali's BLANK. The painting is moved left. The painting is to Ali's right.,5eae654e-13dc-5485-8e29-6016fcf0bcc5,base
A27HVVLSZZ13XK,1,8,context,0,egocentric_near,egocentric_near_context,left,right,The painting is to Ali's BLANK. The painting is moved left. The painting is to Ali's right.,5eae654e-13dc-5485-8e29-6016fcf0bcc5,base
A2EIIVAAENPBSA,1,8,context,1,egocentric_near,egocentric_near_context,left,right,The painting is to Ali's BLANK. The painting is moved left. The painting is to Ali's right.,5eae654e-13dc-5485-8e29-6016fcf0bcc5,base
A2ISDU1AXUHR4N,1,8,context,0,egocentric_near,egocentric_near_context,left,right,The painting is to Ali's BLANK. The painting is moved left. The painting is to Ali's right.,5eae654e-13dc-5485-8e29-6016fcf0bcc5,base
A2QPMJ4GADLUW2,1,8,context,0,egocentric_near,egocentric_near_context,left,right,The painting is to Ali's BLANK. The painting is moved left. The painting is to Ali's right.,5eae654e-13dc-5485-8e29-6016fcf0bcc5,base
A301GNFG8W711Q,1,8,context,0,egocentric_near,egocentric_near_context,left,right,The painting is to Ali's BLANK. The painting is moved left. The painting is to Ali's right.,5eae654e-13dc-5485-8e29-6016fcf0bcc5,base
A3CCFD0700KTPV,1,8,context,0,egocentric_near,egocentric_near_context,left,right,The painting is to Ali's BLANK. The painting is moved left. The painting is to Ali's right.,5eae654e-13dc-5485-8e29-6016fcf0bcc5,base
A3MELYYGRJ61SX,1,8,context,0,egocentric_near,egocentric_near_context,left,right,The painting is to Ali's BLANK. The painting is moved left. The painting is to Ali's right.,5eae654e-13dc-5485-8e29-6016fcf0bcc5,base
A70TBKPGWQZO4,1,8,context,0,egocentric_near,egocentric_near_context,left,right,The painting is to Ali's BLANK. The painting is moved left. The painting is to Ali's right.,5eae654e-13dc-5485-8e29-6016fcf0bcc5,base
A8V0L2YF8U6OX,1,8,context,1,egocentric_near,egocentric_near_context,left,right,The painting is to Ali's BLANK. The painting is moved left. The painting is to Ali's right.,5eae654e-13dc-5485-8e29-6016fcf0bcc5,base
AJZRDVBZ6TKGH,1,8,context,0,egocentric_near,egocentric_near_context,left,right,The painting is to Ali's BLANK. The painting is moved left. The painting is to Ali's right.,5eae654e-13dc-5485-8e29-6016fcf0bcc5,base
A1G6F1HWIS2K2K,1,8,context,1,state_follows,state_follows_context,tapes,rips,The paper is in two pieces. Ali BLANK the pieces. The paper is in one piece.,e6392dc8-e7e3-546f-b8cf-84c9a889ffe5,base
A1HNNX44U3OF0X,1,8,context,1,state_follows,state_follows_context,tapes,rips,The paper is in two pieces. Ali BLANK the pieces. The paper is in one piece.,e6392dc8-e7e3-546f-b8cf-84c9a889ffe5,base
A1JI19KPIVNL3Y,1,8,context,1,state_follows,state_follows_context,tapes,rips,The paper is in two pieces. Ali BLANK the pieces. The paper is in one piece.,e6392dc8-e7e3-546f-b8cf-84c9a889ffe5,base
A1MN2PWAV10VAB,1,8,context,1,state_follows,state_follows_context,tapes,rips,The paper is in two pieces. Ali BLANK the pieces. The paper is in one piece.,e6392dc8-e7e3-546f-b8cf-84c9a889ffe5,base
A26NGLGGFTATVN,1,8,context,1,state_follows,state_follows_context,tapes,rips,The paper is in two pieces. Ali BLANK the pieces. The paper is in one piece.,e6392dc8-e7e3-546f-b8cf-84c9a889ffe5,base
A27HVVLSZZ13XK,1,8,context,1,state_follows,state_follows_context,tapes,rips,The paper is in two pieces. Ali BLANK the pieces. The paper is in one piece.,e6392dc8-e7e3-546f-b8cf-84c9a889ffe5,base
A2EIIVAAENPBSA,1,8,context,1,state_follows,state_follows_context,tapes,rips,The paper is in two pieces. Ali BLANK the pieces. The paper is in one piece.,e6392dc8-e7e3-546f-b8cf-84c9a889ffe5,base
A2ISDU1AXUHR4N,1,8,context,1,state_follows,state_follows_context,tapes,rips,The paper is in two pieces. Ali BLANK the pieces. The paper is in one piece.,e6392dc8-e7e3-546f-b8cf-84c9a889ffe5,base
A2QPMJ4GADLUW2,1,8,context,1,state_follows,state_follows_context,tapes,rips,The paper is in two pieces. Ali BLANK the pieces. The paper is in one piece.,e6392dc8-e7e3-546f-b8cf-84c9a889ffe5,base
A301GNFG8W711Q,1,8,context,1,state_follows,state_follows_context,tapes,rips,The paper is in two pieces. Ali BLANK the pieces. The paper is in one piece.,e6392dc8-e7e3-546f-b8cf-84c9a889ffe5,base
A3CCFD0700KTPV,1,8,context,1,state_follows,state_follows_context,tapes,rips,The paper is in two pieces. Ali BLANK the pieces. The paper is in one piece.,e6392dc8-e7e3-546f-b8cf-84c9a889ffe5,base
A3MELYYGRJ61SX,1,8,context,1,state_follows,state_follows_context,tapes,rips,The paper is in two pieces. Ali BLANK the pieces. The paper is in one piece.,e6392dc8-e7e3-546f-b8cf-84c9a889ffe5,base
A70TBKPGWQZO4,1,8,context,1,state_follows,state_follows_context,tapes,rips,The paper is in two pieces. Ali BLANK the pieces. The paper is in one piece.,e6392dc8-e7e3-546f-b8cf-84c9a889ffe5,base
A8V0L2YF8U6OX,1,8,context,1,state_follows,state_follows_context,tapes,rips,The paper is in two pieces. Ali BLANK the pieces. The paper is in one piece.,e6392dc8-e7e3-546f-b8cf-84c9a889ffe5,base
AJZRDVBZ6TKGH,1,8,context,1,state_follows,state_follows_context,tapes,rips,The paper is in two pieces. Ali BLANK the pieces. The paper is in one piece.,e6392dc8-e7e3-546f-b8cf-84c9a889ffe5,base
A1G6F1HWIS2K2K,1,8,context,1,state_follows,state_follows_context,turns off,turns on,The room is bright. Ali BLANK the lights. The room is dark.,c47ccac9-cc0d-57bd-9118-a0e91cc23b32,base
A1HNNX44U3OF0X,1,8,context,1,state_follows,state_follows_context,turns off,turns on,The room is bright. Ali BLANK the lights. The room is dark.,c47ccac9-cc0d-57bd-9118-a0e91cc23b32,base
A1JI19KPIVNL3Y,1,8,context,1,state_follows,state_follows_context,turns off,turns on,The room is bright. Ali BLANK the lights. The room is dark.,c47ccac9-cc0d-57bd-9118-a0e91cc23b32,base
A1MN2PWAV10VAB,1,8,context,1,state_follows,state_follows_context,turns off,turns on,The room is bright. Ali BLANK the lights. The room is dark.,c47ccac9-cc0d-57bd-9118-a0e91cc23b32,base
A26NGLGGFTATVN,1,8,context,1,state_follows,state_follows_context,turns off,turns on,The room is bright. Ali BLANK the lights. The room is dark.,c47ccac9-cc0d-57bd-9118-a0e91cc23b32,base
A27HVVLSZZ13XK,1,8,context,1,state_follows,state_follows_context,turns off,turns on,The room is bright. Ali BLANK the lights. The room is dark.,c47ccac9-cc0d-57bd-9118-a0e91cc23b32,base
A2EIIVAAENPBSA,1,8,context,1,state_follows,state_follows_context,turns off,turns on,The room is bright. Ali BLANK the lights. The room is dark.,c47ccac9-cc0d-57bd-9118-a0e91cc23b32,base
A2ISDU1AXUHR4N,1,8,context,1,state_follows,state_follows_context,turns off,turns on,The room is bright. Ali BLANK the lights. The room is dark.,c47ccac9-cc0d-57bd-9118-a0e91cc23b32,base
A2QPMJ4GADLUW2,1,8,context,1,state_follows,state_follows_context,turns off,turns on,The room is bright. Ali BLANK the lights. The room is dark.,c47ccac9-cc0d-57bd-9118-a0e91cc23b32,base
A301GNFG8W711Q,1,8,context,1,state_follows,state_follows_context,turns off,turns on,The room is bright. Ali BLANK the lights. The room is dark.,c47ccac9-cc0d-57bd-9118-a0e91cc23b32,base
A3CCFD0700KTPV,1,8,context,0,state_follows,state_follows_context,turns off,turns on,The room is bright. Ali BLANK the lights. The room is dark.,c47ccac9-cc0d-57bd-9118-a0e91cc23b32,base
A3MELYYGRJ61SX,1,8,context,1,state_follows,state_follows_context,turns off,turns on,The room is bright. Ali BLANK the lights. The room is dark.,c47ccac9-cc0d-57bd-9118-a0e91cc23b32,base
A70TBKPGWQZO4,1,8,context,1,state_follows,state_follows_context,turns off,turns on,The room is bright. Ali BLANK the lights. The room is dark.,c47ccac9-cc0d-57bd-9118-a0e91cc23b32,base
A8V0L2YF8U6OX,1,8,context,1,state_follows,state_follows_context,turns off,turns on,The room is bright. Ali BLANK the lights. The room is dark.,c47ccac9-cc0d-57bd-9118-a0e91cc23b32,base
AJZRDVBZ6TKGH,1,8,context,0,state_follows,state_follows_context,turns off,turns on,The room is bright. Ali BLANK the lights. The room is dark.,c47ccac9-cc0d-57bd-9118-a0e91cc23b32,base
A1G6F1HWIS2K2K,1,8,context,1,geocentric_near,geocentric_near_context,North of,West of,The statue is BLANK Ali. Ali walks East. The statue is North of Ali.,d07fd4d0-1e85-5fc3-8eeb-e7144e7bb5b6,base
A1HNNX44U3OF0X,1,8,context,1,geocentric_near,geocentric_near_context,North of,West of,The statue is BLANK Ali. Ali walks East. The statue is North of Ali.,d07fd4d0-1e85-5fc3-8eeb-e7144e7bb5b6,base
A1JI19KPIVNL3Y,1,8,context,0,geocentric_near,geocentric_near_context,North of,West of,The statue is BLANK Ali. Ali walks East. The statue is North of Ali.,d07fd4d0-1e85-5fc3-8eeb-e7144e7bb5b6,base
A1MN2PWAV10VAB,1,8,context,1,geocentric_near,geocentric_near_context,North of,West of,The statue is BLANK Ali. Ali walks East. The statue is North of Ali.,d07fd4d0-1e85-5fc3-8eeb-e7144e7bb5b6,base
A26NGLGGFTATVN,1,8,context,1,geocentric_near,geocentric_near_context,North of,West of,The statue is BLANK Ali. Ali walks East. The statue is North of Ali.,d07fd4d0-1e85-5fc3-8eeb-e7144e7bb5b6,base
A27HVVLSZZ13XK,1,8,context,1,geocentric_near,geocentric_near_context,North of,West of,The statue is BLANK Ali. Ali walks East. The statue is North of Ali.,d07fd4d0-1e85-5fc3-8eeb-e7144e7bb5b6,base
A2EIIVAAENPBSA,1,8,context,1,geocentric_near,geocentric_near_context,North of,West of,The statue is BLANK Ali. Ali walks East. The statue is North of Ali.,d07fd4d0-1e85-5fc3-8eeb-e7144e7bb5b6,base
A2ISDU1AXUHR4N,1,8,context,1,geocentric_near,geocentric_near_context,North of,West of,The statue is BLANK Ali. Ali walks East. The statue is North of Ali.,d07fd4d0-1e85-5fc3-8eeb-e7144e7bb5b6,base
A2QPMJ4GADLUW2,1,8,context,1,geocentric_near,geocentric_near_context,North of,West of,The statue is BLANK Ali. Ali walks East. The statue is North of Ali.,d07fd4d0-1e85-5fc3-8eeb-e7144e7bb5b6,base
A301GNFG8W711Q,1,8,context,0,geocentric_near,geocentric_near_context,North of,West of,The statue is BLANK Ali. Ali walks East. The statue is North of Ali.,d07fd4d0-1e85-5fc3-8eeb-e7144e7bb5b6,base
A3CCFD0700KTPV,1,8,context,1,geocentric_near,geocentric_near_context,North of,West of,The statue is BLANK Ali. Ali walks East. The statue is North of Ali.,d07fd4d0-1e85-5fc3-8eeb-e7144e7bb5b6,base
A3MELYYGRJ61SX,1,8,context,1,geocentric_near,geocentric_near_context,North of,West of,The statue is BLANK Ali. Ali walks East. The statue is North of Ali.,d07fd4d0-1e85-5fc3-8eeb-e7144e7bb5b6,base
A70TBKPGWQZO4,1,8,context,1,geocentric_near,geocentric_near_context,North of,West of,The statue is BLANK Ali. Ali walks East. The statue is North of Ali.,d07fd4d0-1e85-5fc3-8eeb-e7144e7bb5b6,base
A8V0L2YF8U6OX,1,8,context,0,geocentric_near,geocentric_near_context,North of,West of,The statue is BLANK Ali. Ali walks East. The statue is North of Ali.,d07fd4d0-1e85-5fc3-8eeb-e7144e7bb5b6,base
AJZRDVBZ6TKGH,1,8,context,0,geocentric_near,geocentric_near_context,North of,West of,The statue is BLANK Ali. Ali walks East. The statue is North of Ali.,d07fd4d0-1e85-5fc3-8eeb-e7144e7bb5b6,base
A1G6F1HWIS2K2K,1,8,context,1,geocentric_near,geocentric_near_context,East of,North of,The statue is BLANK Ali. Ali walks South. The statue is East of Ali.,654f3246-8a02-5b35-998c-05ad57e525bc,base
A1HNNX44U3OF0X,1,8,context,1,geocentric_near,geocentric_near_context,East of,North of,The statue is BLANK Ali. Ali walks South. The statue is East of Ali.,654f3246-8a02-5b35-998c-05ad57e525bc,base
A1JI19KPIVNL3Y,1,8,context,1,geocentric_near,geocentric_near_context,East of,North of,The statue is BLANK Ali. Ali walks South. The statue is East of Ali.,654f3246-8a02-5b35-998c-05ad57e525bc,base
A1MN2PWAV10VAB,1,8,context,1,geocentric_near,geocentric_near_context,East of,North of,The statue is BLANK Ali. Ali walks South. The statue is East of Ali.,654f3246-8a02-5b35-998c-05ad57e525bc,base
A26NGLGGFTATVN,1,8,context,1,geocentric_near,geocentric_near_context,East of,North of,The statue is BLANK Ali. Ali walks South. The statue is East of Ali.,654f3246-8a02-5b35-998c-05ad57e525bc,base
A27HVVLSZZ13XK,1,8,context,1,geocentric_near,geocentric_near_context,East of,North of,The statue is BLANK Ali. Ali walks South. The statue is East of Ali.,654f3246-8a02-5b35-998c-05ad57e525bc,base
A2EIIVAAENPBSA,1,8,context,0,geocentric_near,geocentric_near_context,East of,North of,The statue is BLANK Ali. Ali walks South. The statue is East of Ali.,654f3246-8a02-5b35-998c-05ad57e525bc,base
A2ISDU1AXUHR4N,1,8,context,1,geocentric_near,geocentric_near_context,East of,North of,The statue is BLANK Ali. Ali walks South. The statue is East of Ali.,654f3246-8a02-5b35-998c-05ad57e525bc,base
A2QPMJ4GADLUW2,1,8,context,1,geocentric_near,geocentric_near_context,East of,North of,The statue is BLANK Ali. Ali walks South. The statue is East of Ali.,654f3246-8a02-5b35-998c-05ad57e525bc,base
A301GNFG8W711Q,1,8,context,0,geocentric_near,geocentric_near_context,East of,North of,The statue is BLANK Ali. Ali walks South. The statue is East of Ali.,654f3246-8a02-5b35-998c-05ad57e525bc,base
A3CCFD0700KTPV,1,8,context,1,geocentric_near,geocentric_near_context,East of,North of,The statue is BLANK Ali. Ali walks South. The statue is East of Ali.,654f3246-8a02-5b35-998c-05ad57e525bc,base
A3MELYYGRJ61SX,1,8,context,0,geocentric_near,geocentric_near_context,East of,North of,The statue is BLANK Ali. Ali walks South. The statue is East of Ali.,654f3246-8a02-5b35-998c-05ad57e525bc,base
A70TBKPGWQZO4,1,8,context,1,geocentric_near,geocentric_near_context,East of,North of,The statue is BLANK Ali. Ali walks South. The statue is East of Ali.,654f3246-8a02-5b35-998c-05ad57e525bc,base
A8V0L2YF8U6OX,1,8,context,0,geocentric_near,geocentric_near_context,East of,North of,The statue is BLANK Ali. Ali walks South. The statue is East of Ali.,654f3246-8a02-5b35-998c-05ad57e525bc,base
AJZRDVBZ6TKGH,1,8,context,1,geocentric_near,geocentric_near_context,East of,North of,The statue is BLANK Ali. Ali walks South. The statue is East of Ali.,654f3246-8a02-5b35-998c-05ad57e525bc,base
A1G6F1HWIS2K2K,1,8,context,1,state_follows,state_follows_context,on,off,The stove is BLANK. Ali puts his hand on the stove. Ali's hand is burnt.,dd2e63d7-f3c3-5b58-9ffc-10abbb850897,base
A1HNNX44U3OF0X,1,8,context,1,state_follows,state_follows_context,on,off,The stove is BLANK. Ali puts his hand on the stove. Ali's hand is burnt.,dd2e63d7-f3c3-5b58-9ffc-10abbb850897,base
A1JI19KPIVNL3Y,1,8,context,1,state_follows,state_follows_context,on,off,The stove is BLANK. Ali puts his hand on the stove. Ali's hand is burnt.,dd2e63d7-f3c3-5b58-9ffc-10abbb850897,base
A1MN2PWAV10VAB,1,8,context,1,state_follows,state_follows_context,on,off,The stove is BLANK. Ali puts his hand on the stove. Ali's hand is burnt.,dd2e63d7-f3c3-5b58-9ffc-10abbb850897,base
A26NGLGGFTATVN,1,8,context,1,state_follows,state_follows_context,on,off,The stove is BLANK. Ali puts his hand on the stove. Ali's hand is burnt.,dd2e63d7-f3c3-5b58-9ffc-10abbb850897,base
A27HVVLSZZ13XK,1,8,context,1,state_follows,state_follows_context,on,off,The stove is BLANK. Ali puts his hand on the stove. Ali's hand is burnt.,dd2e63d7-f3c3-5b58-9ffc-10abbb850897,base
A2EIIVAAENPBSA,1,8,context,1,state_follows,state_follows_context,on,off,The stove is BLANK. Ali puts his hand on the stove. Ali's hand is burnt.,dd2e63d7-f3c3-5b58-9ffc-10abbb850897,base
A2ISDU1AXUHR4N,1,8,context,1,state_follows,state_follows_context,on,off,The stove is BLANK. Ali puts his hand on the stove. Ali's hand is burnt.,dd2e63d7-f3c3-5b58-9ffc-10abbb850897,base
A2QPMJ4GADLUW2,1,8,context,1,state_follows,state_follows_context,on,off,The stove is BLANK. Ali puts his hand on the stove. Ali's hand is burnt.,dd2e63d7-f3c3-5b58-9ffc-10abbb850897,base
A301GNFG8W711Q,1,8,context,0,state_follows,state_follows_context,on,off,The stove is BLANK. Ali puts his hand on the stove. Ali's hand is burnt.,dd2e63d7-f3c3-5b58-9ffc-10abbb850897,base
A3CCFD0700KTPV,1,8,context,1,state_follows,state_follows_context,on,off,The stove is BLANK. Ali puts his hand on the stove. Ali's hand is burnt.,dd2e63d7-f3c3-5b58-9ffc-10abbb850897,base
A3MELYYGRJ61SX,1,8,context,1,state_follows,state_follows_context,on,off,The stove is BLANK. Ali puts his hand on the stove. Ali's hand is burnt.,dd2e63d7-f3c3-5b58-9ffc-10abbb850897,base
A70TBKPGWQZO4,1,8,context,1,state_follows,state_follows_context,on,off,The stove is BLANK. Ali puts his hand on the stove. Ali's hand is burnt.,dd2e63d7-f3c3-5b58-9ffc-10abbb850897,base
A8V0L2YF8U6OX,1,8,context,0,state_follows,state_follows_context,on,off,The stove is BLANK. Ali puts his hand on the stove. Ali's hand is burnt.,dd2e63d7-f3c3-5b58-9ffc-10abbb850897,base
AJZRDVBZ6TKGH,1,8,context,1,state_follows,state_follows_context,on,off,The stove is BLANK. Ali puts his hand on the stove. Ali's hand is burnt.,dd2e63d7-f3c3-5b58-9ffc-10abbb850897,base
A1G6F1HWIS2K2K,1,8,context,1,action_follows,action_follows_context,floor,table,The wine glass is on the BLANK. Ali bumps the wine glass. The wine spills on the floor.,09236428-50c5-59b2-90d1-53711d6c7795,base
A1HNNX44U3OF0X,1,8,context,0,action_follows,action_follows_context,floor,table,The wine glass is on the BLANK. Ali bumps the wine glass. The wine spills on the floor.,09236428-50c5-59b2-90d1-53711d6c7795,base
A1JI19KPIVNL3Y,1,8,context,0,action_follows,action_follows_context,floor,table,The wine glass is on the BLANK. Ali bumps the wine glass. The wine spills on the floor.,09236428-50c5-59b2-90d1-53711d6c7795,base
A1MN2PWAV10VAB,1,8,context,0,action_follows,action_follows_context,floor,table,The wine glass is on the BLANK. Ali bumps the wine glass. The wine spills on the floor.,09236428-50c5-59b2-90d1-53711d6c7795,base
A26NGLGGFTATVN,1,8,context,0,action_follows,action_follows_context,floor,table,The wine glass is on the BLANK. Ali bumps the wine glass. The wine spills on the floor.,09236428-50c5-59b2-90d1-53711d6c7795,base
A27HVVLSZZ13XK,1,8,context,0,action_follows,action_follows_context,floor,table,The wine glass is on the BLANK. Ali bumps the wine glass. The wine spills on the floor.,09236428-50c5-59b2-90d1-53711d6c7795,base
A2EIIVAAENPBSA,1,8,context,0,action_follows,action_follows_context,floor,table,The wine glass is on the BLANK. Ali bumps the wine glass. The wine spills on the floor.,09236428-50c5-59b2-90d1-53711d6c7795,base
A2ISDU1AXUHR4N,1,8,context,0,action_follows,action_follows_context,floor,table,The wine glass is on the BLANK. Ali bumps the wine glass. The wine spills on the floor.,09236428-50c5-59b2-90d1-53711d6c7795,base
A2QPMJ4GADLUW2,1,8,context,0,action_follows,action_follows_context,floor,table,The wine glass is on the BLANK. Ali bumps the wine glass. The wine spills on the floor.,09236428-50c5-59b2-90d1-53711d6c7795,base
A301GNFG8W711Q,1,8,context,0,action_follows,action_follows_context,floor,table,The wine glass is on the BLANK. Ali bumps the wine glass. The wine spills on the floor.,09236428-50c5-59b2-90d1-53711d6c7795,base
A3CCFD0700KTPV,1,8,context,1,action_follows,action_follows_context,floor,table,The wine glass is on the BLANK. Ali bumps the wine glass. The wine spills on the floor.,09236428-50c5-59b2-90d1-53711d6c7795,base
A3MELYYGRJ61SX,1,8,context,0,action_follows,action_follows_context,floor,table,The wine glass is on the BLANK. Ali bumps the wine glass. The wine spills on the floor.,09236428-50c5-59b2-90d1-53711d6c7795,base
A70TBKPGWQZO4,1,8,context,0,action_follows,action_follows_context,floor,table,The wine glass is on the BLANK. Ali bumps the wine glass. The wine spills on the floor.,09236428-50c5-59b2-90d1-53711d6c7795,base
A8V0L2YF8U6OX,1,8,context,1,action_follows,action_follows_context,floor,table,The wine glass is on the BLANK. Ali bumps the wine glass. The wine spills on the floor.,09236428-50c5-59b2-90d1-53711d6c7795,base
AJZRDVBZ6TKGH,1,8,context,1,action_follows,action_follows_context,floor,table,The wine glass is on the BLANK. Ali bumps the wine glass. The wine spills on the floor.,09236428-50c5-59b2-90d1-53711d6c7795,base
A144N9R7W4H67O,2,7,retest,1,relative_pos,relative_pos_target,touching,not touching,The box is next to the ball. Ali puts the ball inside the box. The ball is BLANK the box.,8b324b61-eae2-5fb9-a533-4edc94fc8959,base
A144N9R7W4H67O,2,7,retest,1,two_refs_egocentric,two_refs_egocentric_target,right,left,Ali is to Mark's right. Ali turns around. Ali is to Mark's BLANK.,fb50aa4f-e1a5-5502-b6c5-af9ac29e973f,base
A144N9R7W4H67O,2,7,retest,1,two_refs_egocentric,two_refs_egocentric_context,left of,right of,Mark is to the BLANK Ali. Mark looks to his left and Ali looks to his left. Ali is facing towards Mark.,32e2f418-ea5f-51a7-b0a7-31dc7b546d0d,base
A144N9R7W4H67O,2,7,retest,0,two_refs_egocentric,two_refs_egocentric_target,further from,closer to,Mark is in front of Ali. Mark walks forwards. Mark is getting BLANK Ali.,2829a666-eb26-5378-b0eb-cfd72cc8b03f,base
A144N9R7W4H67O,2,7,retest,1,two_refs_egocentric,two_refs_egocentric_context,Mark,Ali,Ali and Mark are facing eachother. BLANK turns around. Ali is facing towards Mark.,554eecfd-5f36-53a1-a69b-9db494809329,base
A144N9R7W4H67O,2,7,retest,0,two_refs_egocentric,two_refs_egocentric_target,towards,away from,Mark is facing right and Ali is facing left. Mark turns to his left. Mark is facing BLANK Ali.,fd16ce5b-b6ff-590c-8c7d-97dea24f49f2,base
A144N9R7W4H67O,2,7,retest,0,relative_pos,relative_pos_context,touching,far from,The tennis ball is BLANK the bowling ball. Ali rolls the bowling ball. The bowling ball is further from the tennis ball.,4da6b0a2-fbd8-5d77-8b6a-05110a23606c,base
A144N9R7W4H67O,2,7,retest,1,two_refs_egocentric,two_refs_egocentric_context,right,left,Ali is to Mark's BLANK. Ali turns around. Ali is to Mark's right.,3d9a8209-4859-5626-ae60-7106a591cf7d,base
A144N9R7W4H67O,2,7,retest,1,relative_pos,relative_pos_target,closer to,further from,Ali is holding the tennis ball and the ping pong ball is on the floor. Ali picks up the ping pong ball. The ping pong ball is BLANK the tennis ball.,af77a546-4fb5-5490-b4db-cac9fd597078,base
A144N9R7W4H67O,2,7,retest,1,relative_pos,relative_pos_context,desk on the box,box on the desk,The box is next to the desk. Ali stacks the BLANK. The box is below the desk.,c2788238-3365-5292-9d47-fe45ebf9d292,base
A144N9R7W4H67O,2,7,retest,0,two_refs_egocentric,two_refs_egocentric_target,away from,towards,Mark and Ali are both facing left. Ali turns to his right. Ali is facing BLANK Mark.,b95f9817-6f0f-52e4-917e-5e53b7e08502,base
A144N9R7W4H67O,2,7,retest,1,relative_pos,relative_pos_context,box inside the ball,ball inside the box,The box is next to the ball. Ali puts the BLANK. the ball is larger than the box.,d0f6e14f-c11f-5129-a06d-757d2ef1f3e0,base
A144N9R7W4H67O,2,7,retest,1,two_refs_egocentric,two_refs_egocentric_context,right of,left of,Ali is to the BLANK Mark. Mark looks to his right. Mark see Ali.,162a2775-ee11-5113-88b7-2c0428ec9880,base
A144N9R7W4H67O,2,7,retest,0,two_refs_egocentric,two_refs_egocentric_target,away from,towards,Mark and Ali are both facing right. Ali turns to his left. Ali is facing BLANK Mark.,313894db-d76b-5163-8db3-6e5c4869a7c2,base
A144N9R7W4H67O,2,7,retest,1,two_refs_egocentric,two_refs_egocentric_context,away from,towards,Mark is facing BLANK Ali. Ali turns around. Mark is facing away Ali.,895de9d1-e0d1-5c72-8735-26632183eb17,base
A144N9R7W4H67O,2,7,retest,1,two_refs_egocentric,two_refs_egocentric_context,behind,in front of,Mark is BLANK Ali. Mark walks backwards. Mark is getting further from Ali.,ecf7b885-f68f-5217-ad5e-060cd2931386,base
A144N9R7W4H67O,2,7,retest,1,two_refs_egocentric,two_refs_egocentric_context,towards,away from,Ali is facing BLANK Mark. Ali turns around. Ali is facing away from Mark.,f4266518-1793-5186-bc8d-ae526e9a43f9,base
A144N9R7W4H67O,2,7,retest,1,relative_pos,relative_pos_context,drops,picks up,Ali is holding the tennis ball and the ping pong ball. Ali BLANK the ping pong ball. The ping pong ball is further from the tennis ball.,e0a90fc5-4ebc-567a-bbc8-8bd5d3b008ec,base
A144N9R7W4H67O,2,7,retest,1,two_refs_egocentric,two_refs_egocentric_target,away from,towards,Mark and Ali are facing away from eachother. Mark turns around. Ali is facing BLANK Mark.,be5f74e8-5413-5aa2-97f3-17a48d7c1398,base
A144N9R7W4H67O,2,7,retest,1,two_refs_egocentric,two_refs_egocentric_target,away from,towards,Ali is to the right of Mark. Mark looks to his left and Ali looks to his right. Ali is facing BLANK Mark.,55e95efb-f247-5bea-8540-4b6bee6c11de,base
A144N9R7W4H67O,2,7,retest,1,two_refs_egocentric,two_refs_egocentric_target,left,right,Ali is to Mark's right. Mark turns around. Ali is to Mark's BLANK.,2206d693-156b-580d-a926-7c9dd845f0df,base
A144N9R7W4H67O,2,7,retest,1,two_refs_egocentric,two_refs_egocentric_context,right,left,Ali is to Mark's BLANK. Mark turns around. Ali is to Mark's left.,0d41b0d1-a40c-52ae-8a94-0328e70ebb21,base
A144N9R7W4H67O,2,7,retest,1,relative_pos,relative_pos_target,not touching,touching,The ball is inside the box. Ali picks up the ball. The ball is BLANK the box.,5a02c0af-7a58-5836-894b-de2e4b5c22df,base
A144N9R7W4H67O,2,7,retest,1,two_refs_egocentric,two_refs_egocentric_context,right,left,Mark is facing BLANK and Ali is facing left. Mark turns to his left. Mark is facing towards Ali.,7de47fb4-c4b1-5b47-be35-ade455a74837,base
A144N9R7W4H67O,2,7,retest,0,two_refs_egocentric,two_refs_egocentric_target,away,towards,Mark is facing away from Ali. Ali turns around. Mark is facing BLANK Ali.,b76b8738-c1c0-51f3-a9d3-afd39d7b27de,base
A144N9R7W4H67O,2,7,retest,1,two_refs_egocentric,two_refs_egocentric_target,away,towards,Ali is facing towards Mark. Ali turns around. Ali is facing BLANK Mark.,03aa1fc7-369b-5dbc-a94e-7d6f36d60ff7,base
A144N9R7W4H67O,2,7,retest,1,two_refs_egocentric,two_refs_egocentric_context,in front of,behind,Mark is BLANK Ali. Mark walks forwards. Mark is getting further from Ali.,65c476d8-7b46-50ad-9fa1-ba59c9300205,base
A144N9R7W4H67O,2,7,retest,1,relative_pos,relative_pos_target,higher than,lower than,The ball and the box are on the table. Ali picks up the ball. The ball is BLANK the box.,86bdb97e-1aa8-54ef-91f1-a041c3184f9e,base
A144N9R7W4H67O,2,7,retest,1,two_refs_egocentric,two_refs_egocentric_target,closer to,further from,Mark is behind Ali. Mark walks fowards. Mark is getting BLANK Ali.,95034e79-b705-587b-9cd2-41aa02e2609b,base
A144N9R7W4H67O,2,7,retest,0,relative_pos,relative_pos_target,below,above,The box is next to the desk. Ali stacks the desk on the box. The box is BLANK the desk.,8aeff28e-26ae-521e-82a2-2e601a18054c,base
A144N9R7W4H67O,2,7,retest,1,two_refs_egocentric,two_refs_egocentric_target,towards,away from,Mark is to the left of Ali. Mark looks to his left and Ali looks to his left. Ali is facing BLANK Mark.,3b349749-0956-5093-b528-ea281f998710,base
A144N9R7W4H67O,2,7,retest,0,two_refs_egocentric,two_refs_egocentric_context,away from,towards,Mark and Ali are facing BLANK eachother. Mark turns around. Ali is facing away from Mark.,7639e22f-157b-54af-bc89-d24f4f594fbc,base
A144N9R7W4H67O,2,7,retest,1,two_refs_egocentric,two_refs_egocentric_context,behind,in front of,Mark is BLANK Ali. Mark walks forwards. Mark is getting closer to Ali.,c2e3cc6a-24a4-5d9e-9c86-9aa843019959,base
A144N9R7W4H67O,2,7,retest,1,two_refs_egocentric,two_refs_egocentric_context,left,right,Mark and Ali are both facing BLANK. Ali turns to his right. Ali is facing away from Mark.,e558cc86-f7fb-53e8-a6d0-b663f3736066,base
A144N9R7W4H67O,2,7,retest,1,two_refs_egocentric,two_refs_egocentric_target,towards,away from,Ali and Mark are facing eachother. Mark turns around. Ali is facing BLANK Mark.,0f27ed08-ff9a-593c-a9d7-a3c11c3fa063,base
A144N9R7W4H67O,2,7,retest,1,relative_pos,relative_pos_target,lower than,higher than,The ball and the box are on top of the ramp. The ball rolls down the ramp. The ball is BLANK the box.,43ee992d-ffc4-5dbd-9aa3-d6017f8b92d1,base
A144N9R7W4H67O,2,7,retest,0,relative_pos,relative_pos_context,drops,picks up,Ali is holding the tennis ball and the ping pong ball is on the floor. Ali BLANK the ping pong ball. The ping pong ball is closer to the tennis ball.,e9045eb2-8977-5b55-a497-b208a72d84e3,base
A144N9R7W4H67O,2,7,retest,1,two_refs_egocentric,two_refs_egocentric_context,right of,left of,Ali is to the BLANK Mark. Mark looks to his left and Ali looks to his right. Ali is facing away from Mark.,5042a6f6-7c11-5467-85b5-0ab828d3c5d1,base
A144N9R7W4H67O,2,7,retest,1,two_refs_egocentric,two_refs_egocentric_context,away from,towards,Ali is facing BLANK Mark. Ali turns around. Ali is facing towards Mark.,449d83b2-712b-5aac-8c22-00d1bb07b0f7,base
A144N9R7W4H67O,2,7,retest,0,relative_pos,relative_pos_target,larger than,smaller than,The box is next to the ball. Ali puts the box inside the ball. the ball is BLANK the box.,e9cd54e4-b0c0-5fb6-b31f-9d48dd2f95be,base
A144N9R7W4H67O,2,7,retest,1,two_refs_egocentric,two_refs_egocentric_target,further from,closer to,Mark is behind Ali. Mark walks backwards. Mark is getting BLANK Ali.,48bff914-3c65-5b87-a359-0a1184e0384a,base
A144N9R7W4H67O,2,7,retest,1,two_refs_egocentric,two_refs_egocentric_context,right,left,Mark and Ali are both facing BLANK. Ali turns to his left. Ali is facing away from Mark.,6b81874a-94f4-52ac-8699-24e6582fc7e8,base
A144N9R7W4H67O,2,7,retest,1,two_refs_egocentric,two_refs_egocentric_target,can't see,sees,Ali is to the right of Mark. Mark looks to his left. Mark BLANK Ali.,fbf592f6-8ba1-5c3c-9621-b9b115f14b45,base
A144N9R7W4H67O,2,7,retest,1,two_refs_egocentric,two_refs_egocentric_target,away from,towards,Mark is to the left of Ali. Mark looks to his left and Ali looks to his right. Ali is facing BLANK Mark.,d2172169-bc46-53a4-b15d-1427bee617a3,base
A144N9R7W4H67O,2,7,retest,1,two_refs_egocentric,two_refs_egocentric_target,right,left,Ali is to Mark's right. Ali turns around. Ali is to Mark's BLANK.,fb50aa4f-e1a5-5502-b6c5-af9ac29e973f,base
A144N9R7W4H67O,2,7,retest,1,two_refs_egocentric,two_refs_egocentric_target,right,left,Ali is to Mark's right. Ali turns around. Ali is to Mark's BLANK.,fb50aa4f-e1a5-5502-b6c5-af9ac29e973f,base
A144N9R7W4H67O,2,7,retest,1,two_refs_egocentric,two_refs_egocentric_target,further from,closer to,Mark is in front of Ali. Mark walks forwards. Mark is getting BLANK Ali.,2829a666-eb26-5378-b0eb-cfd72cc8b03f,base
A144N9R7W4H67O,2,7,retest,1,two_refs_egocentric,two_refs_egocentric_target,further from,closer to,Mark is in front of Ali. Mark walks forwards. Mark is getting BLANK Ali.,2829a666-eb26-5378-b0eb-cfd72cc8b03f,base
A144N9R7W4H67O,2,7,retest,0,two_refs_egocentric,two_refs_egocentric_target,towards,away from,Mark is facing right and Ali is facing left. Mark turns to his left. Mark is facing BLANK Ali.,fd16ce5b-b6ff-590c-8c7d-97dea24f49f2,base
A144N9R7W4H67O,2,7,retest,0,two_refs_egocentric,two_refs_egocentric_target,towards,away from,Mark is facing right and Ali is facing left. Mark turns to his left. Mark is facing BLANK Ali.,fd16ce5b-b6ff-590c-8c7d-97dea24f49f2,base
A144N9R7W4H67O,2,7,retest,0,relative_pos,relative_pos_context,touching,far from,The tennis ball is BLANK the bowling ball. Ali rolls the bowling ball. The bowling ball is further from the tennis ball.,4da6b0a2-fbd8-5d77-8b6a-05110a23606c,base
A144N9R7W4H67O,2,7,retest,0,relative_pos,relative_pos_context,touching,far from,The tennis ball is BLANK the bowling ball. Ali rolls the bowling ball. The bowling ball is further from the tennis ball.,4da6b0a2-fbd8-5d77-8b6a-05110a23606c,base
A144N9R7W4H67O,2,7,retest,1,two_refs_egocentric,two_refs_egocentric_context,right,left,Ali is to Mark's BLANK. Ali turns around. Ali is to Mark's right.,3d9a8209-4859-5626-ae60-7106a591cf7d,base
A144N9R7W4H67O,2,7,retest,1,two_refs_egocentric,two_refs_egocentric_context,right,left,Ali is to Mark's BLANK. Ali turns around. Ali is to Mark's right.,3d9a8209-4859-5626-ae60-7106a591cf7d,base
A144N9R7W4H67O,2,7,retest,0,two_refs_egocentric,two_refs_egocentric_target,away from,towards,Mark and Ali are both facing left. Ali turns to his right. Ali is facing BLANK Mark.,b95f9817-6f0f-52e4-917e-5e53b7e08502,base
A144N9R7W4H67O,2,7,retest,0,two_refs_egocentric,two_refs_egocentric_target,away from,towards,Mark and Ali are both facing left. Ali turns to his right. Ali is facing BLANK Mark.,b95f9817-6f0f-52e4-917e-5e53b7e08502,base
A144N9R7W4H67O,2,7,retest,0,relative_pos,relative_pos_context,box inside the ball,ball inside the box,The box is next to the ball. Ali puts the BLANK. the ball is larger than the box.,d0f6e14f-c11f-5129-a06d-757d2ef1f3e0,base
A144N9R7W4H67O,2,7,retest,0,relative_pos,relative_pos_context,box inside the ball,ball inside the box,The box is next to the ball. Ali puts the BLANK. the ball is larger than the box.,d0f6e14f-c11f-5129-a06d-757d2ef1f3e0,base
A144N9R7W4H67O,2,7,retest,1,two_refs_egocentric,two_refs_egocentric_context,right of,left of,Ali is to the BLANK Mark. Mark looks to his right. Mark see Ali.,162a2775-ee11-5113-88b7-2c0428ec9880,base
A144N9R7W4H67O,2,7,retest,1,two_refs_egocentric,two_refs_egocentric_context,right of,left of,Ali is to the BLANK Mark. Mark looks to his right. Mark see Ali.,162a2775-ee11-5113-88b7-2c0428ec9880,base
A144N9R7W4H67O,2,7,retest,0,two_refs_egocentric,two_refs_egocentric_target,away from,towards,Mark and Ali are both facing right. Ali turns to his left. Ali is facing BLANK Mark.,313894db-d76b-5163-8db3-6e5c4869a7c2,base
A144N9R7W4H67O,2,7,retest,0,two_refs_egocentric,two_refs_egocentric_target,away from,towards,Mark and Ali are both facing right. Ali turns to his left. Ali is facing BLANK Mark.,313894db-d76b-5163-8db3-6e5c4869a7c2,base
A144N9R7W4H67O,2,7,retest,1,two_refs_egocentric,two_refs_egocentric_context,towards,away from,Ali is facing BLANK Mark. Ali turns around. Ali is facing away from Mark.,f4266518-1793-5186-bc8d-ae526e9a43f9,base
A144N9R7W4H67O,2,7,retest,1,two_refs_egocentric,two_refs_egocentric_context,towards,away from,Ali is facing BLANK Mark. Ali turns around. Ali is facing away from Mark.,f4266518-1793-5186-bc8d-ae526e9a43f9,base
A144N9R7W4H67O,2,7,retest,1,two_refs_egocentric,two_refs_egocentric_target,away from,towards,Mark and Ali are facing away from eachother. Mark turns around. Ali is facing BLANK Mark.,be5f74e8-5413-5aa2-97f3-17a48d7c1398,base
A144N9R7W4H67O,2,7,retest,1,two_refs_egocentric,two_refs_egocentric_target,away from,towards,Mark and Ali are facing away from eachother. Mark turns around. Ali is facing BLANK Mark.,be5f74e8-5413-5aa2-97f3-17a48d7c1398,base
A144N9R7W4H67O,2,7,retest,1,two_refs_egocentric,two_refs_egocentric_context,right,left,Mark is facing BLANK and Ali is facing left. Mark turns to his left. Mark is facing towards Ali.,7de47fb4-c4b1-5b47-be35-ade455a74837,base
A144N9R7W4H67O,2,7,retest,1,two_refs_egocentric,two_refs_egocentric_context,right,left,Mark is facing BLANK and Ali is facing left. Mark turns to his left. Mark is facing towards Ali.,7de47fb4-c4b1-5b47-be35-ade455a74837,base
A144N9R7W4H67O,2,7,retest,1,two_refs_egocentric,two_refs_egocentric_target,away,towards,Mark is facing away from Ali. Ali turns around. Mark is facing BLANK Ali.,b76b8738-c1c0-51f3-a9d3-afd39d7b27de,base
A144N9R7W4H67O,2,7,retest,1,two_refs_egocentric,two_refs_egocentric_target,away,towards,Mark is facing away from Ali. Ali turns around. Mark is facing BLANK Ali.,b76b8738-c1c0-51f3-a9d3-afd39d7b27de,base
A144N9R7W4H67O,2,7,retest,1,two_refs_egocentric,two_refs_egocentric_target,away,towards,Ali is facing towards Mark. Ali turns around. Ali is facing BLANK Mark.,03aa1fc7-369b-5dbc-a94e-7d6f36d60ff7,base
A144N9R7W4H67O,2,7,retest,1,two_refs_egocentric,two_refs_egocentric_target,away,towards,Ali is facing towards Mark. Ali turns around. Ali is facing BLANK Mark.,03aa1fc7-369b-5dbc-a94e-7d6f36d60ff7,base
A144N9R7W4H67O,2,7,retest,1,two_refs_egocentric,two_refs_egocentric_context,in front of,behind,Mark is BLANK Ali. Mark walks forwards. Mark is getting further from Ali.,65c476d8-7b46-50ad-9fa1-ba59c9300205,base
A144N9R7W4H67O,2,7,retest,1,two_refs_egocentric,two_refs_egocentric_context,in front of,behind,Mark is BLANK Ali. Mark walks forwards. Mark is getting further from Ali.,65c476d8-7b46-50ad-9fa1-ba59c9300205,base
A144N9R7W4H67O,2,7,retest,1,relative_pos,relative_pos_target,below,above,The box is next to the desk. Ali stacks the desk on the box. The box is BLANK the desk.,8aeff28e-26ae-521e-82a2-2e601a18054c,base
A144N9R7W4H67O,2,7,retest,1,relative_pos,relative_pos_target,below,above,The box is next to the desk. Ali stacks the desk on the box. The box is BLANK the desk.,8aeff28e-26ae-521e-82a2-2e601a18054c,base
A144N9R7W4H67O,2,7,retest,1,two_refs_egocentric,two_refs_egocentric_context,away from,towards,Mark and Ali are facing BLANK eachother. Mark turns around. Ali is facing away from Mark.,7639e22f-157b-54af-bc89-d24f4f594fbc,base
A144N9R7W4H67O,2,7,retest,1,two_refs_egocentric,two_refs_egocentric_context,away from,towards,Mark and Ali are facing BLANK eachother. Mark turns around. Ali is facing away from Mark.,7639e22f-157b-54af-bc89-d24f4f594fbc,base
A144N9R7W4H67O,2,7,retest,1,two_refs_egocentric,two_refs_egocentric_context,left,right,Mark and Ali are both facing BLANK. Ali turns to his right. Ali is facing away from Mark.,e558cc86-f7fb-53e8-a6d0-b663f3736066,base
A144N9R7W4H67O,2,7,retest,1,two_refs_egocentric,two_refs_egocentric_context,left,right,Mark and Ali are both facing BLANK. Ali turns to his right. Ali is facing away from Mark.,e558cc86-f7fb-53e8-a6d0-b663f3736066,base
A144N9R7W4H67O,2,7,retest,1,two_refs_egocentric,two_refs_egocentric_target,towards,away from,Ali and Mark are facing eachother. Mark turns around. Ali is facing BLANK Mark.,0f27ed08-ff9a-593c-a9d7-a3c11c3fa063,base
A144N9R7W4H67O,2,7,retest,1,two_refs_egocentric,two_refs_egocentric_target,towards,away from,Ali and Mark are facing eachother. Mark turns around. Ali is facing BLANK Mark.,0f27ed08-ff9a-593c-a9d7-a3c11c3fa063,base
A144N9R7W4H67O,2,7,retest,1,relative_pos,relative_pos_target,lower than,higher than,The ball and the box are on top of the ramp. The ball rolls down the ramp. The ball is BLANK the box.,43ee992d-ffc4-5dbd-9aa3-d6017f8b92d1,base
A144N9R7W4H67O,2,7,retest,1,relative_pos,relative_pos_target,lower than,higher than,The ball and the box are on top of the ramp. The ball rolls down the ramp. The ball is BLANK the box.,43ee992d-ffc4-5dbd-9aa3-d6017f8b92d1,base
A144N9R7W4H67O,2,7,retest,0,relative_pos,relative_pos_context,drops,picks up,Ali is holding the tennis ball and the ping pong ball is on the floor. Ali BLANK the ping pong ball. The ping pong ball is closer to the tennis ball.,e9045eb2-8977-5b55-a497-b208a72d84e3,base
A144N9R7W4H67O,2,7,retest,0,relative_pos,relative_pos_context,drops,picks up,Ali is holding the tennis ball and the ping pong ball is on the floor. Ali BLANK the ping pong ball. The ping pong ball is closer to the tennis ball.,e9045eb2-8977-5b55-a497-b208a72d84e3,base
A144N9R7W4H67O,2,7,retest,1,relative_pos,relative_pos_target,larger than,smaller than,The box is next to the ball. Ali puts the box inside the ball. the ball is BLANK the box.,e9cd54e4-b0c0-5fb6-b31f-9d48dd2f95be,base
A144N9R7W4H67O,2,7,retest,1,relative_pos,relative_pos_target,larger than,smaller than,The box is next to the ball. Ali puts the box inside the ball. the ball is BLANK the box.,e9cd54e4-b0c0-5fb6-b31f-9d48dd2f95be,base
A144N9R7W4H67O,2,7,retest,1,two_refs_egocentric,two_refs_egocentric_target,further from,closer to,Mark is behind Ali. Mark walks backwards. Mark is getting BLANK Ali.,48bff914-3c65-5b87-a359-0a1184e0384a,base
A144N9R7W4H67O,2,7,retest,1,two_refs_egocentric,two_refs_egocentric_target,further from,closer to,Mark is behind Ali. Mark walks backwards. Mark is getting BLANK Ali.,48bff914-3c65-5b87-a359-0a1184e0384a,base
A144N9R7W4H67O,2,7,retest,1,two_refs_egocentric,two_refs_egocentric_target,away from,towards,Mark is to the left of Ali. Mark looks to his left and Ali looks to his right. Ali is facing BLANK Mark.,d2172169-bc46-53a4-b15d-1427bee617a3,base
A144N9R7W4H67O,2,7,retest,1,two_refs_egocentric,two_refs_egocentric_target,away from,towards,Mark is to the left of Ali. Mark looks to his left and Ali looks to his right. Ali is facing BLANK Mark.,d2172169-bc46-53a4-b15d-1427bee617a3,base
A14E0Y5HPALKZN,2,3,retest,0,egocentric_distant,egocentric_distant_context,behind,in front of,Chicago is BLANK Ali. Ali turns right. Chicago is right of Ali.,dcec3e75-40eb-54de-bb48-ea58e65342e2,base
A14E0Y5HPALKZN,2,3,retest,1,action_nonfollows,action_nonfollows_context,above,under,The ball is BLANK the box. The ball moves right. The ball is higher than the box.,ee32b476-c535-542e-91e6-7f3a2a64fe12,base
A14E0Y5HPALKZN,2,3,retest,1,action_nonfollows,action_nonfollows_context,inside,outside,The ball is BLANK the box. Ali pushes the box forward. The ball is inside the box.,a4774963-8e72-50a3-bd53-59fc8a24d0f9,base
A14E0Y5HPALKZN,2,3,retest,1,egocentric_distant,egocentric_distant_context,left of,right of,Chicago is BLANK Ali. Ali turns around. Chicago is right of Ali.,e5deed13-5822-5717-897b-4a0ac2a78615,base
A14E0Y5HPALKZN,2,3,retest,0,action_nonfollows,action_nonfollows_context,in,outside,Ali is BLANK the wagon. Ali pushes on the wagon. The wagon doesn't move.,313607e6-5da0-5cda-9e5c-816f8b002988,base
A14E0Y5HPALKZN,2,3,retest,1,action_nonfollows,action_nonfollows_target,doesn't move,moves,The book is under the table. Ali moves the book. The table BLANK.,0db7dd2a-b02c-5034-9735-67371cfe2717,base
A14E0Y5HPALKZN,2,3,retest,1,egocentric_near,egocentric_near_target,left of,right of,The painting is right of Ali. Ali turns around. The painting is BLANK Ali.,6a7ee4a1-5db3-5076-ac24-2230ea37aa9e,base
A14E0Y5HPALKZN,2,3,retest,1,action_nonfollows,action_nonfollows_context,far from,touching,The ball is BLANK the box. Ali moves the box. The ball doesn't move.,c3650617-8199-590c-8d8b-d16df14b77b1,base
A14E0Y5HPALKZN,2,3,retest,0,action_nonfollows,action_nonfollows_target,in front of the statue,behind the statue,Ali is in front of the statue. Ali turns around. Ali is BLANK.,a32ed162-2be9-5aa8-93bc-ead31fd7049b,base
A14E0Y5HPALKZN,2,3,retest,1,action_nonfollows,action_nonfollows_target,doesn't move,moves,Ali is in the wagon. Ali pulls on the wagon. The wagon BLANK.,9794199e-e300-558b-b9ec-95fcbc93544f,base
A14E0Y5HPALKZN,2,3,retest,1,action_nonfollows,action_nonfollows_target,on top of,below,The ball is resting on top of the box. Ali pushes the box forward. The ball is BLANK the box.,e370550d-ab15-5ae2-b47f-7b94238ca644,base
A14E0Y5HPALKZN,2,3,retest,1,egocentric_distant,egocentric_distant_target,left of,right of,Chicago is right of Ali. Ali turns around. Chicago is BLANK Ali.,02ed9d8b-8be8-5d09-8e50-1c31eed01911,base
A14E0Y5HPALKZN,2,3,retest,1,state_follows,state_follows_target,breaks,doesn't break,The glass is on the table. Ali bumps the table. The glass BLANK.,6dce2e1a-b2fc-56ae-a304-0378aec4ff7b,base
A14E0Y5HPALKZN,2,3,retest,1,state_nonfollows,state_nonfollows_context,1 month,5 minutes,The wall was painted BLANK ago. Ali touches the wall. Ali's hand is clean.,3912f615-9518-5062-bfe9-b9deae98b3cc,base
A14E0Y5HPALKZN,2,3,retest,1,egocentric_near,egocentric_near_target,left of,right of,The painting is in front of Ali. Ali turns right. The painting is BLANK Ali.,0e4f4e87-15d0-5112-9419-f448e5fefa0a,base
A14E0Y5HPALKZN,2,3,retest,1,action_follows,action_follows_target,far from,close to,The baseball is close to Ali. Ali throws the baseball. The baseball is BLANK Ali.,b9e80e51-f4e6-5c6f-b976-6140e86b35a1,base
A14E0Y5HPALKZN,2,3,retest,1,egocentric_near,egocentric_near_context,in front of,behind,The painting is BLANK Ali. Ali turns right. The painting is left of Ali.,0e01e057-85b8-55f1-aa7c-67aa83d13493,base
A14E0Y5HPALKZN,2,3,retest,0,action_nonfollows,action_nonfollows_context,box,ball,The ball is close to Ali. Ali throws the BLANK. The ball is close to Ali.,f7802c6b-6603-57cf-876b-586d4f097a2f,base
A14E0Y5HPALKZN,2,3,retest,0,action_nonfollows,action_nonfollows_target,bottom,top of,The ball is at the bottom of the ramp. Ali pushes the ball. The ball is at the BLANK of the ramp.,4638c94d-5d90-536c-8392-2529e12efbd1,base
A14E0Y5HPALKZN,2,3,retest,1,egocentric_distant,egocentric_distant_context,away from,towards,Ali is facing BLANK Milwaukee. Ali turns 180 degrees. Ali is facing towards Milwaukee.,6dd46ce3-4a45-5c9f-b40d-27839337750b,base
A14E0Y5HPALKZN,2,3,retest,1,egocentric_distant,egocentric_distant_target,towards,away from,Ali is facing away from Milwaukee. Ali turns 180 degrees. Ali is facing BLANK Milwaukee.,5dcfd461-7fc1-571b-a376-3585ca034a0e,base
A14E0Y5HPALKZN,2,3,retest,1,state_nonfollows,state_nonfollows_context,sink,glass,The empty glass is on the table. Ali fills the BLANK halfway. The glass is dry.,19257184-707f-5809-ae07-f015d47b973f,base
A14E0Y5HPALKZN,2,3,retest,1,action_nonfollows,action_nonfollows_target,doesn't move,moves,Ali is in the wagon. Ali pushes on the wagon. The wagon BLANK.,a8981c8e-2d19-5659-ab76-8a4c027c51e5,base
A14E0Y5HPALKZN,2,3,retest,1,state_nonfollows,state_nonfollows_target,doesn't break,breaks,The glass and the cup are on the table. Ali pushes the cup off the table. The glass BLANK.,8dc99dd8-2eac-5a2a-bc48-48d899f2d287,base
A14E0Y5HPALKZN,2,3,retest,1,action_nonfollows,action_nonfollows_context,lamp,table,The wine glass is on the table. Ali bumps the BLANK. The wine doesn't spill.,c2bfe739-1139-5eac-a500-bf7cde68550a,base
A14E0Y5HPALKZN,2,3,retest,1,action_nonfollows,action_nonfollows_context,ball,box,The box is close to Ali. Ali throws the BLANK. The box is close to Ali.,97f1b8d8-8f88-575a-a82e-5557d245f329,base
A14E0Y5HPALKZN,2,3,retest,1,egocentric_distant,egocentric_distant_context,behind,in front of,Chicago is BLANK Ali. Ali turns left. Chicago is left of Ali.,67a9f12e-deda-5f51-b5e2-d24f0caec230,base
A14E0Y5HPALKZN,2,3,retest,0,egocentric_near,egocentric_near_target,right of,left of,The painting is left of Ali. Ali turns around. The painting is BLANK Ali.,65d0a958-c00d-5c1f-8f9a-c3732b584548,base
A14E0Y5HPALKZN,2,3,retest,1,action_nonfollows,action_nonfollows_context,behind the statue,in front of the statue,Ali is BLANK. Ali turns around. Ali is behind the statue.,7d17626f-d7ad-50f5-8804-948780e275ec,base
A14E0Y5HPALKZN,2,3,retest,1,action_nonfollows,action_nonfollows_context,under,on,The book is BLANK the table. Ali moves the table. The book doesn't move.,daae5815-074e-5b9c-a1b7-d2704748305c,base
A14E0Y5HPALKZN,2,3,retest,1,egocentric_distant,egocentric_distant_context,towards,away from,Ali is facing BLANK Chicago. Ali turns right. Chicago is left of Ali.,58361726-9384-5c8e-b9f5-34e514fbfb2c,base
A14E0Y5HPALKZN,2,3,retest,0,state_nonfollows,state_nonfollows_target,colder,warmer,The soup is on the table. Ali turns on the stove. The soup gets BLANK.,43bffc24-3955-522c-a74b-5fd4b204d283,base
A14E0Y5HPALKZN,2,3,retest,0,egocentric_distant,egocentric_distant_context,behind,in front of,Chicago is BLANK Ali. Ali turns right. Chicago is right of Ali.,dcec3e75-40eb-54de-bb48-ea58e65342e2,base
A14E0Y5HPALKZN,2,3,retest,0,egocentric_distant,egocentric_distant_context,behind,in front of,Chicago is BLANK Ali. Ali turns right. Chicago is right of Ali.,dcec3e75-40eb-54de-bb48-ea58e65342e2,base
A14E0Y5HPALKZN,2,3,retest,1,action_nonfollows,action_nonfollows_context,inside,outside,The ball is BLANK the box. Ali pushes the box forward. The ball is inside the box.,a4774963-8e72-50a3-bd53-59fc8a24d0f9,base
A14E0Y5HPALKZN,2,3,retest,1,action_nonfollows,action_nonfollows_context,inside,outside,The ball is BLANK the box. Ali pushes the box forward. The ball is inside the box.,a4774963-8e72-50a3-bd53-59fc8a24d0f9,base
A14E0Y5HPALKZN,2,3,retest,1,egocentric_distant,egocentric_distant_context,left of,right of,Chicago is BLANK Ali. Ali turns around. Chicago is right of Ali.,e5deed13-5822-5717-897b-4a0ac2a78615,base
A14E0Y5HPALKZN,2,3,retest,1,egocentric_distant,egocentric_distant_context,left of,right of,Chicago is BLANK Ali. Ali turns around. Chicago is right of Ali.,e5deed13-5822-5717-897b-4a0ac2a78615,base
A14E0Y5HPALKZN,2,3,retest,1,action_nonfollows,action_nonfollows_context,in,outside,Ali is BLANK the wagon. Ali pushes on the wagon. The wagon doesn't move.,313607e6-5da0-5cda-9e5c-816f8b002988,base
A14OZ27P2ZRJ4T,2,7,retest,1,two_refs_egocentric,two_refs_egocentric_target,can't see,sees,Ali is to the right of Mark. Mark looks to his left. Mark BLANK Ali.,fbf592f6-8ba1-5c3c-9621-b9b115f14b45,base
A14OZ27P2ZRJ4T,2,7,retest,1,relative_pos,relative_pos_context,box inside the ball,ball inside the box,The box is next to the ball. Ali puts the BLANK. the ball is larger than the box.,d0f6e14f-c11f-5129-a06d-757d2ef1f3e0,base
A14OZ27P2ZRJ4T,2,7,retest,1,two_refs_egocentric,two_refs_egocentric_context,right of,left of,Ali is to the BLANK Mark. Mark looks to his left and Ali looks to his right. Ali is facing away from Mark.,5042a6f6-7c11-5467-85b5-0ab828d3c5d1,base
A14OZ27P2ZRJ4T,2,7,retest,1,two_refs_egocentric,two_refs_egocentric_context,away from,towards,Ali is facing BLANK Mark. Ali turns around. Ali is facing towards Mark.,449d83b2-712b-5aac-8c22-00d1bb07b0f7,base
A14OZ27P2ZRJ4T,2,7,retest,0,two_refs_egocentric,two_refs_egocentric_context,left,right,Mark and Ali are both facing BLANK. Ali turns to his right. Ali is facing away from Mark.,e558cc86-f7fb-53e8-a6d0-b663f3736066,base
A14OZ27P2ZRJ4T,2,7,retest,1,two_refs_egocentric,two_refs_egocentric_context,right,left,Mark is facing BLANK and Ali is facing left. Mark turns to his left. Mark is facing towards Ali.,7de47fb4-c4b1-5b47-be35-ade455a74837,base
A14OZ27P2ZRJ4T,2,7,retest,1,two_refs_egocentric,two_refs_egocentric_target,away from,towards,Mark and Ali are both facing right. Ali turns to his left. Ali is facing BLANK Mark.,313894db-d76b-5163-8db3-6e5c4869a7c2,base
A14OZ27P2ZRJ4T,2,7,retest,1,relative_pos,relative_pos_target,lower than,higher than,The ball and the box are on top of the ramp. The ball rolls down the ramp. The ball is BLANK the box.,43ee992d-ffc4-5dbd-9aa3-d6017f8b92d1,base
A14OZ27P2ZRJ4T,2,7,retest,0,relative_pos,relative_pos_context,drops,picks up,Ali is holding the tennis ball and the ping pong ball is on the floor. Ali BLANK the ping pong ball. The ping pong ball is closer to the tennis ball.,e9045eb2-8977-5b55-a497-b208a72d84e3,base
A14OZ27P2ZRJ4T,2,7,retest,1,relative_pos,relative_pos_target,not touching,touching,The ball is inside the box. Ali picks up the ball. The ball is BLANK the box.,5a02c0af-7a58-5836-894b-de2e4b5c22df,base
A14OZ27P2ZRJ4T,2,7,retest,1,relative_pos,relative_pos_target,larger than,smaller than,The box is next to the ball. Ali puts the box inside the ball. the ball is BLANK the box.,e9cd54e4-b0c0-5fb6-b31f-9d48dd2f95be,base
A14OZ27P2ZRJ4T,2,7,retest,1,relative_pos,relative_pos_context,desk on the box,box on the desk,The box is next to the desk. Ali stacks the BLANK. The box is below the desk.,c2788238-3365-5292-9d47-fe45ebf9d292,base
A14OZ27P2ZRJ4T,2,7,retest,1,two_refs_egocentric,two_refs_egocentric_target,towards,away from,Mark is facing right and Ali is facing left. Mark turns to his left. Mark is facing BLANK Ali.,fd16ce5b-b6ff-590c-8c7d-97dea24f49f2,base
A14OZ27P2ZRJ4T,2,7,retest,1,two_refs_egocentric,two_refs_egocentric_context,left of,right of,Mark is to the BLANK Ali. Mark looks to his left and Ali looks to his left. Ali is facing towards Mark.,32e2f418-ea5f-51a7-b0a7-31dc7b546d0d,base
A14OZ27P2ZRJ4T,2,7,retest,1,two_refs_egocentric,two_refs_egocentric_context,Mark,Ali,Ali and Mark are facing eachother. BLANK turns around. Ali is facing towards Mark.,554eecfd-5f36-53a1-a69b-9db494809329,base
A14OZ27P2ZRJ4T,2,7,retest,1,relative_pos,relative_pos_target,touching,not touching,The box is next to the ball. Ali puts the ball inside the box. The ball is BLANK the box.,8b324b61-eae2-5fb9-a533-4edc94fc8959,base
A14OZ27P2ZRJ4T,2,7,retest,1,two_refs_egocentric,two_refs_egocentric_target,right,left,Ali is to Mark's right. Ali turns around. Ali is to Mark's BLANK.,fb50aa4f-e1a5-5502-b6c5-af9ac29e973f,base
A14OZ27P2ZRJ4T,2,7,retest,1,relative_pos,relative_pos_target,higher than,lower than,The ball and the box are on the table. Ali picks up the ball. The ball is BLANK the box.,86bdb97e-1aa8-54ef-91f1-a041c3184f9e,base
A14OZ27P2ZRJ4T,2,7,retest,0,two_refs_egocentric,two_refs_egocentric_context,right,left,Mark and Ali are both facing BLANK. Ali turns to his left. Ali is facing away from Mark.,6b81874a-94f4-52ac-8699-24e6582fc7e8,base
A14OZ27P2ZRJ4T,2,7,retest,1,relative_pos,relative_pos_context,drops,picks up,Ali is holding the tennis ball and the ping pong ball. Ali BLANK the ping pong ball. The ping pong ball is further from the tennis ball.,e0a90fc5-4ebc-567a-bbc8-8bd5d3b008ec,base
A14OZ27P2ZRJ4T,2,7,retest,1,two_refs_egocentric,two_refs_egocentric_context,right,left,Ali is to Mark's BLANK. Mark turns around. Ali is to Mark's left.,0d41b0d1-a40c-52ae-8a94-0328e70ebb21,base
A14OZ27P2ZRJ4T,2,7,retest,1,two_refs_egocentric,two_refs_egocentric_target,away from,towards,Mark and Ali are both facing left. Ali turns to his right. Ali is facing BLANK Mark.,b95f9817-6f0f-52e4-917e-5e53b7e08502,base
A14OZ27P2ZRJ4T,2,7,retest,1,two_refs_egocentric,two_refs_egocentric_target,away from,towards,Ali is to the right of Mark. Mark looks to his left and Ali looks to his right. Ali is facing BLANK Mark.,55e95efb-f247-5bea-8540-4b6bee6c11de,base
A14OZ27P2ZRJ4T,2,7,retest,1,two_refs_egocentric,two_refs_egocentric_target,towards,away from,Ali and Mark are facing eachother. Mark turns around. Ali is facing BLANK Mark.,0f27ed08-ff9a-593c-a9d7-a3c11c3fa063,base
A14OZ27P2ZRJ4T,2,7,retest,1,two_refs_egocentric,two_refs_egocentric_context,right,left,Ali is to Mark's BLANK. Ali turns around. Ali is to Mark's right.,3d9a8209-4859-5626-ae60-7106a591cf7d,base
A14OZ27P2ZRJ4T,2,7,retest,0,two_refs_egocentric,two_refs_egocentric_target,towards,away from,Mark is to the left of Ali. Mark looks to his left and Ali looks to his left. Ali is facing BLANK Mark.,3b349749-0956-5093-b528-ea281f998710,base
A14OZ27P2ZRJ4T,2,7,retest,1,two_refs_egocentric,two_refs_egocentric_target,closer to,further from,Mark is behind Ali. Mark walks fowards. Mark is getting BLANK Ali.,95034e79-b705-587b-9cd2-41aa02e2609b,base
A14OZ27P2ZRJ4T,2,7,retest,0,relative_pos,relative_pos_target,below,above,The box is next to the desk. Ali stacks the desk on the box. The box is BLANK the desk.,8aeff28e-26ae-521e-82a2-2e601a18054c,base
A14OZ27P2ZRJ4T,2,7,retest,1,two_refs_egocentric,two_refs_egocentric_target,further from,closer to,Mark is behind Ali. Mark walks backwards. Mark is getting BLANK Ali.,48bff914-3c65-5b87-a359-0a1184e0384a,base
A14OZ27P2ZRJ4T,2,7,retest,1,two_refs_egocentric,two_refs_egocentric_context,away from,towards,Mark is facing BLANK Ali. Ali turns around. Mark is facing away Ali.,895de9d1-e0d1-5c72-8735-26632183eb17,base
A14OZ27P2ZRJ4T,2,7,retest,1,two_refs_egocentric,two_refs_egocentric_target,away,towards,Ali is facing towards Mark. Ali turns around. Ali is facing BLANK Mark.,03aa1fc7-369b-5dbc-a94e-7d6f36d60ff7,base
A14OZ27P2ZRJ4T,2,7,retest,1,two_refs_egocentric,two_refs_egocentric_target,left,right,Ali is to Mark's right. Mark turns around. Ali is to Mark's BLANK.,2206d693-156b-580d-a926-7c9dd845f0df,base
A14OZ27P2ZRJ4T,2,7,retest,1,two_refs_egocentric,two_refs_egocentric_context,towards,away from,Ali is facing BLANK Mark. Ali turns around. Ali is facing away from Mark.,f4266518-1793-5186-bc8d-ae526e9a43f9,base
A14OZ27P2ZRJ4T,2,7,retest,0,two_refs_egocentric,two_refs_egocentric_target,further from,closer to,Mark is in front of Ali. Mark walks forwards. Mark is getting BLANK Ali.,2829a666-eb26-5378-b0eb-cfd72cc8b03f,base
A14OZ27P2ZRJ4T,2,7,retest,1,two_refs_egocentric,two_refs_egocentric_target,away from,towards,Mark is to the left of Ali. Mark looks to his left and Ali looks to his right. Ali is facing BLANK Mark.,d2172169-bc46-53a4-b15d-1427bee617a3,base
A14OZ27P2ZRJ4T,2,7,retest,1,two_refs_egocentric,two_refs_egocentric_context,away from,towards,Mark and Ali are facing BLANK eachother. Mark turns around. Ali is facing away from Mark.,7639e22f-157b-54af-bc89-d24f4f594fbc,base
A14OZ27P2ZRJ4T,2,7,retest,1,two_refs_egocentric,two_refs_egocentric_context,right of,left of,Ali is to the BLANK Mark. Mark looks to his right. Mark see Ali.,162a2775-ee11-5113-88b7-2c0428ec9880,base
A14OZ27P2ZRJ4T,2,7,retest,1,relative_pos,relative_pos_target,closer to,further from,Ali is holding the tennis ball and the ping pong ball is on the floor. Ali picks up the ping pong ball. The ping pong ball is BLANK the tennis ball.,af77a546-4fb5-5490-b4db-cac9fd597078,base
A14OZ27P2ZRJ4T,2,7,retest,0,two_refs_egocentric,two_refs_egocentric_target,away,towards,Mark is facing away from Ali. Ali turns around. Mark is facing BLANK Ali.,b76b8738-c1c0-51f3-a9d3-afd39d7b27de,base
A14OZ27P2ZRJ4T,2,7,retest,1,two_refs_egocentric,two_refs_egocentric_context,behind,in front of,Mark is BLANK Ali. Mark walks backwards. Mark is getting further from Ali.,ecf7b885-f68f-5217-ad5e-060cd2931386,base
A14OZ27P2ZRJ4T,2,7,retest,1,two_refs_egocentric,two_refs_egocentric_context,in front of,behind,Mark is BLANK Ali. Mark walks forwards. Mark is getting further from Ali.,65c476d8-7b46-50ad-9fa1-ba59c9300205,base
A14OZ27P2ZRJ4T,2,7,retest,0,two_refs_egocentric,two_refs_egocentric_context,behind,in front of,Mark is BLANK Ali. Mark walks forwards. Mark is getting closer to Ali.,c2e3cc6a-24a4-5d9e-9c86-9aa843019959,base
A14OZ27P2ZRJ4T,2,7,retest,1,relative_pos,relative_pos_context,touching,far from,The tennis ball is BLANK the bowling ball. Ali rolls the bowling ball. The bowling ball is further from the tennis ball.,4da6b0a2-fbd8-5d77-8b6a-05110a23606c,base
A14OZ27P2ZRJ4T,2,7,retest,1,two_refs_egocentric,two_refs_egocentric_target,away from,towards,Mark and Ali are facing away from eachother. Mark turns around. Ali is facing BLANK Mark.,be5f74e8-5413-5aa2-97f3-17a48d7c1398,base
A14OZ27P2ZRJ4T,2,7,retest,1,two_refs_egocentric,two_refs_egocentric_target,can't see,sees,Ali is to the right of Mark. Mark looks to his left. Mark BLANK Ali.,fbf592f6-8ba1-5c3c-9621-b9b115f14b45,base
A14OZ27P2ZRJ4T,2,7,retest,1,two_refs_egocentric,two_refs_egocentric_target,can't see,sees,Ali is to the right of Mark. Mark looks to his left. Mark BLANK Ali.,fbf592f6-8ba1-5c3c-9621-b9b115f14b45,base
A14OZ27P2ZRJ4T,2,7,retest,1,two_refs_egocentric,two_refs_egocentric_context,left,right,Mark and Ali are both facing BLANK. Ali turns to his right. Ali is facing away from Mark.,e558cc86-f7fb-53e8-a6d0-b663f3736066,base
A14OZ27P2ZRJ4T,2,7,retest,1,two_refs_egocentric,two_refs_egocentric_context,left,right,Mark and Ali are both facing BLANK. Ali turns to his right. Ali is facing away from Mark.,e558cc86-f7fb-53e8-a6d0-b663f3736066,base
A14OZ27P2ZRJ4T,2,7,retest,1,two_refs_egocentric,two_refs_egocentric_target,away from,towards,Mark and Ali are both facing right. Ali turns to his left. Ali is facing BLANK Mark.,313894db-d76b-5163-8db3-6e5c4869a7c2,base
A14OZ27P2ZRJ4T,2,7,retest,1,two_refs_egocentric,two_refs_egocentric_target,away from,towards,Mark and Ali are both facing right. Ali turns to his left. Ali is facing BLANK Mark.,313894db-d76b-5163-8db3-6e5c4869a7c2,base
A14OZ27P2ZRJ4T,2,7,retest,0,relative_pos,relative_pos_context,drops,picks up,Ali is holding the tennis ball and the ping pong ball is on the floor. Ali BLANK the ping pong ball. The ping pong ball is closer to the tennis ball.,e9045eb2-8977-5b55-a497-b208a72d84e3,base
A14OZ27P2ZRJ4T,2,7,retest,0,relative_pos,relative_pos_context,drops,picks up,Ali is holding the tennis ball and the ping pong ball is on the floor. Ali BLANK the ping pong ball. The ping pong ball is closer to the tennis ball.,e9045eb2-8977-5b55-a497-b208a72d84e3,base
A14OZ27P2ZRJ4T,2,7,retest,1,relative_pos,relative_pos_target,not touching,touching,The ball is inside the box. Ali picks up the ball. The ball is BLANK the box.,5a02c0af-7a58-5836-894b-de2e4b5c22df,base
A14OZ27P2ZRJ4T,2,7,retest,1,relative_pos,relative_pos_target,not touching,touching,The ball is inside the box. Ali picks up the ball. The ball is BLANK the box.,5a02c0af-7a58-5836-894b-de2e4b5c22df,base
A14OZ27P2ZRJ4T,2,7,retest,1,relative_pos,relative_pos_target,larger than,smaller than,The box is next to the ball. Ali puts the box inside the ball. the ball is BLANK the box.,e9cd54e4-b0c0-5fb6-b31f-9d48dd2f95be,base
A14OZ27P2ZRJ4T,2,7,retest,1,relative_pos,relative_pos_target,larger than,smaller than,The box is next to the ball. Ali puts the box inside the ball. the ball is BLANK the box.,e9cd54e4-b0c0-5fb6-b31f-9d48dd2f95be,base
A14OZ27P2ZRJ4T,2,7,retest,1,relative_pos,relative_pos_context,desk on the box,box on the desk,The box is next to the desk. Ali stacks the BLANK. The box is below the desk.,c2788238-3365-5292-9d47-fe45ebf9d292,base
A14OZ27P2ZRJ4T,2,7,retest,1,relative_pos,relative_pos_context,desk on the box,box on the desk,The box is next to the desk. Ali stacks the BLANK. The box is below the desk.,c2788238-3365-5292-9d47-fe45ebf9d292,base
A14OZ27P2ZRJ4T,2,7,retest,1,two_refs_egocentric,two_refs_egocentric_target,towards,away from,Mark is facing right and Ali is facing left. Mark turns to his left. Mark is facing BLANK Ali.,fd16ce5b-b6ff-590c-8c7d-97dea24f49f2,base
A14OZ27P2ZRJ4T,2,7,retest,1,two_refs_egocentric,two_refs_egocentric_target,towards,away from,Mark is facing right and Ali is facing left. Mark turns to his left. Mark is facing BLANK Ali.,fd16ce5b-b6ff-590c-8c7d-97dea24f49f2,base
A14OZ27P2ZRJ4T,2,7,retest,1,two_refs_egocentric,two_refs_egocentric_context,left of,right of,Mark is to the BLANK Ali. Mark looks to his left and Ali looks to his left. Ali is facing towards Mark.,32e2f418-ea5f-51a7-b0a7-31dc7b546d0d,base
A14OZ27P2ZRJ4T,2,7,retest,1,two_refs_egocentric,two_refs_egocentric_context,left of,right of,Mark is to the BLANK Ali. Mark looks to his left and Ali looks to his left. Ali is facing towards Mark.,32e2f418-ea5f-51a7-b0a7-31dc7b546d0d,base
A14OZ27P2ZRJ4T,2,7,retest,1,relative_pos,relative_pos_target,touching,not touching,The box is next to the ball. Ali puts the ball inside the box. The ball is BLANK the box.,8b324b61-eae2-5fb9-a533-4edc94fc8959,base
A14OZ27P2ZRJ4T,2,7,retest,1,relative_pos,relative_pos_target,touching,not touching,The box is next to the ball. Ali puts the ball inside the box. The ball is BLANK the box.,8b324b61-eae2-5fb9-a533-4edc94fc8959,base
A14OZ27P2ZRJ4T,2,7,retest,1,relative_pos,relative_pos_target,higher than,lower than,The ball and the box are on the table. Ali picks up the ball. The ball is BLANK the box.,86bdb97e-1aa8-54ef-91f1-a041c3184f9e,base
A14OZ27P2ZRJ4T,2,7,retest,1,relative_pos,relative_pos_target,higher than,lower than,The ball and the box are on the table. Ali picks up the ball. The ball is BLANK the box.,86bdb97e-1aa8-54ef-91f1-a041c3184f9e,base
A14OZ27P2ZRJ4T,2,7,retest,1,two_refs_egocentric,two_refs_egocentric_context,right,left,Mark and Ali are both facing BLANK. Ali turns to his left. Ali is facing away from Mark.,6b81874a-94f4-52ac-8699-24e6582fc7e8,base
A14OZ27P2ZRJ4T,2,7,retest,1,two_refs_egocentric,two_refs_egocentric_context,right,left,Mark and Ali are both facing BLANK. Ali turns to his left. Ali is facing away from Mark.,6b81874a-94f4-52ac-8699-24e6582fc7e8,base
A14OZ27P2ZRJ4T,2,7,retest,1,relative_pos,relative_pos_context,drops,picks up,Ali is holding the tennis ball and the ping pong ball. Ali BLANK the ping pong ball. The ping pong ball is further from the tennis ball.,e0a90fc5-4ebc-567a-bbc8-8bd5d3b008ec,base
A14OZ27P2ZRJ4T,2,7,retest,1,relative_pos,relative_pos_context,drops,picks up,Ali is holding the tennis ball and the ping pong ball. Ali BLANK the ping pong ball. The ping pong ball is further from the tennis ball.,e0a90fc5-4ebc-567a-bbc8-8bd5d3b008ec,base
A14OZ27P2ZRJ4T,2,7,retest,1,two_refs_egocentric,two_refs_egocentric_target,towards,away from,Mark is to the left of Ali. Mark looks to his left and Ali looks to his left. Ali is facing BLANK Mark.,3b349749-0956-5093-b528-ea281f998710,base
A14OZ27P2ZRJ4T,2,7,retest,1,two_refs_egocentric,two_refs_egocentric_target,towards,away from,Mark is to the left of Ali. Mark looks to his left and Ali looks to his left. Ali is facing BLANK Mark.,3b349749-0956-5093-b528-ea281f998710,base
A14OZ27P2ZRJ4T,2,7,retest,1,relative_pos,relative_pos_target,below,above,The box is next to the desk. Ali stacks the desk on the box. The box is BLANK the desk.,8aeff28e-26ae-521e-82a2-2e601a18054c,base
A14OZ27P2ZRJ4T,2,7,retest,1,relative_pos,relative_pos_target,below,above,The box is next to the desk. Ali stacks the desk on the box. The box is BLANK the desk.,8aeff28e-26ae-521e-82a2-2e601a18054c,base
A14OZ27P2ZRJ4T,2,7,retest,1,two_refs_egocentric,two_refs_egocentric_target,away,towards,Ali is facing towards Mark. Ali turns around. Ali is facing BLANK Mark.,03aa1fc7-369b-5dbc-a94e-7d6f36d60ff7,base
A14OZ27P2ZRJ4T,2,7,retest,1,two_refs_egocentric,two_refs_egocentric_target,away,towards,Ali is facing towards Mark. Ali turns around. Ali is facing BLANK Mark.,03aa1fc7-369b-5dbc-a94e-7d6f36d60ff7,base
A14OZ27P2ZRJ4T,2,7,retest,1,two_refs_egocentric,two_refs_egocentric_target,further from,closer to,Mark is in front of Ali. Mark walks forwards. Mark is getting BLANK Ali.,2829a666-eb26-5378-b0eb-cfd72cc8b03f,base
A14OZ27P2ZRJ4T,2,7,retest,1,two_refs_egocentric,two_refs_egocentric_target,further from,closer to,Mark is in front of Ali. Mark walks forwards. Mark is getting BLANK Ali.,2829a666-eb26-5378-b0eb-cfd72cc8b03f,base
A14OZ27P2ZRJ4T,2,7,retest,1,two_refs_egocentric,two_refs_egocentric_target,away from,towards,Mark is to the left of Ali. Mark looks to his left and Ali looks to his right. Ali is facing BLANK Mark.,d2172169-bc46-53a4-b15d-1427bee617a3,base
A14OZ27P2ZRJ4T,2,7,retest,1,two_refs_egocentric,two_refs_egocentric_target,away from,towards,Mark is to the left of Ali. Mark looks to his left and Ali looks to his right. Ali is facing BLANK Mark.,d2172169-bc46-53a4-b15d-1427bee617a3,base
A14OZ27P2ZRJ4T,2,7,retest,1,two_refs_egocentric,two_refs_egocentric_context,right of,left of,Ali is to the BLANK Mark. Mark looks to his right. Mark see Ali.,162a2775-ee11-5113-88b7-2c0428ec9880,base
A14OZ27P2ZRJ4T,2,7,retest,1,two_refs_egocentric,two_refs_egocentric_context,right of,left of,Ali is to the BLANK Mark. Mark looks to his right. Mark see Ali.,162a2775-ee11-5113-88b7-2c0428ec9880,base
A14OZ27P2ZRJ4T,2,7,retest,1,two_refs_egocentric,two_refs_egocentric_target,away,towards,Mark is facing away from Ali. Ali turns around. Mark is facing BLANK Ali.,b76b8738-c1c0-51f3-a9d3-afd39d7b27de,base
A14OZ27P2ZRJ4T,2,7,retest,1,two_refs_egocentric,two_refs_egocentric_target,away,towards,Mark is facing away from Ali. Ali turns around. Mark is facing BLANK Ali.,b76b8738-c1c0-51f3-a9d3-afd39d7b27de,base
A14OZ27P2ZRJ4T,2,7,retest,1,two_refs_egocentric,two_refs_egocentric_context,behind,in front of,Mark is BLANK Ali. Mark walks backwards. Mark is getting further from Ali.,ecf7b885-f68f-5217-ad5e-060cd2931386,base
A14OZ27P2ZRJ4T,2,7,retest,1,two_refs_egocentric,two_refs_egocentric_context,behind,in front of,Mark is BLANK Ali. Mark walks backwards. Mark is getting further from Ali.,ecf7b885-f68f-5217-ad5e-060cd2931386,base
A14OZ27P2ZRJ4T,2,7,retest,1,two_refs_egocentric,two_refs_egocentric_context,behind,in front of,Mark is BLANK Ali. Mark walks forwards. Mark is getting closer to Ali.,c2e3cc6a-24a4-5d9e-9c86-9aa843019959,base
A14OZ27P2ZRJ4T,2,7,retest,1,two_refs_egocentric,two_refs_egocentric_context,behind,in front of,Mark is BLANK Ali. Mark walks forwards. Mark is getting closer to Ali.,c2e3cc6a-24a4-5d9e-9c86-9aa843019959,base
A14OZ27P2ZRJ4T,2,7,retest,1,relative_pos,relative_pos_context,touching,far from,The tennis ball is BLANK the bowling ball. Ali rolls the bowling ball. The bowling ball is further from the tennis ball.,4da6b0a2-fbd8-5d77-8b6a-05110a23606c,base
A14OZ27P2ZRJ4T,2,7,retest,1,relative_pos,relative_pos_context,touching,far from,The tennis ball is BLANK the bowling ball. Ali rolls the bowling ball. The bowling ball is further from the tennis ball.,4da6b0a2-fbd8-5d77-8b6a-05110a23606c,base
A193SP8INHA4MB,2,7,retest,1,two_refs_egocentric,two_refs_egocentric_context,right of,left of,Ali is to the BLANK Mark. Mark looks to his right. Mark see Ali.,162a2775-ee11-5113-88b7-2c0428ec9880,base
A193SP8INHA4MB,2,7,retest,1,two_refs_egocentric,two_refs_egocentric_target,away from,towards,Ali is to the right of Mark. Mark looks to his left and Ali looks to his right. Ali is facing BLANK Mark.,55e95efb-f247-5bea-8540-4b6bee6c11de,base
A193SP8INHA4MB,2,7,retest,1,relative_pos,relative_pos_target,larger than,smaller than,The box is next to the ball. Ali puts the box inside the ball. the ball is BLANK the box.,e9cd54e4-b0c0-5fb6-b31f-9d48dd2f95be,base
A193SP8INHA4MB,2,7,retest,0,relative_pos,relative_pos_context,drops,picks up,Ali is holding the tennis ball and the ping pong ball is on the floor. Ali BLANK the ping pong ball. The ping pong ball is closer to the tennis ball.,e9045eb2-8977-5b55-a497-b208a72d84e3,base
A193SP8INHA4MB,2,7,retest,1,two_refs_egocentric,two_refs_egocentric_context,right,left,Ali is to Mark's BLANK. Mark turns around. Ali is to Mark's left.,0d41b0d1-a40c-52ae-8a94-0328e70ebb21,base
A193SP8INHA4MB,2,7,retest,1,two_refs_egocentric,two_refs_egocentric_target,right,left,Ali is to Mark's right. Ali turns around. Ali is to Mark's BLANK.,fb50aa4f-e1a5-5502-b6c5-af9ac29e973f,base
A193SP8INHA4MB,2,7,retest,1,two_refs_egocentric,two_refs_egocentric_context,behind,in front of,Mark is BLANK Ali. Mark walks forwards. Mark is getting closer to Ali.,c2e3cc6a-24a4-5d9e-9c86-9aa843019959,base
A193SP8INHA4MB,2,7,retest,1,two_refs_egocentric,two_refs_egocentric_target,away from,towards,Mark is to the left of Ali. Mark looks to his left and Ali looks to his right. Ali is facing BLANK Mark.,d2172169-bc46-53a4-b15d-1427bee617a3,base
A193SP8INHA4MB,2,7,retest,0,two_refs_egocentric,two_refs_egocentric_context,away from,towards,Mark and Ali are facing BLANK eachother. Mark turns around. Ali is facing away from Mark.,7639e22f-157b-54af-bc89-d24f4f594fbc,base
A193SP8INHA4MB,2,7,retest,1,two_refs_egocentric,two_refs_egocentric_context,left,right,Mark and Ali are both facing BLANK. Ali turns to his right. Ali is facing away from Mark.,e558cc86-f7fb-53e8-a6d0-b663f3736066,base
A193SP8INHA4MB,2,7,retest,1,two_refs_egocentric,two_refs_egocentric_context,in front of,behind,Mark is BLANK Ali. Mark walks forwards. Mark is getting further from Ali.,65c476d8-7b46-50ad-9fa1-ba59c9300205,base
A193SP8INHA4MB,2,7,retest,1,two_refs_egocentric,two_refs_egocentric_target,towards,away from,Mark is facing right and Ali is facing left. Mark turns to his left. Mark is facing BLANK Ali.,fd16ce5b-b6ff-590c-8c7d-97dea24f49f2,base
A193SP8INHA4MB,2,7,retest,1,relative_pos,relative_pos_target,touching,not touching,The box is next to the ball. Ali puts the ball inside the box. The ball is BLANK the box.,8b324b61-eae2-5fb9-a533-4edc94fc8959,base
A193SP8INHA4MB,2,7,retest,1,relative_pos,relative_pos_target,closer to,further from,Ali is holding the tennis ball and the ping pong ball is on the floor. Ali picks up the ping pong ball. The ping pong ball is BLANK the tennis ball.,af77a546-4fb5-5490-b4db-cac9fd597078,base
A193SP8INHA4MB,2,7,retest,1,relative_pos,relative_pos_target,below,above,The box is next to the desk. Ali stacks the desk on the box. The box is BLANK the desk.,8aeff28e-26ae-521e-82a2-2e601a18054c,base
A193SP8INHA4MB,2,7,retest,1,two_refs_egocentric,two_refs_egocentric_target,away,towards,Ali is facing towards Mark. Ali turns around. Ali is facing BLANK Mark.,03aa1fc7-369b-5dbc-a94e-7d6f36d60ff7,base
A193SP8INHA4MB,2,7,retest,1,two_refs_egocentric,two_refs_egocentric_context,right,left,Mark is facing BLANK and Ali is facing left. Mark turns to his left. Mark is facing towards Ali.,7de47fb4-c4b1-5b47-be35-ade455a74837,base
A193SP8INHA4MB,2,7,retest,1,two_refs_egocentric,two_refs_egocentric_context,right,left,Mark and Ali are both facing BLANK. Ali turns to his left. Ali is facing away from Mark.,6b81874a-94f4-52ac-8699-24e6582fc7e8,base
A193SP8INHA4MB,2,7,retest,1,relative_pos,relative_pos_target,lower than,higher than,The ball and the box are on top of the ramp. The ball rolls down the ramp. The ball is BLANK the box.,43ee992d-ffc4-5dbd-9aa3-d6017f8b92d1,base
A193SP8INHA4MB,2,7,retest,1,relative_pos,relative_pos_context,drops,picks up,Ali is holding the tennis ball and the ping pong ball. Ali BLANK the ping pong ball. The ping pong ball is further from the tennis ball.,e0a90fc5-4ebc-567a-bbc8-8bd5d3b008ec,base
A193SP8INHA4MB,2,7,retest,1,two_refs_egocentric,two_refs_egocentric_target,away from,towards,Mark and Ali are both facing left. Ali turns to his right. Ali is facing BLANK Mark.,b95f9817-6f0f-52e4-917e-5e53b7e08502,base
A193SP8INHA4MB,2,7,retest,1,two_refs_egocentric,two_refs_egocentric_target,towards,away from,Mark is to the left of Ali. Mark looks to his left and Ali looks to his left. Ali is facing BLANK Mark.,3b349749-0956-5093-b528-ea281f998710,base
A193SP8INHA4MB,2,7,retest,1,two_refs_egocentric,two_refs_egocentric_target,away,towards,Mark is facing away from Ali. Ali turns around. Mark is facing BLANK Ali.,b76b8738-c1c0-51f3-a9d3-afd39d7b27de,base
A193SP8INHA4MB,2,7,retest,1,relative_pos,relative_pos_target,not touching,touching,The ball is inside the box. Ali picks up the ball. The ball is BLANK the box.,5a02c0af-7a58-5836-894b-de2e4b5c22df,base
A193SP8INHA4MB,2,7,retest,1,two_refs_egocentric,two_refs_egocentric_target,left,right,Ali is to Mark's right. Mark turns around. Ali is to Mark's BLANK.,2206d693-156b-580d-a926-7c9dd845f0df,base
A193SP8INHA4MB,2,7,retest,1,two_refs_egocentric,two_refs_egocentric_context,left of,right of,Mark is to the BLANK Ali. Mark looks to his left and Ali looks to his left. Ali is facing towards Mark.,32e2f418-ea5f-51a7-b0a7-31dc7b546d0d,base
A193SP8INHA4MB,2,7,retest,1,relative_pos,relative_pos_context,box inside the ball,ball inside the box,The box is next to the ball. Ali puts the BLANK. the ball is larger than the box.,d0f6e14f-c11f-5129-a06d-757d2ef1f3e0,base
A193SP8INHA4MB,2,7,retest,1,relative_pos,relative_pos_context,desk on the box,box on the desk,The box is next to the desk. Ali stacks the BLANK. The box is below the desk.,c2788238-3365-5292-9d47-fe45ebf9d292,base
A193SP8INHA4MB,2,7,retest,1,two_refs_egocentric,two_refs_egocentric_target,further from,closer to,Mark is in front of Ali. Mark walks forwards. Mark is getting BLANK Ali.,2829a666-eb26-5378-b0eb-cfd72cc8b03f,base
A193SP8INHA4MB,2,7,retest,0,two_refs_egocentric,two_refs_egocentric_context,right,left,Ali is to Mark's BLANK. Ali turns around. Ali is to Mark's right.,3d9a8209-4859-5626-ae60-7106a591cf7d,base
A193SP8INHA4MB,2,7,retest,1,two_refs_egocentric,two_refs_egocentric_target,further from,closer to,Mark is behind Ali. Mark walks backwards. Mark is getting BLANK Ali.,48bff914-3c65-5b87-a359-0a1184e0384a,base
A193SP8INHA4MB,2,7,retest,0,two_refs_egocentric,two_refs_egocentric_target,can't see,sees,Ali is to the right of Mark. Mark looks to his left. Mark BLANK Ali.,fbf592f6-8ba1-5c3c-9621-b9b115f14b45,base
A193SP8INHA4MB,2,7,retest,1,two_refs_egocentric,two_refs_egocentric_context,Mark,Ali,Ali and Mark are facing eachother. BLANK turns around. Ali is facing towards Mark.,554eecfd-5f36-53a1-a69b-9db494809329,base
A193SP8INHA4MB,2,7,retest,1,two_refs_egocentric,two_refs_egocentric_context,away from,towards,Mark is facing BLANK Ali. Ali turns around. Mark is facing away Ali.,895de9d1-e0d1-5c72-8735-26632183eb17,base
A193SP8INHA4MB,2,7,retest,1,two_refs_egocentric,two_refs_egocentric_target,away from,towards,Mark and Ali are facing away from eachother. Mark turns around. Ali is facing BLANK Mark.,be5f74e8-5413-5aa2-97f3-17a48d7c1398,base
A193SP8INHA4MB,2,7,retest,1,two_refs_egocentric,two_refs_egocentric_target,towards,away from,Ali and Mark are facing eachother. Mark turns around. Ali is facing BLANK Mark.,0f27ed08-ff9a-593c-a9d7-a3c11c3fa063,base
A193SP8INHA4MB,2,7,retest,1,relative_pos,relative_pos_context,touching,far from,The tennis ball is BLANK the bowling ball. Ali rolls the bowling ball. The bowling ball is further from the tennis ball.,4da6b0a2-fbd8-5d77-8b6a-05110a23606c,base
A193SP8INHA4MB,2,7,retest,1,two_refs_egocentric,two_refs_egocentric_target,closer to,further from,Mark is behind Ali. Mark walks fowards. Mark is getting BLANK Ali.,95034e79-b705-587b-9cd2-41aa02e2609b,base
A193SP8INHA4MB,2,7,retest,1,two_refs_egocentric,two_refs_egocentric_context,away from,towards,Ali is facing BLANK Mark. Ali turns around. Ali is facing towards Mark.,449d83b2-712b-5aac-8c22-00d1bb07b0f7,base
A193SP8INHA4MB,2,7,retest,1,two_refs_egocentric,two_refs_egocentric_target,away from,towards,Mark and Ali are both facing right. Ali turns to his left. Ali is facing BLANK Mark.,313894db-d76b-5163-8db3-6e5c4869a7c2,base
A193SP8INHA4MB,2,7,retest,1,relative_pos,relative_pos_target,higher than,lower than,The ball and the box are on the table. Ali picks up the ball. The ball is BLANK the box.,86bdb97e-1aa8-54ef-91f1-a041c3184f9e,base
A193SP8INHA4MB,2,7,retest,1,two_refs_egocentric,two_refs_egocentric_context,towards,away from,Ali is facing BLANK Mark. Ali turns around. Ali is facing away from Mark.,f4266518-1793-5186-bc8d-ae526e9a43f9,base
A193SP8INHA4MB,2,7,retest,1,two_refs_egocentric,two_refs_egocentric_context,right of,left of,Ali is to the BLANK Mark. Mark looks to his left and Ali looks to his right. Ali is facing away from Mark.,5042a6f6-7c11-5467-85b5-0ab828d3c5d1,base
A193SP8INHA4MB,2,7,retest,1,two_refs_egocentric,two_refs_egocentric_context,behind,in front of,Mark is BLANK Ali. Mark walks backwards. Mark is getting further from Ali.,ecf7b885-f68f-5217-ad5e-060cd2931386,base
A193SP8INHA4MB,2,7,retest,1,two_refs_egocentric,two_refs_egocentric_context,right of,left of,Ali is to the BLANK Mark. Mark looks to his right. Mark see Ali.,162a2775-ee11-5113-88b7-2c0428ec9880,base
A193SP8INHA4MB,2,7,retest,1,two_refs_egocentric,two_refs_egocentric_context,right of,left of,Ali is to the BLANK Mark. Mark looks to his right. Mark see Ali.,162a2775-ee11-5113-88b7-2c0428ec9880,base
A193SP8INHA4MB,2,7,retest,1,relative_pos,relative_pos_target,larger than,smaller than,The box is next to the ball. Ali puts the box inside the ball. the ball is BLANK the box.,e9cd54e4-b0c0-5fb6-b31f-9d48dd2f95be,base
A193SP8INHA4MB,2,7,retest,1,relative_pos,relative_pos_target,larger than,smaller than,The box is next to the ball. Ali puts the box inside the ball. the ball is BLANK the box.,e9cd54e4-b0c0-5fb6-b31f-9d48dd2f95be,base
A193SP8INHA4MB,2,7,retest,0,relative_pos,relative_pos_context,drops,picks up,Ali is holding the tennis ball and the ping pong ball is on the floor. Ali BLANK the ping pong ball. The ping pong ball is closer to the tennis ball.,e9045eb2-8977-5b55-a497-b208a72d84e3,base
A193SP8INHA4MB,2,7,retest,0,relative_pos,relative_pos_context,drops,picks up,Ali is holding the tennis ball and the ping pong ball is on the floor. Ali BLANK the ping pong ball. The ping pong ball is closer to the tennis ball.,e9045eb2-8977-5b55-a497-b208a72d84e3,base
A193SP8INHA4MB,2,7,retest,1,two_refs_egocentric,two_refs_egocentric_context,right,left,Ali is to Mark's BLANK. Mark turns around. Ali is to Mark's left.,0d41b0d1-a40c-52ae-8a94-0328e70ebb21,base
A193SP8INHA4MB,2,7,retest,1,two_refs_egocentric,two_refs_egocentric_context,right,left,Ali is to Mark's BLANK. Mark turns around. Ali is to Mark's left.,0d41b0d1-a40c-52ae-8a94-0328e70ebb21,base
A193SP8INHA4MB,2,7,retest,1,two_refs_egocentric,two_refs_egocentric_context,away from,towards,Mark and Ali are facing BLANK eachother. Mark turns around. Ali is facing away from Mark.,7639e22f-157b-54af-bc89-d24f4f594fbc,base
A193SP8INHA4MB,2,7,retest,1,two_refs_egocentric,two_refs_egocentric_context,away from,towards,Mark and Ali are facing BLANK eachother. Mark turns around. Ali is facing away from Mark.,7639e22f-157b-54af-bc89-d24f4f594fbc,base
A193SP8INHA4MB,2,7,retest,1,two_refs_egocentric,two_refs_egocentric_context,in front of,behind,Mark is BLANK Ali. Mark walks forwards. Mark is getting further from Ali.,65c476d8-7b46-50ad-9fa1-ba59c9300205,base
A193SP8INHA4MB,2,7,retest,1,two_refs_egocentric,two_refs_egocentric_context,in front of,behind,Mark is BLANK Ali. Mark walks forwards. Mark is getting further from Ali.,65c476d8-7b46-50ad-9fa1-ba59c9300205,base
A193SP8INHA4MB,2,7,retest,1,two_refs_egocentric,two_refs_egocentric_target,towards,away from,Mark is facing right and Ali is facing left. Mark turns to his left. Mark is facing BLANK Ali.,fd16ce5b-b6ff-590c-8c7d-97dea24f49f2,base
A193SP8INHA4MB,2,7,retest,1,two_refs_egocentric,two_refs_egocentric_target,towards,away from,Mark is facing right and Ali is facing left. Mark turns to his left. Mark is facing BLANK Ali.,fd16ce5b-b6ff-590c-8c7d-97dea24f49f2,base
A193SP8INHA4MB,2,7,retest,1,relative_pos,relative_pos_target,below,above,The box is next to the desk. Ali stacks the desk on the box. The box is BLANK the desk.,8aeff28e-26ae-521e-82a2-2e601a18054c,base
A193SP8INHA4MB,2,7,retest,1,relative_pos,relative_pos_target,below,above,The box is next to the desk. Ali stacks the desk on the box. The box is BLANK the desk.,8aeff28e-26ae-521e-82a2-2e601a18054c,base
A193SP8INHA4MB,2,7,retest,1,relative_pos,relative_pos_target,lower than,higher than,The ball and the box are on top of the ramp. The ball rolls down the ramp. The ball is BLANK the box.,43ee992d-ffc4-5dbd-9aa3-d6017f8b92d1,base
A193SP8INHA4MB,2,7,retest,1,relative_pos,relative_pos_target,lower than,higher than,The ball and the box are on top of the ramp. The ball rolls down the ramp. The ball is BLANK the box.,43ee992d-ffc4-5dbd-9aa3-d6017f8b92d1,base
A193SP8INHA4MB,2,7,retest,1,relative_pos,relative_pos_context,drops,picks up,Ali is holding the tennis ball and the ping pong ball. Ali BLANK the ping pong ball. The ping pong ball is further from the tennis ball.,e0a90fc5-4ebc-567a-bbc8-8bd5d3b008ec,base
A193SP8INHA4MB,2,7,retest,1,relative_pos,relative_pos_context,drops,picks up,Ali is holding the tennis ball and the ping pong ball. Ali BLANK the ping pong ball. The ping pong ball is further from the tennis ball.,e0a90fc5-4ebc-567a-bbc8-8bd5d3b008ec,base
A193SP8INHA4MB,2,7,retest,0,two_refs_egocentric,two_refs_egocentric_target,away from,towards,Mark and Ali are both facing left. Ali turns to his right. Ali is facing BLANK Mark.,b95f9817-6f0f-52e4-917e-5e53b7e08502,base
A193SP8INHA4MB,2,7,retest,0,two_refs_egocentric,two_refs_egocentric_target,away from,towards,Mark and Ali are both facing left. Ali turns to his right. Ali is facing BLANK Mark.,b95f9817-6f0f-52e4-917e-5e53b7e08502,base
A193SP8INHA4MB,2,7,retest,1,two_refs_egocentric,two_refs_egocentric_target,towards,away from,Mark is to the left of Ali. Mark looks to his left and Ali looks to his left. Ali is facing BLANK Mark.,3b349749-0956-5093-b528-ea281f998710,base
A193SP8INHA4MB,2,7,retest,1,two_refs_egocentric,two_refs_egocentric_target,towards,away from,Mark is to the left of Ali. Mark looks to his left and Ali looks to his left. Ali is facing BLANK Mark.,3b349749-0956-5093-b528-ea281f998710,base
A193SP8INHA4MB,2,7,retest,1,two_refs_egocentric,two_refs_egocentric_target,away,towards,Mark is facing away from Ali. Ali turns around. Mark is facing BLANK Ali.,b76b8738-c1c0-51f3-a9d3-afd39d7b27de,base
A193SP8INHA4MB,2,7,retest,1,two_refs_egocentric,two_refs_egocentric_target,away,towards,Mark is facing away from Ali. Ali turns around. Mark is facing BLANK Ali.,b76b8738-c1c0-51f3-a9d3-afd39d7b27de,base
A193SP8INHA4MB,2,7,retest,1,relative_pos,relative_pos_context,box inside the ball,ball inside the box,The box is next to the ball. Ali puts the BLANK. the ball is larger than the box.,d0f6e14f-c11f-5129-a06d-757d2ef1f3e0,base
A193SP8INHA4MB,2,7,retest,1,relative_pos,relative_pos_context,box inside the ball,ball inside the box,The box is next to the ball. Ali puts the BLANK. the ball is larger than the box.,d0f6e14f-c11f-5129-a06d-757d2ef1f3e0,base
A193SP8INHA4MB,2,7,retest,1,relative_pos,relative_pos_context,desk on the box,box on the desk,The box is next to the desk. Ali stacks the BLANK. The box is below the desk.,c2788238-3365-5292-9d47-fe45ebf9d292,base
A193SP8INHA4MB,2,7,retest,1,relative_pos,relative_pos_context,desk on the box,box on the desk,The box is next to the desk. Ali stacks the BLANK. The box is below the desk.,c2788238-3365-5292-9d47-fe45ebf9d292,base
A193SP8INHA4MB,2,7,retest,0,two_refs_egocentric,two_refs_egocentric_context,right,left,Ali is to Mark's BLANK. Ali turns around. Ali is to Mark's right.,3d9a8209-4859-5626-ae60-7106a591cf7d,base
A193SP8INHA4MB,2,7,retest,0,two_refs_egocentric,two_refs_egocentric_context,right,left,Ali is to Mark's BLANK. Ali turns around. Ali is to Mark's right.,3d9a8209-4859-5626-ae60-7106a591cf7d,base
A193SP8INHA4MB,2,7,retest,1,two_refs_egocentric,two_refs_egocentric_target,can't see,sees,Ali is to the right of Mark. Mark looks to his left. Mark BLANK Ali.,fbf592f6-8ba1-5c3c-9621-b9b115f14b45,base
A193SP8INHA4MB,2,7,retest,1,two_refs_egocentric,two_refs_egocentric_target,can't see,sees,Ali is to the right of Mark. Mark looks to his left. Mark BLANK Ali.,fbf592f6-8ba1-5c3c-9621-b9b115f14b45,base
A193SP8INHA4MB,2,7,retest,1,two_refs_egocentric,two_refs_egocentric_context,away from,towards,Mark is facing BLANK Ali. Ali turns around. Mark is facing away Ali.,895de9d1-e0d1-5c72-8735-26632183eb17,base
A193SP8INHA4MB,2,7,retest,1,two_refs_egocentric,two_refs_egocentric_context,away from,towards,Mark is facing BLANK Ali. Ali turns around. Mark is facing away Ali.,895de9d1-e0d1-5c72-8735-26632183eb17,base
A193SP8INHA4MB,2,7,retest,1,two_refs_egocentric,two_refs_egocentric_target,away from,towards,Mark and Ali are facing away from eachother. Mark turns around. Ali is facing BLANK Mark.,be5f74e8-5413-5aa2-97f3-17a48d7c1398,base
A193SP8INHA4MB,2,7,retest,1,two_refs_egocentric,two_refs_egocentric_target,away from,towards,Mark and Ali are facing away from eachother. Mark turns around. Ali is facing BLANK Mark.,be5f74e8-5413-5aa2-97f3-17a48d7c1398,base
A193SP8INHA4MB,2,7,retest,1,two_refs_egocentric,two_refs_egocentric_target,closer to,further from,Mark is behind Ali. Mark walks fowards. Mark is getting BLANK Ali.,95034e79-b705-587b-9cd2-41aa02e2609b,base
A193SP8INHA4MB,2,7,retest,1,two_refs_egocentric,two_refs_egocentric_target,closer to,further from,Mark is behind Ali. Mark walks fowards. Mark is getting BLANK Ali.,95034e79-b705-587b-9cd2-41aa02e2609b,base
A1C12FONNLWX56,2,6,retest,0,two_refs_geocentric,two_refs_geocentric_context,East,West,Mark is BLANK of Ali facing East. Ali is West of Mark facing West. Mark is facing away from Ali.,a55a83e9-f5a4-5aee-907d-c7ec664911e3,base
A1C12FONNLWX56,2,6,retest,1,two_refs_geocentric,two_refs_geocentric_target,South,North,Mark and Ali are both directly East of Budapest. Mark walks North. Ali is BLANK of Mark.,b4bfe01b-251a-51c6-a900-d1307f5ec5cb,base
A1C12FONNLWX56,2,6,retest,1,two_refs_geocentric,two_refs_geocentric_target,East,West,Mark is East of Budapest and Ali is West of Budapest. Ali walks directly towards Mark. Ali is heading BLANK.,50388291-cfb1-51f5-b757-16c6ee10b4c6,base
A1C12FONNLWX56,2,6,retest,1,two_refs_geocentric,two_refs_geocentric_context,towards,away from,Mark is East of Budapest and Ali is West of Budapest. Mark walks directly BLANK Ali. Mark is heading West.,07d45d86-9d5e-5f76-a281-81fd6837ef87,base
A1C12FONNLWX56,2,6,retest,1,two_refs_geocentric,two_refs_geocentric_context,away from,towards,Mark is North of Budapest and Ali is South of Budapest. Ali walks directly BLANK Mark. Ali is walking South.,51d41ac1-cf08-5458-8208-4162c1e865f6,base
A1C12FONNLWX56,2,6,retest,1,two_refs_geocentric,two_refs_geocentric_target,North,South,Mark and Ali are both directly West of Budapest. Mark walks South. Ali is BLANK of Mark.,83b8ada3-adc0-51d6-8c2c-d39bacde7ea1,base
A1C12FONNLWX56,2,6,retest,0,two_refs_geocentric,two_refs_geocentric_context,West,East,Milwaukee is South of Mark. Mark goes BLANK. Mark is Northeast of Milwaukee.,e35d39b7-29e7-5f8f-89c1-1daa34e84ebd,base
A1C12FONNLWX56,2,6,retest,1,two_refs_geocentric,two_refs_geocentric_context,West,East,Mark is BLANK of Ali facing East. Ali is East of Mark facing West. Mark is facing towards Ali.,d88cd359-fee1-5421-b204-da79447cd71c,base
A1C12FONNLWX56,2,6,retest,1,two_refs_geocentric,two_refs_geocentric_context,West,East,Mark is facing East and Ali is facing BLANK. Mark turns 180 degrees. Mark and Ali are facing the same direction.,09a5259f-f1f6-5316-829f-75de35dc7fe2,base
A1C12FONNLWX56,2,6,retest,1,two_refs_geocentric,two_refs_geocentric_context,East,West,Mark is facing BLANK and Ali is facing West. Mark turns around. Mark is facing West.,e7a0ff83-cb27-54fe-bcf5-24d5d5f5b950,base
A1C12FONNLWX56,2,6,retest,0,two_refs_geocentric,two_refs_geocentric_context,West,East,Milwaukee is South of Mark. Mark goes BLANK. Milwaukee is Southeast of Mark.,d8873371-c599-505f-a895-9df8ff3d5ebd,base
A1C12FONNLWX56,2,6,retest,1,two_refs_geocentric,two_refs_geocentric_target,South,North,Mark is North of Budapest and Ali is South of Budapest. Ali walks directly away from Mark. Ali is walking BLANK.,2c8f684c-1ce8-521c-8d68-9c703b78727d,base
A1C12FONNLWX56,2,6,retest,1,two_refs_geocentric,two_refs_geocentric_target,Northwest,Southeast,Milwaukee is North of Mark. Mark goes East. Milwaukee is BLANK of Mark.,4ec12ad0-e7c6-511d-97e4-2c59b20c8143,base
A1C12FONNLWX56,2,6,retest,0,two_refs_geocentric,two_refs_geocentric_context,East,West,Mark is facing South and Ali is facing BLANK. Mark turns 90 degrees to his right. Mark and Ali are facing different directions.,afb3e71e-dd5a-51dd-bdc0-e3e027d7048d,base
A1C12FONNLWX56,2,6,retest,1,two_refs_geocentric,two_refs_geocentric_context,East,West,Mark is facing North and Ali is facing BLANK. Mark turns 90 degrees to his right. Mark and Ali are facing the same direction.,deba861b-2296-5137-a8b7-9d7504d90d47,base
A1C12FONNLWX56,2,6,retest,0,two_refs_geocentric,two_refs_geocentric_target,Northest,Southeast,Milwaukee is South of Mark. Mark goes West. Mark is BLANK of Milwaukee.,e23f07b1-bdfa-5969-9480-74020b4ede21,base
A1C12FONNLWX56,2,6,retest,0,two_refs_geocentric,two_refs_geocentric_target,the same direction,different directions,Mark is facing South and Ali is facing East. Mark turns 90 degrees to his right. Mark and Ali are facing BLANK.,2a3beaa8-c767-5efa-9738-2608cfab99a2,base
A1C12FONNLWX56,2,6,retest,1,two_refs_geocentric,two_refs_geocentric_target,towards,away from,Mark is West of Ali facing East. Ali is East of Mark facing West. Mark is facing BLANK Ali.,c653d385-9060-521b-a3d2-7b3bdc386792,base
A1C12FONNLWX56,2,6,retest,1,two_refs_geocentric,two_refs_geocentric_target,away from,towards,Mark is East of Ali facing East. Ali is West of Mark facing West. Mark is facing BLANK Ali.,d7c6e00b-4c44-5369-ac36-15cf71d8f6b8,base
A1C12FONNLWX56,2,6,retest,1,two_refs_geocentric,two_refs_geocentric_target,the same direction,different directions,Mark is facing North and Ali is facing East. Mark turns 90 degrees to his right. Mark and Ali are facing BLANK.,286ce04e-0e99-55bd-b40b-485e9a55ddc1,base
A1C12FONNLWX56,2,6,retest,1,two_refs_geocentric,two_refs_geocentric_context,East,West,Mark is BLANK of Ali. Mark turns right. Mark is East of Ali.,cb89881b-c899-5760-bd9d-f73c4ab4521c,base
A1C12FONNLWX56,2,6,retest,1,two_refs_geocentric,two_refs_geocentric_context,East,West,Milwaukee is North of Mark. Mark goes BLANK. Milwaukee is Northwest of Mark.,a4e641f8-8936-52ee-87ee-a034509bc15f,base
A1C12FONNLWX56,2,6,retest,1,two_refs_geocentric,two_refs_geocentric_context,East,West,Mark is BLANK of Ali facing East. Ali is West of Mark facing West. Mark is facing away from Ali.,a55a83e9-f5a4-5aee-907d-c7ec664911e3,base
A1C12FONNLWX56,2,6,retest,1,two_refs_geocentric,two_refs_geocentric_context,East,West,Mark is BLANK of Ali facing East. Ali is West of Mark facing West. Mark is facing away from Ali.,a55a83e9-f5a4-5aee-907d-c7ec664911e3,base
A1C12FONNLWX56,2,6,retest,1,two_refs_geocentric,two_refs_geocentric_context,away from,towards,Mark is North of Budapest and Ali is South of Budapest. Ali walks directly BLANK Mark. Ali is walking South.,51d41ac1-cf08-5458-8208-4162c1e865f6,base
A1C12FONNLWX56,2,6,retest,1,two_refs_geocentric,two_refs_geocentric_context,away from,towards,Mark is North of Budapest and Ali is South of Budapest. Ali walks directly BLANK Mark. Ali is walking South.,51d41ac1-cf08-5458-8208-4162c1e865f6,base
A1C12FONNLWX56,2,6,retest,1,two_refs_geocentric,two_refs_geocentric_target,North,South,Mark and Ali are both directly West of Budapest. Mark walks South. Ali is BLANK of Mark.,83b8ada3-adc0-51d6-8c2c-d39bacde7ea1,base
A1C12FONNLWX56,2,6,retest,1,two_refs_geocentric,two_refs_geocentric_target,North,South,Mark and Ali are both directly West of Budapest. Mark walks South. Ali is BLANK of Mark.,83b8ada3-adc0-51d6-8c2c-d39bacde7ea1,base
A1C12FONNLWX56,2,6,retest,0,two_refs_geocentric,two_refs_geocentric_context,West,East,Milwaukee is South of Mark. Mark goes BLANK. Mark is Northeast of Milwaukee.,e35d39b7-29e7-5f8f-89c1-1daa34e84ebd,base
A1C12FONNLWX56,2,6,retest,0,two_refs_geocentric,two_refs_geocentric_context,West,East,Milwaukee is South of Mark. Mark goes BLANK. Mark is Northeast of Milwaukee.,e35d39b7-29e7-5f8f-89c1-1daa34e84ebd,base
A1C12FONNLWX56,2,6,retest,0,two_refs_geocentric,two_refs_geocentric_context,West,East,Milwaukee is South of Mark. Mark goes BLANK. Milwaukee is Southeast of Mark.,d8873371-c599-505f-a895-9df8ff3d5ebd,base
A1C12FONNLWX56,2,6,retest,0,two_refs_geocentric,two_refs_geocentric_context,West,East,Milwaukee is South of Mark. Mark goes BLANK. Milwaukee is Southeast of Mark.,d8873371-c599-505f-a895-9df8ff3d5ebd,base
A1C12FONNLWX56,2,6,retest,1,two_refs_geocentric,two_refs_geocentric_target,South,North,Mark is North of Budapest and Ali is South of Budapest. Ali walks directly away from Mark. Ali is walking BLANK.,2c8f684c-1ce8-521c-8d68-9c703b78727d,base
A1C12FONNLWX56,2,6,retest,1,two_refs_geocentric,two_refs_geocentric_target,South,North,Mark is North of Budapest and Ali is South of Budapest. Ali walks directly away from Mark. Ali is walking BLANK.,2c8f684c-1ce8-521c-8d68-9c703b78727d,base
A1C12FONNLWX56,2,6,retest,1,two_refs_geocentric,two_refs_geocentric_target,Northwest,Southeast,Milwaukee is North of Mark. Mark goes East. Milwaukee is BLANK of Mark.,4ec12ad0-e7c6-511d-97e4-2c59b20c8143,base
A1C12FONNLWX56,2,6,retest,1,two_refs_geocentric,two_refs_geocentric_target,Northwest,Southeast,Milwaukee is North of Mark. Mark goes East. Milwaukee is BLANK of Mark.,4ec12ad0-e7c6-511d-97e4-2c59b20c8143,base
A1C12FONNLWX56,2,6,retest,1,two_refs_geocentric,two_refs_geocentric_context,East,West,Mark is facing South and Ali is facing BLANK. Mark turns 90 degrees to his right. Mark and Ali are facing different directions.,afb3e71e-dd5a-51dd-bdc0-e3e027d7048d,base
A1C12FONNLWX56,2,6,retest,1,two_refs_geocentric,two_refs_geocentric_context,East,West,Mark is facing South and Ali is facing BLANK. Mark turns 90 degrees to his right. Mark and Ali are facing different directions.,afb3e71e-dd5a-51dd-bdc0-e3e027d7048d,base
A1C12FONNLWX56,2,6,retest,0,two_refs_geocentric,two_refs_geocentric_target,Northest,Southeast,Milwaukee is South of Mark. Mark goes West. Mark is BLANK of Milwaukee.,e23f07b1-bdfa-5969-9480-74020b4ede21,base
A1C12FONNLWX56,2,6,retest,0,two_refs_geocentric,two_refs_geocentric_target,Northest,Southeast,Milwaukee is South of Mark. Mark goes West. Mark is BLANK of Milwaukee.,e23f07b1-bdfa-5969-9480-74020b4ede21,base
A1C12FONNLWX56,2,6,retest,0,two_refs_geocentric,two_refs_geocentric_target,the same direction,different directions,Mark is facing South and Ali is facing East. Mark turns 90 degrees to his right. Mark and Ali are facing BLANK.,2a3beaa8-c767-5efa-9738-2608cfab99a2,base
A1C12FONNLWX56,2,6,retest,0,two_refs_geocentric,two_refs_geocentric_target,the same direction,different directions,Mark is facing South and Ali is facing East. Mark turns 90 degrees to his right. Mark and Ali are facing BLANK.,2a3beaa8-c767-5efa-9738-2608cfab99a2,base
A1C12FONNLWX56,2,6,retest,0,two_refs_geocentric,two_refs_geocentric_target,towards,away from,Mark is West of Ali facing East. Ali is East of Mark facing West. Mark is facing BLANK Ali.,c653d385-9060-521b-a3d2-7b3bdc386792,base
A1C12FONNLWX56,2,6,retest,0,two_refs_geocentric,two_refs_geocentric_target,towards,away from,Mark is West of Ali facing East. Ali is East of Mark facing West. Mark is facing BLANK Ali.,c653d385-9060-521b-a3d2-7b3bdc386792,base
A1C12FONNLWX56,2,6,retest,1,two_refs_geocentric,two_refs_geocentric_target,the same direction,different directions,Mark is facing North and Ali is facing East. Mark turns 90 degrees to his right. Mark and Ali are facing BLANK.,286ce04e-0e99-55bd-b40b-485e9a55ddc1,base
A1C12FONNLWX56,2,6,retest,1,two_refs_geocentric,two_refs_geocentric_target,the same direction,different directions,Mark is facing North and Ali is facing East. Mark turns 90 degrees to his right. Mark and Ali are facing BLANK.,286ce04e-0e99-55bd-b40b-485e9a55ddc1,base
A1E3MR98PNWZBD,2,3,retest,0,egocentric_distant,egocentric_distant_context,behind,in front of,Chicago is BLANK Ali. Ali turns right. Chicago is right of Ali.,dcec3e75-40eb-54de-bb48-ea58e65342e2,base
A1E3MR98PNWZBD,2,3,retest,1,action_nonfollows,action_nonfollows_context,box,ball,The ball is close to Ali. Ali throws the BLANK. The ball is close to Ali.,f7802c6b-6603-57cf-876b-586d4f097a2f,base
A1E3MR98PNWZBD,2,3,retest,1,egocentric_distant,egocentric_distant_context,away from,towards,Ali is facing BLANK Milwaukee. Ali turns 180 degrees. Ali is facing towards Milwaukee.,6dd46ce3-4a45-5c9f-b40d-27839337750b,base
A1E3MR98PNWZBD,2,3,retest,1,egocentric_near,egocentric_near_context,in front of,behind,The painting is BLANK Ali. Ali turns right. The painting is left of Ali.,0e01e057-85b8-55f1-aa7c-67aa83d13493,base
A1E3MR98PNWZBD,2,3,retest,1,action_nonfollows,action_nonfollows_target,doesn't move,moves,The book is under the table. Ali moves the book. The table BLANK.,0db7dd2a-b02c-5034-9735-67371cfe2717,base
A1E3MR98PNWZBD,2,3,retest,0,egocentric_distant,egocentric_distant_target,left of,right of,Chicago is right of Ali. Ali turns around. Chicago is BLANK Ali.,02ed9d8b-8be8-5d09-8e50-1c31eed01911,base
A1E3MR98PNWZBD,2,3,retest,1,egocentric_near,egocentric_near_target,right of,left of,The painting is left of Ali. Ali turns around. The painting is BLANK Ali.,65d0a958-c00d-5c1f-8f9a-c3732b584548,base
A1E3MR98PNWZBD,2,3,retest,1,action_follows,action_follows_target,far from,close to,The baseball is close to Ali. Ali throws the baseball. The baseball is BLANK Ali.,b9e80e51-f4e6-5c6f-b976-6140e86b35a1,base
A1E3MR98PNWZBD,2,3,retest,0,action_nonfollows,action_nonfollows_target,bottom,top of,The ball is at the bottom of the ramp. Ali pushes the ball. The ball is at the BLANK of the ramp.,4638c94d-5d90-536c-8392-2529e12efbd1,base
A1E3MR98PNWZBD,2,3,retest,1,action_nonfollows,action_nonfollows_context,lamp,table,The wine glass is on the table. Ali bumps the BLANK. The wine doesn't spill.,c2bfe739-1139-5eac-a500-bf7cde68550a,base
A1E3MR98PNWZBD,2,3,retest,0,action_nonfollows,action_nonfollows_context,in,outside,Ali is BLANK the wagon. Ali pushes on the wagon. The wagon doesn't move.,313607e6-5da0-5cda-9e5c-816f8b002988,base
A1E3MR98PNWZBD,2,3,retest,0,state_nonfollows,state_nonfollows_target,colder,warmer,The soup is on the table. Ali turns on the stove. The soup gets BLANK.,43bffc24-3955-522c-a74b-5fd4b204d283,base
A1E3MR98PNWZBD,2,3,retest,0,egocentric_distant,egocentric_distant_context,left of,right of,Chicago is BLANK Ali. Ali turns around. Chicago is right of Ali.,e5deed13-5822-5717-897b-4a0ac2a78615,base
A1E3MR98PNWZBD,2,3,retest,1,action_nonfollows,action_nonfollows_context,under,on,The book is BLANK the table. Ali moves the table. The book doesn't move.,daae5815-074e-5b9c-a1b7-d2704748305c,base
A1E3MR98PNWZBD,2,3,retest,0,action_nonfollows,action_nonfollows_context,behind the statue,in front of the statue,Ali is BLANK. Ali turns around. Ali is behind the statue.,7d17626f-d7ad-50f5-8804-948780e275ec,base
A1E3MR98PNWZBD,2,3,retest,1,state_nonfollows,state_nonfollows_context,1 month,5 minutes,The wall was painted BLANK ago. Ali touches the wall. Ali's hand is clean.,3912f615-9518-5062-bfe9-b9deae98b3cc,base
A1E3MR98PNWZBD,2,3,retest,1,egocentric_distant,egocentric_distant_target,towards,away from,Ali is facing away from Milwaukee. Ali turns 180 degrees. Ali is facing BLANK Milwaukee.,5dcfd461-7fc1-571b-a376-3585ca034a0e,base
A1E3MR98PNWZBD,2,3,retest,0,egocentric_near,egocentric_near_target,left of,right of,The painting is right of Ali. Ali turns around. The painting is BLANK Ali.,6a7ee4a1-5db3-5076-ac24-2230ea37aa9e,base
A1E3MR98PNWZBD,2,3,retest,1,action_nonfollows,action_nonfollows_context,above,under,The ball is BLANK the box. The ball moves right. The ball is higher than the box.,ee32b476-c535-542e-91e6-7f3a2a64fe12,base
A1E3MR98PNWZBD,2,3,retest,1,action_nonfollows,action_nonfollows_context,far from,touching,The ball is BLANK the box. Ali moves the box. The ball doesn't move.,c3650617-8199-590c-8d8b-d16df14b77b1,base
A1E3MR98PNWZBD,2,3,retest,1,state_nonfollows,state_nonfollows_target,doesn't break,breaks,The glass and the cup are on the table. Ali pushes the cup off the table. The glass BLANK.,8dc99dd8-2eac-5a2a-bc48-48d899f2d287,base
A1E3MR98PNWZBD,2,3,retest,1,action_nonfollows,action_nonfollows_context,ball,box,The box is close to Ali. Ali throws the BLANK. The box is close to Ali.,97f1b8d8-8f88-575a-a82e-5557d245f329,base
A1E3MR98PNWZBD,2,3,retest,1,egocentric_distant,egocentric_distant_context,towards,away from,Ali is facing BLANK Chicago. Ali turns right. Chicago is left of Ali.,58361726-9384-5c8e-b9f5-34e514fbfb2c,base
A1E3MR98PNWZBD,2,3,retest,1,state_follows,state_follows_target,breaks,doesn't break,The glass is on the table. Ali bumps the table. The glass BLANK.,6dce2e1a-b2fc-56ae-a304-0378aec4ff7b,base
A1E3MR98PNWZBD,2,3,retest,1,action_nonfollows,action_nonfollows_target,on top of,below,The ball is resting on top of the box. Ali pushes the box forward. The ball is BLANK the box.,e370550d-ab15-5ae2-b47f-7b94238ca644,base
A1E3MR98PNWZBD,2,3,retest,1,action_nonfollows,action_nonfollows_context,inside,outside,The ball is BLANK the box. Ali pushes the box forward. The ball is inside the box.,a4774963-8e72-50a3-bd53-59fc8a24d0f9,base
A1E3MR98PNWZBD,2,3,retest,1,egocentric_near,egocentric_near_target,left of,right of,The painting is in front of Ali. Ali turns right. The painting is BLANK Ali.,0e4f4e87-15d0-5112-9419-f448e5fefa0a,base
A1E3MR98PNWZBD,2,3,retest,1,egocentric_distant,egocentric_distant_context,behind,in front of,Chicago is BLANK Ali. Ali turns left. Chicago is left of Ali.,67a9f12e-deda-5f51-b5e2-d24f0caec230,base
A1E3MR98PNWZBD,2,3,retest,1,action_nonfollows,action_nonfollows_target,doesn't move,moves,Ali is in the wagon. Ali pulls on the wagon. The wagon BLANK.,9794199e-e300-558b-b9ec-95fcbc93544f,base
A1E3MR98PNWZBD,2,3,retest,1,state_nonfollows,state_nonfollows_context,sink,glass,The empty glass is on the table. Ali fills the BLANK halfway. The glass is dry.,19257184-707f-5809-ae07-f015d47b973f,base
A1E3MR98PNWZBD,2,3,retest,1,action_nonfollows,action_nonfollows_target,in front of the statue,behind the statue,Ali is in front of the statue. Ali turns around. Ali is BLANK.,a32ed162-2be9-5aa8-93bc-ead31fd7049b,base
A1E3MR98PNWZBD,2,3,retest,1,action_nonfollows,action_nonfollows_target,doesn't move,moves,Ali is in the wagon. Ali pushes on the wagon. The wagon BLANK.,a8981c8e-2d19-5659-ab76-8a4c027c51e5,base
A1E3MR98PNWZBD,2,3,retest,1,egocentric_distant,egocentric_distant_context,behind,in front of,Chicago is BLANK Ali. Ali turns right. Chicago is right of Ali.,dcec3e75-40eb-54de-bb48-ea58e65342e2,base
A1E3MR98PNWZBD,2,3,retest,1,egocentric_distant,egocentric_distant_context,behind,in front of,Chicago is BLANK Ali. Ali turns right. Chicago is right of Ali.,dcec3e75-40eb-54de-bb48-ea58e65342e2,base
A1E3MR98PNWZBD,2,3,retest,1,action_nonfollows,action_nonfollows_context,box,ball,The ball is close to Ali. Ali throws the BLANK. The ball is close to Ali.,f7802c6b-6603-57cf-876b-586d4f097a2f,base
A1E3MR98PNWZBD,2,3,retest,1,action_nonfollows,action_nonfollows_context,box,ball,The ball is close to Ali. Ali throws the BLANK. The ball is close to Ali.,f7802c6b-6603-57cf-876b-586d4f097a2f,base
A1E3MR98PNWZBD,2,3,retest,1,egocentric_distant,egocentric_distant_context,away from,towards,Ali is facing BLANK Milwaukee. Ali turns 180 degrees. Ali is facing towards Milwaukee.,6dd46ce3-4a45-5c9f-b40d-27839337750b,base
A1E3MR98PNWZBD,2,3,retest,1,egocentric_distant,egocentric_distant_context,away from,towards,Ali is facing BLANK Milwaukee. Ali turns 180 degrees. Ali is facing towards Milwaukee.,6dd46ce3-4a45-5c9f-b40d-27839337750b,base
A1E3MR98PNWZBD,2,3,retest,1,egocentric_near,egocentric_near_context,in front of,behind,The painting is BLANK Ali. Ali turns right. The painting is left of Ali.,0e01e057-85b8-55f1-aa7c-67aa83d13493,base
A1E3MR98PNWZBD,2,3,retest,1,egocentric_near,egocentric_near_context,in front of,behind,The painting is BLANK Ali. Ali turns right. The painting is left of Ali.,0e01e057-85b8-55f1-aa7c-67aa83d13493,base
A1E3MR98PNWZBD,2,3,retest,0,egocentric_distant,egocentric_distant_target,left of,right of,Chicago is right of Ali. Ali turns around. Chicago is BLANK Ali.,02ed9d8b-8be8-5d09-8e50-1c31eed01911,base
A1E3MR98PNWZBD,2,3,retest,0,egocentric_distant,egocentric_distant_target,left of,right of,Chicago is right of Ali. Ali turns around. Chicago is BLANK Ali.,02ed9d8b-8be8-5d09-8e50-1c31eed01911,base
A1E3MR98PNWZBD,2,3,retest,0,egocentric_near,egocentric_near_target,right of,left of,The painting is left of Ali. Ali turns around. The painting is BLANK Ali.,65d0a958-c00d-5c1f-8f9a-c3732b584548,base
A1E3MR98PNWZBD,2,3,retest,0,egocentric_near,egocentric_near_target,right of,left of,The painting is left of Ali. Ali turns around. The painting is BLANK Ali.,65d0a958-c00d-5c1f-8f9a-c3732b584548,base
A1E3MR98PNWZBD,2,3,retest,0,action_nonfollows,action_nonfollows_target,bottom,top of,The ball is at the bottom of the ramp. Ali pushes the ball. The ball is at the BLANK of the ramp.,4638c94d-5d90-536c-8392-2529e12efbd1,base
A1E3MR98PNWZBD,2,3,retest,0,action_nonfollows,action_nonfollows_target,bottom,top of,The ball is at the bottom of the ramp. Ali pushes the ball. The ball is at the BLANK of the ramp.,4638c94d-5d90-536c-8392-2529e12efbd1,base
A1E3MR98PNWZBD,2,3,retest,1,action_nonfollows,action_nonfollows_context,in,outside,Ali is BLANK the wagon. Ali pushes on the wagon. The wagon doesn't move.,313607e6-5da0-5cda-9e5c-816f8b002988,base
A1E3MR98PNWZBD,2,3,retest,1,action_nonfollows,action_nonfollows_context,in,outside,Ali is BLANK the wagon. Ali pushes on the wagon. The wagon doesn't move.,313607e6-5da0-5cda-9e5c-816f8b002988,base
A1E3MR98PNWZBD,2,3,retest,1,state_nonfollows,state_nonfollows_target,colder,warmer,The soup is on the table. Ali turns on the stove. The soup gets BLANK.,43bffc24-3955-522c-a74b-5fd4b204d283,base
A1E3MR98PNWZBD,2,3,retest,1,state_nonfollows,state_nonfollows_target,colder,warmer,The soup is on the table. Ali turns on the stove. The soup gets BLANK.,43bffc24-3955-522c-a74b-5fd4b204d283,base
A1E3MR98PNWZBD,2,3,retest,0,egocentric_distant,egocentric_distant_context,left of,right of,Chicago is BLANK Ali. Ali turns around. Chicago is right of Ali.,e5deed13-5822-5717-897b-4a0ac2a78615,base
A1E3MR98PNWZBD,2,3,retest,0,egocentric_distant,egocentric_distant_context,left of,right of,Chicago is BLANK Ali. Ali turns around. Chicago is right of Ali.,e5deed13-5822-5717-897b-4a0ac2a78615,base
A1E3MR98PNWZBD,2,3,retest,1,action_nonfollows,action_nonfollows_context,under,on,The book is BLANK the table. Ali moves the table. The book doesn't move.,daae5815-074e-5b9c-a1b7-d2704748305c,base
A1E3MR98PNWZBD,2,3,retest,1,action_nonfollows,action_nonfollows_context,under,on,The book is BLANK the table. Ali moves the table. The book doesn't move.,daae5815-074e-5b9c-a1b7-d2704748305c,base
A1E3MR98PNWZBD,2,3,retest,1,action_nonfollows,action_nonfollows_context,behind the statue,in front of the statue,Ali is BLANK. Ali turns around. Ali is behind the statue.,7d17626f-d7ad-50f5-8804-948780e275ec,base
A1E3MR98PNWZBD,2,3,retest,1,action_nonfollows,action_nonfollows_context,behind the statue,in front of the statue,Ali is BLANK. Ali turns around. Ali is behind the statue.,7d17626f-d7ad-50f5-8804-948780e275ec,base
A1E3MR98PNWZBD,2,3,retest,0,egocentric_near,egocentric_near_target,left of,right of,The painting is right of Ali. Ali turns around. The painting is BLANK Ali.,6a7ee4a1-5db3-5076-ac24-2230ea37aa9e,base
A1E3MR98PNWZBD,2,3,retest,0,egocentric_near,egocentric_near_target,left of,right of,The painting is right of Ali. Ali turns around. The painting is BLANK Ali.,6a7ee4a1-5db3-5076-ac24-2230ea37aa9e,base
A1E3MR98PNWZBD,2,3,retest,1,action_nonfollows,action_nonfollows_context,far from,touching,The ball is BLANK the box. Ali moves the box. The ball doesn't move.,c3650617-8199-590c-8d8b-d16df14b77b1,base
A1E3MR98PNWZBD,2,3,retest,1,action_nonfollows,action_nonfollows_context,far from,touching,The ball is BLANK the box. Ali moves the box. The ball doesn't move.,c3650617-8199-590c-8d8b-d16df14b77b1,base
A1E3MR98PNWZBD,2,3,retest,1,action_nonfollows,action_nonfollows_context,ball,box,The box is close to Ali. Ali throws the BLANK. The box is close to Ali.,97f1b8d8-8f88-575a-a82e-5557d245f329,base
A1E3MR98PNWZBD,2,3,retest,1,action_nonfollows,action_nonfollows_context,ball,box,The box is close to Ali. Ali throws the BLANK. The box is close to Ali.,97f1b8d8-8f88-575a-a82e-5557d245f329,base
A1E3MR98PNWZBD,2,3,retest,1,action_nonfollows,action_nonfollows_target,doesn't move,moves,Ali is in the wagon. Ali pulls on the wagon. The wagon BLANK.,9794199e-e300-558b-b9ec-95fcbc93544f,base
A1E3MR98PNWZBD,2,3,retest,1,action_nonfollows,action_nonfollows_target,doesn't move,moves,Ali is in the wagon. Ali pulls on the wagon. The wagon BLANK.,9794199e-e300-558b-b9ec-95fcbc93544f,base
A1E3MR98PNWZBD,2,3,retest,1,action_nonfollows,action_nonfollows_target,doesn't move,moves,Ali is in the wagon. Ali pushes on the wagon. The wagon BLANK.,a8981c8e-2d19-5659-ab76-8a4c027c51e5,base
A1E3MR98PNWZBD,2,3,retest,1,action_nonfollows,action_nonfollows_target,doesn't move,moves,Ali is in the wagon. Ali pushes on the wagon. The wagon BLANK.,a8981c8e-2d19-5659-ab76-8a4c027c51e5,base
A1I7H6RDJS4EKN,2,6,retest,1,two_refs_geocentric,two_refs_geocentric_context,East,West,Milwaukee is North of Mark. Mark goes BLANK. Milwaukee is Northwest of Mark.,a4e641f8-8936-52ee-87ee-a034509bc15f,base
A1I7H6RDJS4EKN,2,6,retest,1,two_refs_geocentric,two_refs_geocentric_target,towards,away from,Mark is West of Ali facing East. Ali is East of Mark facing West. Mark is facing BLANK Ali.,c653d385-9060-521b-a3d2-7b3bdc386792,base
A1I7H6RDJS4EKN,2,6,retest,1,two_refs_geocentric,two_refs_geocentric_context,East,West,Mark is BLANK of Ali. Mark turns right. Mark is East of Ali.,cb89881b-c899-5760-bd9d-f73c4ab4521c,base
A1I7H6RDJS4EKN,2,6,retest,1,two_refs_geocentric,two_refs_geocentric_context,East,West,Mark is facing BLANK and Ali is facing West. Mark turns around. Mark is facing West.,e7a0ff83-cb27-54fe-bcf5-24d5d5f5b950,base
A1I7H6RDJS4EKN,2,6,retest,0,two_refs_geocentric,two_refs_geocentric_context,West,East,Milwaukee is South of Mark. Mark goes BLANK. Milwaukee is Southeast of Mark.,d8873371-c599-505f-a895-9df8ff3d5ebd,base
A1I7H6RDJS4EKN,2,6,retest,1,two_refs_geocentric,two_refs_geocentric_target,Northwest,Southeast,Milwaukee is North of Mark. Mark goes East. Milwaukee is BLANK of Mark.,4ec12ad0-e7c6-511d-97e4-2c59b20c8143,base
A1I7H6RDJS4EKN,2,6,retest,1,two_refs_geocentric,two_refs_geocentric_target,South,North,Mark and Ali are both directly East of Budapest. Mark walks North. Ali is BLANK of Mark.,b4bfe01b-251a-51c6-a900-d1307f5ec5cb,base
A1I7H6RDJS4EKN,2,6,retest,1,two_refs_geocentric,two_refs_geocentric_target,Northest,Southeast,Milwaukee is South of Mark. Mark goes West. Mark is BLANK of Milwaukee.,e23f07b1-bdfa-5969-9480-74020b4ede21,base
A1I7H6RDJS4EKN,2,6,retest,1,two_refs_geocentric,two_refs_geocentric_target,South,North,Mark is North of Budapest and Ali is South of Budapest. Ali walks directly away from Mark. Ali is walking BLANK.,2c8f684c-1ce8-521c-8d68-9c703b78727d,base
A1I7H6RDJS4EKN,2,6,retest,1,two_refs_geocentric,two_refs_geocentric_context,East,West,Mark is facing North and Ali is facing BLANK. Mark turns 90 degrees to his right. Mark and Ali are facing the same direction.,deba861b-2296-5137-a8b7-9d7504d90d47,base
A1I7H6RDJS4EKN,2,6,retest,1,two_refs_geocentric,two_refs_geocentric_context,East,West,Mark is BLANK of Ali facing East. Ali is West of Mark facing West. Mark is facing away from Ali.,a55a83e9-f5a4-5aee-907d-c7ec664911e3,base
A1I7H6RDJS4EKN,2,6,retest,1,two_refs_geocentric,two_refs_geocentric_context,away from,towards,Mark is North of Budapest and Ali is South of Budapest. Ali walks directly BLANK Mark. Ali is walking South.,51d41ac1-cf08-5458-8208-4162c1e865f6,base
A1I7H6RDJS4EKN,2,6,retest,0,two_refs_geocentric,two_refs_geocentric_target,away from,towards,Mark is East of Ali facing East. Ali is West of Mark facing West. Mark is facing BLANK Ali.,d7c6e00b-4c44-5369-ac36-15cf71d8f6b8,base
A1I7H6RDJS4EKN,2,6,retest,1,two_refs_geocentric,two_refs_geocentric_target,East,West,Mark is East of Budapest and Ali is West of Budapest. Ali walks directly towards Mark. Ali is heading BLANK.,50388291-cfb1-51f5-b757-16c6ee10b4c6,base
A1I7H6RDJS4EKN,2,6,retest,0,two_refs_geocentric,two_refs_geocentric_context,West,East,Milwaukee is South of Mark. Mark goes BLANK. Mark is Northeast of Milwaukee.,e35d39b7-29e7-5f8f-89c1-1daa34e84ebd,base
A1I7H6RDJS4EKN,2,6,retest,1,two_refs_geocentric,two_refs_geocentric_context,West,East,Mark is facing East and Ali is facing BLANK. Mark turns 180 degrees. Mark and Ali are facing the same direction.,09a5259f-f1f6-5316-829f-75de35dc7fe2,base
A1I7H6RDJS4EKN,2,6,retest,1,two_refs_geocentric,two_refs_geocentric_context,West,East,Mark is BLANK of Ali facing East. Ali is East of Mark facing West. Mark is facing towards Ali.,d88cd359-fee1-5421-b204-da79447cd71c,base
A1I7H6RDJS4EKN,2,6,retest,0,two_refs_geocentric,two_refs_geocentric_context,East,West,Mark is facing South and Ali is facing BLANK. Mark turns 90 degrees to his right. Mark and Ali are facing different directions.,afb3e71e-dd5a-51dd-bdc0-e3e027d7048d,base
A1I7H6RDJS4EKN,2,6,retest,1,two_refs_geocentric,two_refs_geocentric_target,North,South,Mark and Ali are both directly West of Budapest. Mark walks South. Ali is BLANK of Mark.,83b8ada3-adc0-51d6-8c2c-d39bacde7ea1,base
A1I7H6RDJS4EKN,2,6,retest,1,two_refs_geocentric,two_refs_geocentric_context,towards,away from,Mark is East of Budapest and Ali is West of Budapest. Mark walks directly BLANK Ali. Mark is heading West.,07d45d86-9d5e-5f76-a281-81fd6837ef87,base
A1I7H6RDJS4EKN,2,6,retest,1,two_refs_geocentric,two_refs_geocentric_target,the same direction,different directions,Mark is facing North and Ali is facing East. Mark turns 90 degrees to his right. Mark and Ali are facing BLANK.,286ce04e-0e99-55bd-b40b-485e9a55ddc1,base
A1I7H6RDJS4EKN,2,6,retest,0,two_refs_geocentric,two_refs_geocentric_target,the same direction,different directions,Mark is facing South and Ali is facing East. Mark turns 90 degrees to his right. Mark and Ali are facing BLANK.,2a3beaa8-c767-5efa-9738-2608cfab99a2,base
A1I7H6RDJS4EKN,2,6,retest,1,two_refs_geocentric,two_refs_geocentric_context,East,West,Mark is BLANK of Ali. Mark turns right. Mark is East of Ali.,cb89881b-c899-5760-bd9d-f73c4ab4521c,base
A1I7H6RDJS4EKN,2,6,retest,1,two_refs_geocentric,two_refs_geocentric_context,East,West,Mark is BLANK of Ali. Mark turns right. Mark is East of Ali.,cb89881b-c899-5760-bd9d-f73c4ab4521c,base
A1I7H6RDJS4EKN,2,6,retest,0,two_refs_geocentric,two_refs_geocentric_context,West,East,Milwaukee is South of Mark. Mark goes BLANK. Milwaukee is Southeast of Mark.,d8873371-c599-505f-a895-9df8ff3d5ebd,base
A1I7H6RDJS4EKN,2,6,retest,0,two_refs_geocentric,two_refs_geocentric_context,West,East,Milwaukee is South of Mark. Mark goes BLANK. Milwaukee is Southeast of Mark.,d8873371-c599-505f-a895-9df8ff3d5ebd,base
A1I7H6RDJS4EKN,2,6,retest,1,two_refs_geocentric,two_refs_geocentric_target,Northwest,Southeast,Milwaukee is North of Mark. Mark goes East. Milwaukee is BLANK of Mark.,4ec12ad0-e7c6-511d-97e4-2c59b20c8143,base
A1I7H6RDJS4EKN,2,6,retest,1,two_refs_geocentric,two_refs_geocentric_target,Northwest,Southeast,Milwaukee is North of Mark. Mark goes East. Milwaukee is BLANK of Mark.,4ec12ad0-e7c6-511d-97e4-2c59b20c8143,base
A1I7H6RDJS4EKN,2,6,retest,1,two_refs_geocentric,two_refs_geocentric_context,East,West,Mark is BLANK of Ali facing East. Ali is West of Mark facing West. Mark is facing away from Ali.,a55a83e9-f5a4-5aee-907d-c7ec664911e3,base
A1I7H6RDJS4EKN,2,6,retest,1,two_refs_geocentric,two_refs_geocentric_context,East,West,Mark is BLANK of Ali facing East. Ali is West of Mark facing West. Mark is facing away from Ali.,a55a83e9-f5a4-5aee-907d-c7ec664911e3,base
A1I7H6RDJS4EKN,2,6,retest,1,two_refs_geocentric,two_refs_geocentric_target,away from,towards,Mark is East of Ali facing East. Ali is West of Mark facing West. Mark is facing BLANK Ali.,d7c6e00b-4c44-5369-ac36-15cf71d8f6b8,base
A1I7H6RDJS4EKN,2,6,retest,1,two_refs_geocentric,two_refs_geocentric_target,away from,towards,Mark is East of Ali facing East. Ali is West of Mark facing West. Mark is facing BLANK Ali.,d7c6e00b-4c44-5369-ac36-15cf71d8f6b8,base
A1I7H6RDJS4EKN,2,6,retest,0,two_refs_geocentric,two_refs_geocentric_context,West,East,Milwaukee is South of Mark. Mark goes BLANK. Mark is Northeast of Milwaukee.,e35d39b7-29e7-5f8f-89c1-1daa34e84ebd,base
A1I7H6RDJS4EKN,2,6,retest,0,two_refs_geocentric,two_refs_geocentric_context,West,East,Milwaukee is South of Mark. Mark goes BLANK. Mark is Northeast of Milwaukee.,e35d39b7-29e7-5f8f-89c1-1daa34e84ebd,base
A1I7H6RDJS4EKN,2,6,retest,1,two_refs_geocentric,two_refs_geocentric_context,East,West,Mark is facing South and Ali is facing BLANK. Mark turns 90 degrees to his right. Mark and Ali are facing different directions.,afb3e71e-dd5a-51dd-bdc0-e3e027d7048d,base
A1I7H6RDJS4EKN,2,6,retest,1,two_refs_geocentric,two_refs_geocentric_context,East,West,Mark is facing South and Ali is facing BLANK. Mark turns 90 degrees to his right. Mark and Ali are facing different directions.,afb3e71e-dd5a-51dd-bdc0-e3e027d7048d,base
A1JCRM4FEUV2VQ,2,3,retest,1,egocentric_near,egocentric_near_target,right of,left of,The painting is left of Ali. Ali turns around. The painting is BLANK Ali.,65d0a958-c00d-5c1f-8f9a-c3732b584548,base
A1JCRM4FEUV2VQ,2,3,retest,1,egocentric_distant,egocentric_distant_target,left of,right of,Chicago is right of Ali. Ali turns around. Chicago is BLANK Ali.,02ed9d8b-8be8-5d09-8e50-1c31eed01911,base
A1JCRM4FEUV2VQ,2,3,retest,1,action_nonfollows,action_nonfollows_context,far from,touching,The ball is BLANK the box. Ali moves the box. The ball doesn't move.,c3650617-8199-590c-8d8b-d16df14b77b1,base
A1JCRM4FEUV2VQ,2,3,retest,0,action_nonfollows,action_nonfollows_target,doesn't move,moves,The book is under the table. Ali moves the book. The table BLANK.,0db7dd2a-b02c-5034-9735-67371cfe2717,base
A1JCRM4FEUV2VQ,2,3,retest,1,egocentric_distant,egocentric_distant_context,behind,in front of,Chicago is BLANK Ali. Ali turns left. Chicago is left of Ali.,67a9f12e-deda-5f51-b5e2-d24f0caec230,base
A1JCRM4FEUV2VQ,2,3,retest,1,action_follows,action_follows_target,far from,close to,The baseball is close to Ali. Ali throws the baseball. The baseball is BLANK Ali.,b9e80e51-f4e6-5c6f-b976-6140e86b35a1,base
A1JCRM4FEUV2VQ,2,3,retest,0,action_nonfollows,action_nonfollows_context,box,ball,The ball is close to Ali. Ali throws the BLANK. The ball is close to Ali.,f7802c6b-6603-57cf-876b-586d4f097a2f,base
A1JCRM4FEUV2VQ,2,3,retest,1,egocentric_near,egocentric_near_target,left of,right of,The painting is right of Ali. Ali turns around. The painting is BLANK Ali.,6a7ee4a1-5db3-5076-ac24-2230ea37aa9e,base
A1JCRM4FEUV2VQ,2,3,retest,0,action_nonfollows,action_nonfollows_context,in,outside,Ali is BLANK the wagon. Ali pushes on the wagon. The wagon doesn't move.,313607e6-5da0-5cda-9e5c-816f8b002988,base
A1JCRM4FEUV2VQ,2,3,retest,1,action_nonfollows,action_nonfollows_context,under,on,The book is BLANK the table. Ali moves the table. The book doesn't move.,daae5815-074e-5b9c-a1b7-d2704748305c,base
A1JCRM4FEUV2VQ,2,3,retest,1,action_nonfollows,action_nonfollows_context,ball,box,The box is close to Ali. Ali throws the BLANK. The box is close to Ali.,97f1b8d8-8f88-575a-a82e-5557d245f329,base
A1JCRM4FEUV2VQ,2,3,retest,0,action_nonfollows,action_nonfollows_target,bottom,top of,The ball is at the bottom of the ramp. Ali pushes the ball. The ball is at the BLANK of the ramp.,4638c94d-5d90-536c-8392-2529e12efbd1,base
A1JCRM4FEUV2VQ,2,3,retest,0,action_nonfollows,action_nonfollows_context,lamp,table,The wine glass is on the table. Ali bumps the BLANK. The wine doesn't spill.,c2bfe739-1139-5eac-a500-bf7cde68550a,base
A1JCRM4FEUV2VQ,2,3,retest,1,state_nonfollows,state_nonfollows_target,doesn't break,breaks,The glass and the cup are on the table. Ali pushes the cup off the table. The glass BLANK.,8dc99dd8-2eac-5a2a-bc48-48d899f2d287,base
A1JCRM4FEUV2VQ,2,3,retest,0,action_nonfollows,action_nonfollows_target,doesn't move,moves,Ali is in the wagon. Ali pushes on the wagon. The wagon BLANK.,a8981c8e-2d19-5659-ab76-8a4c027c51e5,base
A1JCRM4FEUV2VQ,2,3,retest,0,egocentric_distant,egocentric_distant_context,towards,away from,Ali is facing BLANK Chicago. Ali turns right. Chicago is left of Ali.,58361726-9384-5c8e-b9f5-34e514fbfb2c,base
A1JCRM4FEUV2VQ,2,3,retest,1,action_nonfollows,action_nonfollows_context,above,under,The ball is BLANK the box. The ball moves right. The ball is higher than the box.,ee32b476-c535-542e-91e6-7f3a2a64fe12,base
A1JCRM4FEUV2VQ,2,3,retest,1,state_nonfollows,state_nonfollows_context,1 month,5 minutes,The wall was painted BLANK ago. Ali touches the wall. Ali's hand is clean.,3912f615-9518-5062-bfe9-b9deae98b3cc,base
A1JCRM4FEUV2VQ,2,3,retest,0,egocentric_near,egocentric_near_target,left of,right of,The painting is in front of Ali. Ali turns right. The painting is BLANK Ali.,0e4f4e87-15d0-5112-9419-f448e5fefa0a,base
A1JCRM4FEUV2VQ,2,3,retest,0,action_nonfollows,action_nonfollows_context,behind the statue,in front of the statue,Ali is BLANK. Ali turns around. Ali is behind the statue.,7d17626f-d7ad-50f5-8804-948780e275ec,base
A1JCRM4FEUV2VQ,2,3,retest,1,state_follows,state_follows_target,breaks,doesn't break,The glass is on the table. Ali bumps the table. The glass BLANK.,6dce2e1a-b2fc-56ae-a304-0378aec4ff7b,base
A1JCRM4FEUV2VQ,2,3,retest,1,egocentric_distant,egocentric_distant_context,left of,right of,Chicago is BLANK Ali. Ali turns around. Chicago is right of Ali.,e5deed13-5822-5717-897b-4a0ac2a78615,base
A1JCRM4FEUV2VQ,2,3,retest,0,action_nonfollows,action_nonfollows_target,in front of the statue,behind the statue,Ali is in front of the statue. Ali turns around. Ali is BLANK.,a32ed162-2be9-5aa8-93bc-ead31fd7049b,base
A1JCRM4FEUV2VQ,2,3,retest,0,action_nonfollows,action_nonfollows_target,doesn't move,moves,Ali is in the wagon. Ali pulls on the wagon. The wagon BLANK.,9794199e-e300-558b-b9ec-95fcbc93544f,base
A1JCRM4FEUV2VQ,2,3,retest,1,egocentric_distant,egocentric_distant_context,behind,in front of,Chicago is BLANK Ali. Ali turns right. Chicago is right of Ali.,dcec3e75-40eb-54de-bb48-ea58e65342e2,base
A1JCRM4FEUV2VQ,2,3,retest,0,state_nonfollows,state_nonfollows_target,colder,warmer,The soup is on the table. Ali turns on the stove. The soup gets BLANK.,43bffc24-3955-522c-a74b-5fd4b204d283,base
A1JCRM4FEUV2VQ,2,3,retest,1,action_nonfollows,action_nonfollows_target,on top of,below,The ball is resting on top of the box. Ali pushes the box forward. The ball is BLANK the box.,e370550d-ab15-5ae2-b47f-7b94238ca644,base
A1JCRM4FEUV2VQ,2,3,retest,1,egocentric_near,egocentric_near_context,in front of,behind,The painting is BLANK Ali. Ali turns right. The painting is left of Ali.,0e01e057-85b8-55f1-aa7c-67aa83d13493,base
A1JCRM4FEUV2VQ,2,3,retest,0,action_nonfollows,action_nonfollows_context,inside,outside,The ball is BLANK the box. Ali pushes the box forward. The ball is inside the box.,a4774963-8e72-50a3-bd53-59fc8a24d0f9,base
A1JCRM4FEUV2VQ,2,3,retest,1,egocentric_distant,egocentric_distant_context,away from,towards,Ali is facing BLANK Milwaukee. Ali turns 180 degrees. Ali is facing towards Milwaukee.,6dd46ce3-4a45-5c9f-b40d-27839337750b,base
A1JCRM4FEUV2VQ,2,3,retest,1,egocentric_distant,egocentric_distant_target,towards,away from,Ali is facing away from Milwaukee. Ali turns 180 degrees. Ali is facing BLANK Milwaukee.,5dcfd461-7fc1-571b-a376-3585ca034a0e,base
A1JCRM4FEUV2VQ,2,3,retest,0,state_nonfollows,state_nonfollows_context,sink,glass,The empty glass is on the table. Ali fills the BLANK halfway. The glass is dry.,19257184-707f-5809-ae07-f015d47b973f,base
A1JCRM4FEUV2VQ,2,3,retest,1,action_nonfollows,action_nonfollows_target,doesn't move,moves,The book is under the table. Ali moves the book. The table BLANK.,0db7dd2a-b02c-5034-9735-67371cfe2717,base
A1JCRM4FEUV2VQ,2,3,retest,1,action_nonfollows,action_nonfollows_target,doesn't move,moves,The book is under the table. Ali moves the book. The table BLANK.,0db7dd2a-b02c-5034-9735-67371cfe2717,base
A1JCRM4FEUV2VQ,2,3,retest,0,action_nonfollows,action_nonfollows_context,box,ball,The ball is close to Ali. Ali throws the BLANK. The ball is close to Ali.,f7802c6b-6603-57cf-876b-586d4f097a2f,base
A1JCRM4FEUV2VQ,2,3,retest,0,action_nonfollows,action_nonfollows_context,box,ball,The ball is close to Ali. Ali throws the BLANK. The ball is close to Ali.,f7802c6b-6603-57cf-876b-586d4f097a2f,base
A1JCRM4FEUV2VQ,2,3,retest,1,action_nonfollows,action_nonfollows_context,in,outside,Ali is BLANK the wagon. Ali pushes on the wagon. The wagon doesn't move.,313607e6-5da0-5cda-9e5c-816f8b002988,base
A1JCRM4FEUV2VQ,2,3,retest,1,action_nonfollows,action_nonfollows_context,in,outside,Ali is BLANK the wagon. Ali pushes on the wagon. The wagon doesn't move.,313607e6-5da0-5cda-9e5c-816f8b002988,base
A1JCRM4FEUV2VQ,2,3,retest,1,action_nonfollows,action_nonfollows_context,ball,box,The box is close to Ali. Ali throws the BLANK. The box is close to Ali.,97f1b8d8-8f88-575a-a82e-5557d245f329,base
A1JCRM4FEUV2VQ,2,3,retest,1,action_nonfollows,action_nonfollows_context,ball,box,The box is close to Ali. Ali throws the BLANK. The box is close to Ali.,97f1b8d8-8f88-575a-a82e-5557d245f329,base
A1JCRM4FEUV2VQ,2,3,retest,0,action_nonfollows,action_nonfollows_target,bottom,top of,The ball is at the bottom of the ramp. Ali pushes the ball. The ball is at the BLANK of the ramp.,4638c94d-5d90-536c-8392-2529e12efbd1,base
A1JCRM4FEUV2VQ,2,3,retest,0,action_nonfollows,action_nonfollows_target,bottom,top of,The ball is at the bottom of the ramp. Ali pushes the ball. The ball is at the BLANK of the ramp.,4638c94d-5d90-536c-8392-2529e12efbd1,base
A1JCRM4FEUV2VQ,2,3,retest,0,action_nonfollows,action_nonfollows_context,lamp,table,The wine glass is on the table. Ali bumps the BLANK. The wine doesn't spill.,c2bfe739-1139-5eac-a500-bf7cde68550a,base
A1JCRM4FEUV2VQ,2,3,retest,0,action_nonfollows,action_nonfollows_context,lamp,table,The wine glass is on the table. Ali bumps the BLANK. The wine doesn't spill.,c2bfe739-1139-5eac-a500-bf7cde68550a,base
A1JCRM4FEUV2VQ,2,3,retest,0,action_nonfollows,action_nonfollows_target,doesn't move,moves,Ali is in the wagon. Ali pushes on the wagon. The wagon BLANK.,a8981c8e-2d19-5659-ab76-8a4c027c51e5,base
A1JCRM4FEUV2VQ,2,3,retest,0,action_nonfollows,action_nonfollows_target,doesn't move,moves,Ali is in the wagon. Ali pushes on the wagon. The wagon BLANK.,a8981c8e-2d19-5659-ab76-8a4c027c51e5,base
A1JCRM4FEUV2VQ,2,3,retest,1,egocentric_distant,egocentric_distant_context,towards,away from,Ali is facing BLANK Chicago. Ali turns right. Chicago is left of Ali.,58361726-9384-5c8e-b9f5-34e514fbfb2c,base
A1JCRM4FEUV2VQ,2,3,retest,1,egocentric_distant,egocentric_distant_context,towards,away from,Ali is facing BLANK Chicago. Ali turns right. Chicago is left of Ali.,58361726-9384-5c8e-b9f5-34e514fbfb2c,base
A1JCRM4FEUV2VQ,2,3,retest,1,action_nonfollows,action_nonfollows_context,above,under,The ball is BLANK the box. The ball moves right. The ball is higher than the box.,ee32b476-c535-542e-91e6-7f3a2a64fe12,base
A1JCRM4FEUV2VQ,2,3,retest,1,action_nonfollows,action_nonfollows_context,above,under,The ball is BLANK the box. The ball moves right. The ball is higher than the box.,ee32b476-c535-542e-91e6-7f3a2a64fe12,base
A1JCRM4FEUV2VQ,2,3,retest,1,state_nonfollows,state_nonfollows_context,1 month,5 minutes,The wall was painted BLANK ago. Ali touches the wall. Ali's hand is clean.,3912f615-9518-5062-bfe9-b9deae98b3cc,base
A1JCRM4FEUV2VQ,2,3,retest,1,state_nonfollows,state_nonfollows_context,1 month,5 minutes,The wall was painted BLANK ago. Ali touches the wall. Ali's hand is clean.,3912f615-9518-5062-bfe9-b9deae98b3cc,base
A1JCRM4FEUV2VQ,2,3,retest,1,egocentric_near,egocentric_near_target,left of,right of,The painting is in front of Ali. Ali turns right. The painting is BLANK Ali.,0e4f4e87-15d0-5112-9419-f448e5fefa0a,base
A1JCRM4FEUV2VQ,2,3,retest,1,egocentric_near,egocentric_near_target,left of,right of,The painting is in front of Ali. Ali turns right. The painting is BLANK Ali.,0e4f4e87-15d0-5112-9419-f448e5fefa0a,base
A1JCRM4FEUV2VQ,2,3,retest,0,action_nonfollows,action_nonfollows_context,behind the statue,in front of the statue,Ali is BLANK. Ali turns around. Ali is behind the statue.,7d17626f-d7ad-50f5-8804-948780e275ec,base
A1JCRM4FEUV2VQ,2,3,retest,0,action_nonfollows,action_nonfollows_context,behind the statue,in front of the statue,Ali is BLANK. Ali turns around. Ali is behind the statue.,7d17626f-d7ad-50f5-8804-948780e275ec,base
A1JCRM4FEUV2VQ,2,3,retest,1,egocentric_distant,egocentric_distant_context,left of,right of,Chicago is BLANK Ali. Ali turns around. Chicago is right of Ali.,e5deed13-5822-5717-897b-4a0ac2a78615,base
A1JCRM4FEUV2VQ,2,3,retest,1,egocentric_distant,egocentric_distant_context,left of,right of,Chicago is BLANK Ali. Ali turns around. Chicago is right of Ali.,e5deed13-5822-5717-897b-4a0ac2a78615,base
A1JCRM4FEUV2VQ,2,3,retest,0,action_nonfollows,action_nonfollows_target,in front of the statue,behind the statue,Ali is in front of the statue. Ali turns around. Ali is BLANK.,a32ed162-2be9-5aa8-93bc-ead31fd7049b,base
A1JCRM4FEUV2VQ,2,3,retest,0,action_nonfollows,action_nonfollows_target,in front of the statue,behind the statue,Ali is in front of the statue. Ali turns around. Ali is BLANK.,a32ed162-2be9-5aa8-93bc-ead31fd7049b,base
A1JCRM4FEUV2VQ,2,3,retest,0,action_nonfollows,action_nonfollows_target,doesn't move,moves,Ali is in the wagon. Ali pulls on the wagon. The wagon BLANK.,9794199e-e300-558b-b9ec-95fcbc93544f,base
A1JCRM4FEUV2VQ,2,3,retest,0,action_nonfollows,action_nonfollows_target,doesn't move,moves,Ali is in the wagon. Ali pulls on the wagon. The wagon BLANK.,9794199e-e300-558b-b9ec-95fcbc93544f,base
A1JCRM4FEUV2VQ,2,3,retest,0,state_nonfollows,state_nonfollows_target,colder,warmer,The soup is on the table. Ali turns on the stove. The soup gets BLANK.,43bffc24-3955-522c-a74b-5fd4b204d283,base
A1JCRM4FEUV2VQ,2,3,retest,0,state_nonfollows,state_nonfollows_target,colder,warmer,The soup is on the table. Ali turns on the stove. The soup gets BLANK.,43bffc24-3955-522c-a74b-5fd4b204d283,base
A1JCRM4FEUV2VQ,2,3,retest,1,egocentric_near,egocentric_near_context,in front of,behind,The painting is BLANK Ali. Ali turns right. The painting is left of Ali.,0e01e057-85b8-55f1-aa7c-67aa83d13493,base
A1JCRM4FEUV2VQ,2,3,retest,1,egocentric_near,egocentric_near_context,in front of,behind,The painting is BLANK Ali. Ali turns right. The painting is left of Ali.,0e01e057-85b8-55f1-aa7c-67aa83d13493,base
A1JCRM4FEUV2VQ,2,3,retest,0,action_nonfollows,action_nonfollows_context,inside,outside,The ball is BLANK the box. Ali pushes the box forward. The ball is inside the box.,a4774963-8e72-50a3-bd53-59fc8a24d0f9,base
A1JCRM4FEUV2VQ,2,3,retest,0,action_nonfollows,action_nonfollows_context,inside,outside,The ball is BLANK the box. Ali pushes the box forward. The ball is inside the box.,a4774963-8e72-50a3-bd53-59fc8a24d0f9,base
A1JCRM4FEUV2VQ,2,3,retest,1,egocentric_distant,egocentric_distant_context,away from,towards,Ali is facing BLANK Milwaukee. Ali turns 180 degrees. Ali is facing towards Milwaukee.,6dd46ce3-4a45-5c9f-b40d-27839337750b,base
A1JCRM4FEUV2VQ,2,3,retest,1,egocentric_distant,egocentric_distant_context,away from,towards,Ali is facing BLANK Milwaukee. Ali turns 180 degrees. Ali is facing towards Milwaukee.,6dd46ce3-4a45-5c9f-b40d-27839337750b,base
A1JCRM4FEUV2VQ,2,3,retest,0,state_nonfollows,state_nonfollows_context,sink,glass,The empty glass is on the table. Ali fills the BLANK halfway. The glass is dry.,19257184-707f-5809-ae07-f015d47b973f,base
A1JCRM4FEUV2VQ,2,3,retest,0,state_nonfollows,state_nonfollows_context,sink,glass,The empty glass is on the table. Ali fills the BLANK halfway. The glass is dry.,19257184-707f-5809-ae07-f015d47b973f,base
A1VFSNVFK883XU,2,1,retest,0,egocentric_near,egocentric_near_target,behind,in front of,Ali is behind the painting. Ali turns around. Ali is BLANK the painting.,cb0d70bb-d9f6-5100-902d-21fd6221cecf,base
A1VFSNVFK883XU,2,1,retest,0,egocentric_near,egocentric_near_target,right,left,The painting is to Ali's right. The painting is moved right. The painting is to Ali's BLANK.,ead989ef-2c5a-5676-a32c-f2f2055cae2d,base
A1VFSNVFK883XU,2,1,retest,0,state_nonfollows,state_nonfollows_context,banana,ice cube,The ice cube and the banana are in the fridge. Ali takes the BLANK out of the fridge. The ice cube doesn't melt.,36c076db-ae0e-5966-819d-9d048054999d,base
A1VFSNVFK883XU,2,1,retest,0,state_nonfollows,state_nonfollows_context,cup,glass,The glass and the cup are on the table. Ali pushes the BLANK off the table. The glass doesn't break.,88e4c11a-0766-534e-843f-4d59c387d497,base
A1VFSNVFK883XU,2,1,retest,0,egocentric_distant,egocentric_distant_context,in front of,behind,Chicago is BLANK Ali. Ali turns right. Chicago is left of Ali.,27c72cf7-5d80-526d-9ace-d6625063dfe0,base
A1VFSNVFK883XU,2,1,retest,0,action_nonfollows,action_nonfollows_context,in front of the statue,behind the statue,Ali is BLANK. Ali turns around. Ali is in front of the statue.,7cfd7bad-4e38-507a-a6d8-243e8c667d1b,base
A1VFSNVFK883XU,2,1,retest,0,action_nonfollows,action_nonfollows_context,under,above,The ball is BLANK the box. Ali pushes the ball forward. The ball is under the box.,11b9c7f0-ecb6-5489-b941-2a3815cb66ce,base
A1VFSNVFK883XU,2,1,retest,0,egocentric_distant,egocentric_distant_target,right of,left of,Chicago is behind Ali. Ali turns right. Chicago is BLANK Ali.,ecf1bbc5-92d2-5b77-9ebe-7090991e3b5d,base
A1VFSNVFK883XU,2,1,retest,1,action_follows,action_follows_target,moves,doesn't move,The book is on the table. Ali moves the table. The book BLANK.,bf93e811-9a49-58b7-b6dc-6a47ece87d9f,base
A1VFSNVFK883XU,2,1,retest,1,egocentric_distant,egocentric_distant_target,in front of,behind,Ali is facing away from Chicago. Ali turns around. Chicago is BLANK Ali.,1710b645-2bb2-54c6-8ac1-62f03525d880,base
A1VFSNVFK883XU,2,1,retest,1,action_nonfollows,action_nonfollows_target,doesn't move,moves,The ball is five feet from the box. Ali moves the box. The ball BLANK.,eae220a6-b112-595b-8808-41aaec2e4f3d,base
A1VFSNVFK883XU,2,1,retest,0,egocentric_distant,egocentric_distant_context,towards,away from,Ali is facing BLANK Chicago. Ali turns left. Chicago is right of Ali.,fe65df9a-14f6-5a27-8f01-1a0bed69b8e5,base
A1VFSNVFK883XU,2,1,retest,1,egocentric_distant,egocentric_distant_target,left of,right of,Ali is facing away from Chicago. Ali turns left. Chicago is BLANK Ali.,9f9092b3-4ed3-5b54-92bb-a68e83301300,base
A1VFSNVFK883XU,2,1,retest,1,action_follows,action_follows_context,behind,in front of,Ali is BLANK the wagon. Ali pushes on the wagon. The wagon moves.,40d46345-fe82-5f5a-82a0-f24d259674d7,base
A1VFSNVFK883XU,2,1,retest,0,egocentric_near,egocentric_near_context,behind,in front of,Ali is BLANK painting. Ali turns around. Ali is behind the painting.,d91e34a1-58ec-5efe-bd1d-3da56dfe0d5c,base
A1VFSNVFK883XU,2,1,retest,1,egocentric_near,egocentric_near_context,right of,left of,The painting is BLANK Ali. Ali turns around. The painting is left of Ali.,a350fecf-cf01-5eef-a227-25028fad7f14,base
A1VFSNVFK883XU,2,1,retest,0,egocentric_near,egocentric_near_context,behind,in front of,The painting is BLANK Ali. Ali turns right. The painting is right of Ali.,1916451f-868a-5f58-9e6c-6033ca77e634,base
A1VFSNVFK883XU,2,1,retest,1,action_follows,action_follows_context,top,bottom,The wagon is on the BLANK of the hill. Ali pushes the wagon. The wagon rolls.,96c0978e-4433-5d7f-b561-cee41daa8875,base
A1VFSNVFK883XU,2,1,retest,0,action_nonfollows,action_nonfollows_target,doesn't move,moves,The box is in the bin. Ali moves the box. The bin BLANK.,ba5435e7-cc12-557d-be71-b241947e2f6c,base
A1VFSNVFK883XU,2,1,retest,0,state_nonfollows,state_nonfollows_target,doesn't break,breaks,The glass is on the floor. Ali bumps the table. The glass BLANK.,2a5f6d9c-8b03-5fe5-8a19-87971947d204,base
A1VFSNVFK883XU,2,1,retest,1,egocentric_near,egocentric_near_context,in front of,behind,The painting is BLANK of Ali. Ali turns left. The painting is right of Ali.,805deedd-d47e-54f8-b7e7-81318f8435b7,base
A1VFSNVFK883XU,2,1,retest,1,action_nonfollows,action_nonfollows_target,close to,far from,The box is close to Ali. Ali throws the ball. The box is BLANK Ali.,27bc3da0-29e8-5aff-8cdc-aebfdecd2412,base
A1VFSNVFK883XU,2,1,retest,1,action_nonfollows,action_nonfollows_target,floats,sinks,The box is floating in the water. Ali puts a tennis ball in the box. The box BLANK.,15a162c3-7638-5144-a4a3-f9a13b33f485,base
A1VFSNVFK883XU,2,1,retest,0,action_nonfollows,action_nonfollows_context,in,outside,Ali is BLANK the wagon. Ali pulls on the wagon. The wagon doesn't move.,d68fd4fa-114f-58ff-922b-8ba73bc38c68,base
A1VFSNVFK883XU,2,1,retest,0,egocentric_near,egocentric_near_context,behind,in front of,The painting is BLANK Ali. Ali turns left. The painting is left of Ali.,8c63c6ea-38dc-5bb2-a95b-c1b63865bdaf,base
A1VFSNVFK883XU,2,1,retest,0,egocentric_distant,egocentric_distant_context,left,right,Chicago is to Ali's BLANK. Ali turns left. Ali is facing towards Chicago.,29c5b0e8-2242-5aa6-ad05-0a8b33bc7aec,base
A1VFSNVFK883XU,2,1,retest,0,state_nonfollows,state_nonfollows_target,dry,wet,The glass is on the table. Ali fills the glass halfway. The table is BLANK.,b8aeb728-ce96-53b4-a022-80902bd4ed2d,base
A1VFSNVFK883XU,2,1,retest,0,action_nonfollows,action_nonfollows_context,under,above,The ball is BLANK the box. The ball moves right. The ball is lower than the box.,f7886140-c3a9-5bb0-9dc4-99612c3e3180,base
A1VFSNVFK883XU,2,1,retest,0,egocentric_near,egocentric_near_target,left of,right of,The painting is behind Ali. Ali turns left. The painting is BLANK Ali.,2f6ac9c5-17f9-5a23-ab8d-9d0d3d3335c4,base
A1VFSNVFK883XU,2,1,retest,1,egocentric_near,egocentric_near_target,right,left,The painting is to Ali's left. The painting is moved left. The painting is to Ali's BLANK.,77bdedf3-bae1-5250-9280-746344392bdd,base
A1VFSNVFK883XU,2,1,retest,1,action_follows,action_follows_context,right,left,The seesaw is balanced. Ali tilts the BLANK side of the seesaw. The left side goes up.,9ce7fedd-cd4e-5e5e-8af4-7c87b269dcf9,base
A1VFSNVFK883XU,2,1,retest,0,action_nonfollows,action_nonfollows_target,behind the statue,in front of the statue,Ali is behind the statue. Ali turns around. Ali is BLANK.,527fdd15-db92-57e8-bc5c-09d9964e45b1,base
A1VFSNVFK883XU,2,1,retest,0,egocentric_near,egocentric_near_target,behind,in front of,Ali is behind the painting. Ali turns around. Ali is BLANK the painting.,cb0d70bb-d9f6-5100-902d-21fd6221cecf,base
A1VFSNVFK883XU,2,1,retest,0,egocentric_near,egocentric_near_target,behind,in front of,Ali is behind the painting. Ali turns around. Ali is BLANK the painting.,cb0d70bb-d9f6-5100-902d-21fd6221cecf,base
A1VFSNVFK883XU,2,1,retest,0,egocentric_near,egocentric_near_target,right,left,The painting is to Ali's right. The painting is moved right. The painting is to Ali's BLANK.,ead989ef-2c5a-5676-a32c-f2f2055cae2d,base
A1VFSNVFK883XU,2,1,retest,0,egocentric_near,egocentric_near_target,right,left,The painting is to Ali's right. The painting is moved right. The painting is to Ali's BLANK.,ead989ef-2c5a-5676-a32c-f2f2055cae2d,base
A1VFSNVFK883XU,2,1,retest,1,state_nonfollows,state_nonfollows_context,banana,ice cube,The ice cube and the banana are in the fridge. Ali takes the BLANK out of the fridge. The ice cube doesn't melt.,36c076db-ae0e-5966-819d-9d048054999d,base
A1VFSNVFK883XU,2,1,retest,1,state_nonfollows,state_nonfollows_context,banana,ice cube,The ice cube and the banana are in the fridge. Ali takes the BLANK out of the fridge. The ice cube doesn't melt.,36c076db-ae0e-5966-819d-9d048054999d,base
A1VFSNVFK883XU,2,1,retest,1,state_nonfollows,state_nonfollows_context,cup,glass,The glass and the cup are on the table. Ali pushes the BLANK off the table. The glass doesn't break.,88e4c11a-0766-534e-843f-4d59c387d497,base
A1VFSNVFK883XU,2,1,retest,1,state_nonfollows,state_nonfollows_context,cup,glass,The glass and the cup are on the table. Ali pushes the BLANK off the table. The glass doesn't break.,88e4c11a-0766-534e-843f-4d59c387d497,base
A1VFSNVFK883XU,2,1,retest,1,egocentric_distant,egocentric_distant_context,in front of,behind,Chicago is BLANK Ali. Ali turns right. Chicago is left of Ali.,27c72cf7-5d80-526d-9ace-d6625063dfe0,base
A1VFSNVFK883XU,2,1,retest,1,egocentric_distant,egocentric_distant_context,in front of,behind,Chicago is BLANK Ali. Ali turns right. Chicago is left of Ali.,27c72cf7-5d80-526d-9ace-d6625063dfe0,base
A1VFSNVFK883XU,2,1,retest,1,action_nonfollows,action_nonfollows_context,in front of the statue,behind the statue,Ali is BLANK. Ali turns around. Ali is in front of the statue.,7cfd7bad-4e38-507a-a6d8-243e8c667d1b,base
A1VFSNVFK883XU,2,1,retest,1,action_nonfollows,action_nonfollows_context,in front of the statue,behind the statue,Ali is BLANK. Ali turns around. Ali is in front of the statue.,7cfd7bad-4e38-507a-a6d8-243e8c667d1b,base
A1VFSNVFK883XU,2,1,retest,0,action_nonfollows,action_nonfollows_context,under,above,The ball is BLANK the box. Ali pushes the ball forward. The ball is under the box.,11b9c7f0-ecb6-5489-b941-2a3815cb66ce,base
A1VFSNVFK883XU,2,1,retest,0,action_nonfollows,action_nonfollows_context,under,above,The ball is BLANK the box. Ali pushes the ball forward. The ball is under the box.,11b9c7f0-ecb6-5489-b941-2a3815cb66ce,base
A1VFSNVFK883XU,2,1,retest,0,egocentric_distant,egocentric_distant_target,right of,left of,Chicago is behind Ali. Ali turns right. Chicago is BLANK Ali.,ecf1bbc5-92d2-5b77-9ebe-7090991e3b5d,base
A1VFSNVFK883XU,2,1,retest,0,egocentric_distant,egocentric_distant_target,right of,left of,Chicago is behind Ali. Ali turns right. Chicago is BLANK Ali.,ecf1bbc5-92d2-5b77-9ebe-7090991e3b5d,base
A1VFSNVFK883XU,2,1,retest,1,action_follows,action_follows_target,moves,doesn't move,The book is on the table. Ali moves the table. The book BLANK.,bf93e811-9a49-58b7-b6dc-6a47ece87d9f,base
A1VFSNVFK883XU,2,1,retest,1,action_follows,action_follows_target,moves,doesn't move,The book is on the table. Ali moves the table. The book BLANK.,bf93e811-9a49-58b7-b6dc-6a47ece87d9f,base
A1VFSNVFK883XU,2,1,retest,1,egocentric_distant,egocentric_distant_target,in front of,behind,Ali is facing away from Chicago. Ali turns around. Chicago is BLANK Ali.,1710b645-2bb2-54c6-8ac1-62f03525d880,base
A1VFSNVFK883XU,2,1,retest,1,egocentric_distant,egocentric_distant_target,in front of,behind,Ali is facing away from Chicago. Ali turns around. Chicago is BLANK Ali.,1710b645-2bb2-54c6-8ac1-62f03525d880,base
A1VFSNVFK883XU,2,1,retest,1,action_nonfollows,action_nonfollows_target,doesn't move,moves,The ball is five feet from the box. Ali moves the box. The ball BLANK.,eae220a6-b112-595b-8808-41aaec2e4f3d,base
A1VFSNVFK883XU,2,1,retest,1,action_nonfollows,action_nonfollows_target,doesn't move,moves,The ball is five feet from the box. Ali moves the box. The ball BLANK.,eae220a6-b112-595b-8808-41aaec2e4f3d,base
A1VFSNVFK883XU,2,1,retest,0,egocentric_distant,egocentric_distant_context,towards,away from,Ali is facing BLANK Chicago. Ali turns left. Chicago is right of Ali.,fe65df9a-14f6-5a27-8f01-1a0bed69b8e5,base
A1VFSNVFK883XU,2,1,retest,0,egocentric_distant,egocentric_distant_context,towards,away from,Ali is facing BLANK Chicago. Ali turns left. Chicago is right of Ali.,fe65df9a-14f6-5a27-8f01-1a0bed69b8e5,base
A1VFSNVFK883XU,2,1,retest,1,egocentric_near,egocentric_near_context,behind,in front of,Ali is BLANK painting. Ali turns around. Ali is behind the painting.,d91e34a1-58ec-5efe-bd1d-3da56dfe0d5c,base
A1VFSNVFK883XU,2,1,retest,1,egocentric_near,egocentric_near_context,behind,in front of,Ali is BLANK painting. Ali turns around. Ali is behind the painting.,d91e34a1-58ec-5efe-bd1d-3da56dfe0d5c,base
A1VFSNVFK883XU,2,1,retest,1,egocentric_near,egocentric_near_context,behind,in front of,The painting is BLANK Ali. Ali turns right. The painting is right of Ali.,1916451f-868a-5f58-9e6c-6033ca77e634,base
A1VFSNVFK883XU,2,1,retest,1,egocentric_near,egocentric_near_context,behind,in front of,The painting is BLANK Ali. Ali turns right. The painting is right of Ali.,1916451f-868a-5f58-9e6c-6033ca77e634,base
A1VFSNVFK883XU,2,1,retest,0,action_nonfollows,action_nonfollows_target,doesn't move,moves,The box is in the bin. Ali moves the box. The bin BLANK.,ba5435e7-cc12-557d-be71-b241947e2f6c,base
A1VFSNVFK883XU,2,1,retest,0,action_nonfollows,action_nonfollows_target,doesn't move,moves,The box is in the bin. Ali moves the box. The bin BLANK.,ba5435e7-cc12-557d-be71-b241947e2f6c,base
A1VFSNVFK883XU,2,1,retest,0,state_nonfollows,state_nonfollows_target,doesn't break,breaks,The glass is on the floor. Ali bumps the table. The glass BLANK.,2a5f6d9c-8b03-5fe5-8a19-87971947d204,base
A1VFSNVFK883XU,2,1,retest,0,state_nonfollows,state_nonfollows_target,doesn't break,breaks,The glass is on the floor. Ali bumps the table. The glass BLANK.,2a5f6d9c-8b03-5fe5-8a19-87971947d204,base
A1VFSNVFK883XU,2,1,retest,1,action_nonfollows,action_nonfollows_target,close to,far from,The box is close to Ali. Ali throws the ball. The box is BLANK Ali.,27bc3da0-29e8-5aff-8cdc-aebfdecd2412,base
A1VFSNVFK883XU,2,1,retest,1,action_nonfollows,action_nonfollows_target,close to,far from,The box is close to Ali. Ali throws the ball. The box is BLANK Ali.,27bc3da0-29e8-5aff-8cdc-aebfdecd2412,base
A1VFSNVFK883XU,2,1,retest,0,action_nonfollows,action_nonfollows_context,in,outside,Ali is BLANK the wagon. Ali pulls on the wagon. The wagon doesn't move.,d68fd4fa-114f-58ff-922b-8ba73bc38c68,base
A1VFSNVFK883XU,2,1,retest,0,action_nonfollows,action_nonfollows_context,in,outside,Ali is BLANK the wagon. Ali pulls on the wagon. The wagon doesn't move.,d68fd4fa-114f-58ff-922b-8ba73bc38c68,base
A1VFSNVFK883XU,2,1,retest,0,egocentric_near,egocentric_near_context,behind,in front of,The painting is BLANK Ali. Ali turns left. The painting is left of Ali.,8c63c6ea-38dc-5bb2-a95b-c1b63865bdaf,base
A1VFSNVFK883XU,2,1,retest,0,egocentric_near,egocentric_near_context,behind,in front of,The painting is BLANK Ali. Ali turns left. The painting is left of Ali.,8c63c6ea-38dc-5bb2-a95b-c1b63865bdaf,base
A1VFSNVFK883XU,2,1,retest,1,egocentric_distant,egocentric_distant_context,left,right,Chicago is to Ali's BLANK. Ali turns left. Ali is facing towards Chicago.,29c5b0e8-2242-5aa6-ad05-0a8b33bc7aec,base
A1VFSNVFK883XU,2,1,retest,1,egocentric_distant,egocentric_distant_context,left,right,Chicago is to Ali's BLANK. Ali turns left. Ali is facing towards Chicago.,29c5b0e8-2242-5aa6-ad05-0a8b33bc7aec,base
A1VFSNVFK883XU,2,1,retest,1,state_nonfollows,state_nonfollows_target,dry,wet,The glass is on the table. Ali fills the glass halfway. The table is BLANK.,b8aeb728-ce96-53b4-a022-80902bd4ed2d,base
A1VFSNVFK883XU,2,1,retest,1,state_nonfollows,state_nonfollows_target,dry,wet,The glass is on the table. Ali fills the glass halfway. The table is BLANK.,b8aeb728-ce96-53b4-a022-80902bd4ed2d,base
A1VFSNVFK883XU,2,1,retest,1,action_nonfollows,action_nonfollows_context,under,above,The ball is BLANK the box. The ball moves right. The ball is lower than the box.,f7886140-c3a9-5bb0-9dc4-99612c3e3180,base
A1VFSNVFK883XU,2,1,retest,1,action_nonfollows,action_nonfollows_context,under,above,The ball is BLANK the box. The ball moves right. The ball is lower than the box.,f7886140-c3a9-5bb0-9dc4-99612c3e3180,base
A1VFSNVFK883XU,2,1,retest,1,egocentric_near,egocentric_near_target,left of,right of,The painting is behind Ali. Ali turns left. The painting is BLANK Ali.,2f6ac9c5-17f9-5a23-ab8d-9d0d3d3335c4,base
A1VFSNVFK883XU,2,1,retest,1,egocentric_near,egocentric_near_target,left of,right of,The painting is behind Ali. Ali turns left. The painting is BLANK Ali.,2f6ac9c5-17f9-5a23-ab8d-9d0d3d3335c4,base
A1VFSNVFK883XU,2,1,retest,1,action_nonfollows,action_nonfollows_target,behind the statue,in front of the statue,Ali is behind the statue. Ali turns around. Ali is BLANK.,527fdd15-db92-57e8-bc5c-09d9964e45b1,base
A1VFSNVFK883XU,2,1,retest,1,action_nonfollows,action_nonfollows_target,behind the statue,in front of the statue,Ali is behind the statue. Ali turns around. Ali is BLANK.,527fdd15-db92-57e8-bc5c-09d9964e45b1,base
A224I9B6RFJZEI,2,2,retest,1,state_nonfollows,state_nonfollows_context,table,glass,The glass is on the floor. Ali bumps the BLANK. The glass doesn't break.,873aedce-860e-576f-9741-9398d6d6f2eb,base
A224I9B6RFJZEI,2,2,retest,1,state_nonfollows,state_nonfollows_target,doesn't break,breaks,The window is behind Ali and the wall is in front of Ali. Ali throws the baseball at the wall. The window BLANK.,93f6ca60-d035-5404-98d1-5cab22558138,base
A224I9B6RFJZEI,2,2,retest,1,egocentric_distant,egocentric_distant_target,right of,left of,Ali is facing away from Chicago. Ali turns right. Chicago is BLANK Ali.,ab3abdc8-bc90-5780-b8cb-2b0fb3ad02ff,base
A224I9B6RFJZEI,2,2,retest,1,egocentric_near,egocentric_near_target,right of,left of,Ali is right of the painting. Ali turns around. Ali is BLANK the painting.,ff50283a-6025-5358-9f0a-de831120e8dc,base
A224I9B6RFJZEI,2,2,retest,0,egocentric_distant,egocentric_distant_context,right of,left of,Chicago is BLANK Ali. Ali turns around. Chicago is left of Ali.,51131205-c4fb-50ee-89c0-28f617579e69,base
A224I9B6RFJZEI,2,2,retest,1,state_nonfollows,state_nonfollows_target,doesn't break,breaks,The brick is on the table. Ali bumps the brick off the table. The brick BLANK.,0a07145e-59b3-581f-bd0a-86eff289a0ce,base
A224I9B6RFJZEI,2,2,retest,1,egocentric_distant,egocentric_distant_target,left of,right of,Ali is facing Chicago. Ali turns right. Chicago is BLANK Ali.,dd671270-af76-5c47-b413-f83302e3de3a,base
A224I9B6RFJZEI,2,2,retest,1,action_nonfollows,action_nonfollows_target,doesn't move,moves,The book is under the table. Ali moves the table. The book BLANK.,5859e8ff-6125-598f-b093-8490c86f6e42,base
A224I9B6RFJZEI,2,2,retest,0,egocentric_near,egocentric_near_context,right,left,The painting is to Ali's BLANK. The painting is moved right. The painting is to Ali's right.,62cd0646-56c3-54a3-b533-01c5754318f3,base
A224I9B6RFJZEI,2,2,retest,1,egocentric_distant,egocentric_distant_context,right,left,Milwaukee is to Ali's BLANK. Ali turns left. Ali is facing away from Milwaukee.,c197738c-2b0f-563f-a553-cbd2456d488a,base
A224I9B6RFJZEI,2,2,retest,1,egocentric_distant,egocentric_distant_context,in front of,behind,Chicago is BLANK Ali. Ali turns left. Chicago is right of Ali.,caa99020-6057-5d4a-ba54-c6262b93fbd6,base
A224I9B6RFJZEI,2,2,retest,1,state_nonfollows,state_nonfollows_context,behind,in front of,The window is BLANK Ali. Ali throws the baseball forward. The window doesn't break.,68b5a14f-4ab8-5004-be44-4f48b83e0e31,base
A224I9B6RFJZEI,2,2,retest,1,egocentric_distant,egocentric_distant_target,left of,right of,Chicago is in front of Ali. Ali turns right. Chicago is BLANK Ali.,b7458eb1-0f7d-5cf1-9d74-c4b391425177,base
A224I9B6RFJZEI,2,2,retest,1,action_follows,action_follows_target,table,floor,The wine glass is on the table. The wine glass falls over. The wine spills on the BLANK.,8a00bd55-84cc-51cb-837b-fe6192ad4334,base
A224I9B6RFJZEI,2,2,retest,1,egocentric_distant,egocentric_distant_target,right of,left of,Ali is facing Chicago. Ali turns left. Chicago is BLANK Ali.,2e25e5be-8490-556a-a672-80c670675704,base
A224I9B6RFJZEI,2,2,retest,1,state_nonfollows,state_nonfollows_context,sand,water,The cup is empty. Ali pours BLANK in the cup. The cup is dry.,2a40e046-fe88-5ea9-b0a5-e06a55f09649,base
A224I9B6RFJZEI,2,2,retest,1,action_nonfollows,action_nonfollows_target,close to,far from,The ball is close to Ali. Ali throws the box. The ball is BLANK Ali.,2afb6b5d-8e71-5ce2-97bd-e6d6b6d6e4bf,base
A224I9B6RFJZEI,2,2,retest,1,egocentric_near,egocentric_near_context,left,right,The painting is to Ali's BLANK. The painting is moved left. The painting is to Ali's right.,5eae654e-13dc-5485-8e29-6016fcf0bcc5,base
A224I9B6RFJZEI,2,2,retest,1,action_follows,action_follows_context,in front of,behind,Ali is BLANK the wagon. Ali pulls on the wagon. The wagon moves.,bf03a4f6-7f78-5d3b-935b-023b8abf081d,base
A224I9B6RFJZEI,2,2,retest,1,action_follows,action_follows_context,floor,table,The wine glass is on the BLANK. Ali bumps the wine glass. The wine spills on the floor.,09236428-50c5-59b2-90d1-53711d6c7795,base
A224I9B6RFJZEI,2,2,retest,1,action_nonfollows,action_nonfollows_target,close to,far from,The bowling ball is close to Ali. Ali throws the bowling ball. The bowling ball is BLANK Ali.,d7036c0b-8b82-5d23-a012-57ae1b59e7bc,base
A224I9B6RFJZEI,2,2,retest,0,action_nonfollows,action_nonfollows_target,moves,doesn't move,The glass is on the table and the cup is on the floor. Ali picks up the glass. The cup BLANK.,aca6ce57-66cc-5a28-8b0c-b55d84cbbeb5,base
A224I9B6RFJZEI,2,2,retest,1,egocentric_distant,egocentric_distant_context,away from,towards,Ali is facing BLANK Milwaukee. Ali turns around. Ali is facing towards Milwaukee.,897eee6e-d0a7-51a3-828a-bd3ec8339e5e,base
A224I9B6RFJZEI,2,2,retest,0,egocentric_near,egocentric_near_context,right of,left of,Ali is BLANK the painting. Ali turns around. Ali is right of the painting.,dddb2cfa-31e1-5083-8686-43d95ab369ea,base
A224I9B6RFJZEI,2,2,retest,1,state_nonfollows,state_nonfollows_target,doesn't break,breaks,The window is behind Ali. Ali throws the baseball forward. The window BLANK.,96eb93cd-1931-5621-9a9a-b0c1f0145281,base
A224I9B6RFJZEI,2,2,retest,0,egocentric_near,egocentric_near_target,in front of,behind,The painting is right of Ali. Ali turns right. The painting is BLANK Ali.,92ff8800-4b4e-5c66-a7d9-e034b5c0b4f7,base
A224I9B6RFJZEI,2,2,retest,0,egocentric_near,egocentric_near_target,behind,in front of,The painting is right of Ali. Ali turns left. The painting is BLANK Ali.,3a1992c7-e8c1-55ab-843c-616cf72ae3d9,base
A224I9B6RFJZEI,2,2,retest,1,egocentric_distant,egocentric_distant_context,away from,towards,Ali is facing BLANK Chicago. Ali turns left. Chicago is left of Ali.,da7ca003-81b2-5c22-8a25-edaf430f013d,base
A224I9B6RFJZEI,2,2,retest,1,state_nonfollows,state_nonfollows_target,dry,wet,The empty glass is on the table. Ali knocks the glass over. The table is BLANK.,03be173e-02aa-5a79-968a-ce8ea00117d3,base
A224I9B6RFJZEI,2,2,retest,0,egocentric_distant,egocentric_distant_target,right of,left of,Chicago is left of Ali. Ali turns around. Chicago is BLANK Ali.,d0c74fc1-5415-5c34-82c4-0883d87ab239,base
A224I9B6RFJZEI,2,2,retest,0,egocentric_near,egocentric_near_context,right,left,The painting is BLANK of Ali. Ali turns right. The painting is in front of Ali.,a4994f26-9ec4-577d-ba9a-8dcdae74b3a7,base
A224I9B6RFJZEI,2,2,retest,0,state_follows,state_follows_context,5 minutes,1 month,The wall was painted BLANK ago. Ali touches the wall. Ali's hand is painted.,58907312-5ecd-56cf-9d0c-b08e912cefd9,base
A224I9B6RFJZEI,2,2,retest,1,action_nonfollows,action_nonfollows_target,doesn't spill,spills,The wine glass is on the table. Ali bumps the lamp. The wine BLANK.,44cb7648-b29b-5b98-992e-d7e249daa6b6,base
A224I9B6RFJZEI,2,2,retest,1,egocentric_near,egocentric_near_context,left,right,The painting is BLANK of Ali. Ali turns right. The painting is behind Ali.,1f28c430-b30e-55c9-bcff-fabf755392f2,base
A224I9B6RFJZEI,2,2,retest,1,egocentric_distant,egocentric_distant_target,right of,left of,Ali is facing away from Chicago. Ali turns right. Chicago is BLANK Ali.,ab3abdc8-bc90-5780-b8cb-2b0fb3ad02ff,base
A224I9B6RFJZEI,2,2,retest,1,egocentric_distant,egocentric_distant_target,right of,left of,Ali is facing away from Chicago. Ali turns right. Chicago is BLANK Ali.,ab3abdc8-bc90-5780-b8cb-2b0fb3ad02ff,base
A224I9B6RFJZEI,2,2,retest,0,egocentric_distant,egocentric_distant_context,right of,left of,Chicago is BLANK Ali. Ali turns around. Chicago is left of Ali.,51131205-c4fb-50ee-89c0-28f617579e69,base
A224I9B6RFJZEI,2,2,retest,0,egocentric_distant,egocentric_distant_context,right of,left of,Chicago is BLANK Ali. Ali turns around. Chicago is left of Ali.,51131205-c4fb-50ee-89c0-28f617579e69,base
A224I9B6RFJZEI,2,2,retest,1,state_nonfollows,state_nonfollows_target,doesn't break,breaks,The brick is on the table. Ali bumps the brick off the table. The brick BLANK.,0a07145e-59b3-581f-bd0a-86eff289a0ce,base
A224I9B6RFJZEI,2,2,retest,1,state_nonfollows,state_nonfollows_target,doesn't break,breaks,The brick is on the table. Ali bumps the brick off the table. The brick BLANK.,0a07145e-59b3-581f-bd0a-86eff289a0ce,base
A224I9B6RFJZEI,2,2,retest,1,egocentric_distant,egocentric_distant_target,left of,right of,Ali is facing Chicago. Ali turns right. Chicago is BLANK Ali.,dd671270-af76-5c47-b413-f83302e3de3a,base
A224I9B6RFJZEI,2,2,retest,1,egocentric_distant,egocentric_distant_target,left of,right of,Ali is facing Chicago. Ali turns right. Chicago is BLANK Ali.,dd671270-af76-5c47-b413-f83302e3de3a,base
A224I9B6RFJZEI,2,2,retest,1,egocentric_near,egocentric_near_context,right,left,The painting is to Ali's BLANK. The painting is moved right. The painting is to Ali's right.,62cd0646-56c3-54a3-b533-01c5754318f3,base
A224I9B6RFJZEI,2,2,retest,1,egocentric_near,egocentric_near_context,right,left,The painting is to Ali's BLANK. The painting is moved right. The painting is to Ali's right.,62cd0646-56c3-54a3-b533-01c5754318f3,base
A224I9B6RFJZEI,2,2,retest,1,egocentric_distant,egocentric_distant_context,in front of,behind,Chicago is BLANK Ali. Ali turns left. Chicago is right of Ali.,caa99020-6057-5d4a-ba54-c6262b93fbd6,base
A224I9B6RFJZEI,2,2,retest,1,egocentric_distant,egocentric_distant_context,in front of,behind,Chicago is BLANK Ali. Ali turns left. Chicago is right of Ali.,caa99020-6057-5d4a-ba54-c6262b93fbd6,base
A224I9B6RFJZEI,2,2,retest,1,state_nonfollows,state_nonfollows_context,behind,in front of,The window is BLANK Ali. Ali throws the baseball forward. The window doesn't break.,68b5a14f-4ab8-5004-be44-4f48b83e0e31,base
A224I9B6RFJZEI,2,2,retest,1,state_nonfollows,state_nonfollows_context,behind,in front of,The window is BLANK Ali. Ali throws the baseball forward. The window doesn't break.,68b5a14f-4ab8-5004-be44-4f48b83e0e31,base
A224I9B6RFJZEI,2,2,retest,1,egocentric_distant,egocentric_distant_target,left of,right of,Chicago is in front of Ali. Ali turns right. Chicago is BLANK Ali.,b7458eb1-0f7d-5cf1-9d74-c4b391425177,base
A224I9B6RFJZEI,2,2,retest,1,egocentric_distant,egocentric_distant_target,left of,right of,Chicago is in front of Ali. Ali turns right. Chicago is BLANK Ali.,b7458eb1-0f7d-5cf1-9d74-c4b391425177,base
A224I9B6RFJZEI,2,2,retest,1,action_follows,action_follows_target,table,floor,The wine glass is on the table. The wine glass falls over. The wine spills on the BLANK.,8a00bd55-84cc-51cb-837b-fe6192ad4334,base
A224I9B6RFJZEI,2,2,retest,1,action_follows,action_follows_target,table,floor,The wine glass is on the table. The wine glass falls over. The wine spills on the BLANK.,8a00bd55-84cc-51cb-837b-fe6192ad4334,base
A224I9B6RFJZEI,2,2,retest,1,action_nonfollows,action_nonfollows_target,close to,far from,The ball is close to Ali. Ali throws the box. The ball is BLANK Ali.,2afb6b5d-8e71-5ce2-97bd-e6d6b6d6e4bf,base
A224I9B6RFJZEI,2,2,retest,1,action_nonfollows,action_nonfollows_target,close to,far from,The ball is close to Ali. Ali throws the box. The ball is BLANK Ali.,2afb6b5d-8e71-5ce2-97bd-e6d6b6d6e4bf,base
A224I9B6RFJZEI,2,2,retest,0,action_follows,action_follows_context,floor,table,The wine glass is on the BLANK. Ali bumps the wine glass. The wine spills on the floor.,09236428-50c5-59b2-90d1-53711d6c7795,base
A224I9B6RFJZEI,2,2,retest,0,action_follows,action_follows_context,floor,table,The wine glass is on the BLANK. Ali bumps the wine glass. The wine spills on the floor.,09236428-50c5-59b2-90d1-53711d6c7795,base
A224I9B6RFJZEI,2,2,retest,0,action_nonfollows,action_nonfollows_target,moves,doesn't move,The glass is on the table and the cup is on the floor. Ali picks up the glass. The cup BLANK.,aca6ce57-66cc-5a28-8b0c-b55d84cbbeb5,base
A224I9B6RFJZEI,2,2,retest,0,action_nonfollows,action_nonfollows_target,moves,doesn't move,The glass is on the table and the cup is on the floor. Ali picks up the glass. The cup BLANK.,aca6ce57-66cc-5a28-8b0c-b55d84cbbeb5,base
A224I9B6RFJZEI,2,2,retest,1,egocentric_distant,egocentric_distant_context,away from,towards,Ali is facing BLANK Milwaukee. Ali turns around. Ali is facing towards Milwaukee.,897eee6e-d0a7-51a3-828a-bd3ec8339e5e,base
A224I9B6RFJZEI,2,2,retest,1,egocentric_distant,egocentric_distant_context,away from,towards,Ali is facing BLANK Milwaukee. Ali turns around. Ali is facing towards Milwaukee.,897eee6e-d0a7-51a3-828a-bd3ec8339e5e,base
A224I9B6RFJZEI,2,2,retest,0,egocentric_near,egocentric_near_context,right of,left of,Ali is BLANK the painting. Ali turns around. Ali is right of the painting.,dddb2cfa-31e1-5083-8686-43d95ab369ea,base
A224I9B6RFJZEI,2,2,retest,0,egocentric_near,egocentric_near_context,right of,left of,Ali is BLANK the painting. Ali turns around. Ali is right of the painting.,dddb2cfa-31e1-5083-8686-43d95ab369ea,base
A224I9B6RFJZEI,2,2,retest,0,egocentric_near,egocentric_near_target,in front of,behind,The painting is right of Ali. Ali turns right. The painting is BLANK Ali.,92ff8800-4b4e-5c66-a7d9-e034b5c0b4f7,base
A224I9B6RFJZEI,2,2,retest,0,egocentric_near,egocentric_near_target,in front of,behind,The painting is right of Ali. Ali turns right. The painting is BLANK Ali.,92ff8800-4b4e-5c66-a7d9-e034b5c0b4f7,base
A224I9B6RFJZEI,2,2,retest,1,egocentric_near,egocentric_near_target,behind,in front of,The painting is right of Ali. Ali turns left. The painting is BLANK Ali.,3a1992c7-e8c1-55ab-843c-616cf72ae3d9,base
A224I9B6RFJZEI,2,2,retest,1,egocentric_near,egocentric_near_target,behind,in front of,The painting is right of Ali. Ali turns left. The painting is BLANK Ali.,3a1992c7-e8c1-55ab-843c-616cf72ae3d9,base
A224I9B6RFJZEI,2,2,retest,1,state_nonfollows,state_nonfollows_target,dry,wet,The empty glass is on the table. Ali knocks the glass over. The table is BLANK.,03be173e-02aa-5a79-968a-ce8ea00117d3,base
A224I9B6RFJZEI,2,2,retest,1,state_nonfollows,state_nonfollows_target,dry,wet,The empty glass is on the table. Ali knocks the glass over. The table is BLANK.,03be173e-02aa-5a79-968a-ce8ea00117d3,base
A224I9B6RFJZEI,2,2,retest,1,egocentric_distant,egocentric_distant_target,right of,left of,Chicago is left of Ali. Ali turns around. Chicago is BLANK Ali.,d0c74fc1-5415-5c34-82c4-0883d87ab239,base
A224I9B6RFJZEI,2,2,retest,1,egocentric_distant,egocentric_distant_target,right of,left of,Chicago is left of Ali. Ali turns around. Chicago is BLANK Ali.,d0c74fc1-5415-5c34-82c4-0883d87ab239,base
A224I9B6RFJZEI,2,2,retest,0,egocentric_near,egocentric_near_context,right,left,The painting is BLANK of Ali. Ali turns right. The painting is in front of Ali.,a4994f26-9ec4-577d-ba9a-8dcdae74b3a7,base
A224I9B6RFJZEI,2,2,retest,0,egocentric_near,egocentric_near_context,right,left,The painting is BLANK of Ali. Ali turns right. The painting is in front of Ali.,a4994f26-9ec4-577d-ba9a-8dcdae74b3a7,base
A224I9B6RFJZEI,2,2,retest,0,state_follows,state_follows_context,5 minutes,1 month,The wall was painted BLANK ago. Ali touches the wall. Ali's hand is painted.,58907312-5ecd-56cf-9d0c-b08e912cefd9,base
A224I9B6RFJZEI,2,2,retest,0,state_follows,state_follows_context,5 minutes,1 month,The wall was painted BLANK ago. Ali touches the wall. Ali's hand is painted.,58907312-5ecd-56cf-9d0c-b08e912cefd9,base
A224I9B6RFJZEI,2,2,retest,1,action_nonfollows,action_nonfollows_target,doesn't spill,spills,The wine glass is on the table. Ali bumps the lamp. The wine BLANK.,44cb7648-b29b-5b98-992e-d7e249daa6b6,base
A224I9B6RFJZEI,2,2,retest,1,action_nonfollows,action_nonfollows_target,doesn't spill,spills,The wine glass is on the table. Ali bumps the lamp. The wine BLANK.,44cb7648-b29b-5b98-992e-d7e249daa6b6,base
A2BPAH972ZKNW,2,7,retest,0,two_refs_egocentric,two_refs_egocentric_target,right,left,Ali is to Mark's right. Ali turns around. Ali is to Mark's BLANK.,fb50aa4f-e1a5-5502-b6c5-af9ac29e973f,base
A2BPAH972ZKNW,2,7,retest,1,relative_pos,relative_pos_target,touching,not touching,The box is next to the ball. Ali puts the ball inside the box. The ball is BLANK the box.,8b324b61-eae2-5fb9-a533-4edc94fc8959,base
A2BPAH972ZKNW,2,7,retest,0,two_refs_egocentric,two_refs_egocentric_context,away from,towards,Mark is facing BLANK Ali. Ali turns around. Mark is facing away Ali.,895de9d1-e0d1-5c72-8735-26632183eb17,base
A2BPAH972ZKNW,2,7,retest,0,two_refs_egocentric,two_refs_egocentric_target,away,towards,Mark is facing away from Ali. Ali turns around. Mark is facing BLANK Ali.,b76b8738-c1c0-51f3-a9d3-afd39d7b27de,base
A2BPAH972ZKNW,2,7,retest,0,two_refs_egocentric,two_refs_egocentric_context,right,left,Mark is facing BLANK and Ali is facing left. Mark turns to his left. Mark is facing towards Ali.,7de47fb4-c4b1-5b47-be35-ade455a74837,base
A2BPAH972ZKNW,2,7,retest,0,two_refs_egocentric,two_refs_egocentric_target,towards,away from,Mark is facing right and Ali is facing left. Mark turns to his left. Mark is facing BLANK Ali.,fd16ce5b-b6ff-590c-8c7d-97dea24f49f2,base
A2BPAH972ZKNW,2,7,retest,0,relative_pos,relative_pos_target,larger than,smaller than,The box is next to the ball. Ali puts the box inside the ball. the ball is BLANK the box.,e9cd54e4-b0c0-5fb6-b31f-9d48dd2f95be,base
A2BPAH972ZKNW,2,7,retest,0,two_refs_egocentric,two_refs_egocentric_context,right of,left of,Ali is to the BLANK Mark. Mark looks to his left and Ali looks to his right. Ali is facing away from Mark.,5042a6f6-7c11-5467-85b5-0ab828d3c5d1,base
A2BPAH972ZKNW,2,7,retest,0,two_refs_egocentric,two_refs_egocentric_context,in front of,behind,Mark is BLANK Ali. Mark walks forwards. Mark is getting further from Ali.,65c476d8-7b46-50ad-9fa1-ba59c9300205,base
A2BPAH972ZKNW,2,7,retest,0,relative_pos,relative_pos_context,desk on the box,box on the desk,The box is next to the desk. Ali stacks the BLANK. The box is below the desk.,c2788238-3365-5292-9d47-fe45ebf9d292,base
A2BPAH972ZKNW,2,7,retest,1,two_refs_egocentric,two_refs_egocentric_context,behind,in front of,Mark is BLANK Ali. Mark walks backwards. Mark is getting further from Ali.,ecf7b885-f68f-5217-ad5e-060cd2931386,base
A2BPAH972ZKNW,2,7,retest,1,two_refs_egocentric,two_refs_egocentric_context,right,left,Ali is to Mark's BLANK. Ali turns around. Ali is to Mark's right.,3d9a8209-4859-5626-ae60-7106a591cf7d,base
A2BPAH972ZKNW,2,7,retest,1,relative_pos,relative_pos_target,lower than,higher than,The ball and the box are on top of the ramp. The ball rolls down the ramp. The ball is BLANK the box.,43ee992d-ffc4-5dbd-9aa3-d6017f8b92d1,base
A2BPAH972ZKNW,2,7,retest,0,two_refs_egocentric,two_refs_egocentric_target,can't see,sees,Ali is to the right of Mark. Mark looks to his left. Mark BLANK Ali.,fbf592f6-8ba1-5c3c-9621-b9b115f14b45,base
A2BPAH972ZKNW,2,7,retest,0,relative_pos,relative_pos_context,drops,picks up,Ali is holding the tennis ball and the ping pong ball. Ali BLANK the ping pong ball. The ping pong ball is further from the tennis ball.,e0a90fc5-4ebc-567a-bbc8-8bd5d3b008ec,base
A2BPAH972ZKNW,2,7,retest,1,relative_pos,relative_pos_context,touching,far from,The tennis ball is BLANK the bowling ball. Ali rolls the bowling ball. The bowling ball is further from the tennis ball.,4da6b0a2-fbd8-5d77-8b6a-05110a23606c,base
A2BPAH972ZKNW,2,7,retest,1,two_refs_egocentric,two_refs_egocentric_target,further from,closer to,Mark is behind Ali. Mark walks backwards. Mark is getting BLANK Ali.,48bff914-3c65-5b87-a359-0a1184e0384a,base
A2BPAH972ZKNW,2,7,retest,0,two_refs_egocentric,two_refs_egocentric_target,away,towards,Ali is facing towards Mark. Ali turns around. Ali is facing BLANK Mark.,03aa1fc7-369b-5dbc-a94e-7d6f36d60ff7,base
A2BPAH972ZKNW,2,7,retest,0,two_refs_egocentric,two_refs_egocentric_target,away from,towards,Mark and Ali are facing away from eachother. Mark turns around. Ali is facing BLANK Mark.,be5f74e8-5413-5aa2-97f3-17a48d7c1398,base
A2BPAH972ZKNW,2,7,retest,0,two_refs_egocentric,two_refs_egocentric_target,away from,towards,Mark and Ali are both facing left. Ali turns to his right. Ali is facing BLANK Mark.,b95f9817-6f0f-52e4-917e-5e53b7e08502,base
A2BPAH972ZKNW,2,7,retest,1,two_refs_egocentric,two_refs_egocentric_context,Mark,Ali,Ali and Mark are facing eachother. BLANK turns around. Ali is facing towards Mark.,554eecfd-5f36-53a1-a69b-9db494809329,base
A2BPAH972ZKNW,2,7,retest,1,two_refs_egocentric,two_refs_egocentric_context,towards,away from,Ali is facing BLANK Mark. Ali turns around. Ali is facing away from Mark.,f4266518-1793-5186-bc8d-ae526e9a43f9,base
A2BPAH972ZKNW,2,7,retest,0,two_refs_egocentric,two_refs_egocentric_context,left,right,Mark and Ali are both facing BLANK. Ali turns to his right. Ali is facing away from Mark.,e558cc86-f7fb-53e8-a6d0-b663f3736066,base
A2BPAH972ZKNW,2,7,retest,0,relative_pos,relative_pos_context,box inside the ball,ball inside the box,The box is next to the ball. Ali puts the BLANK. the ball is larger than the box.,d0f6e14f-c11f-5129-a06d-757d2ef1f3e0,base
A2BPAH972ZKNW,2,7,retest,1,two_refs_egocentric,two_refs_egocentric_context,away from,towards,Ali is facing BLANK Mark. Ali turns around. Ali is facing towards Mark.,449d83b2-712b-5aac-8c22-00d1bb07b0f7,base
A2BPAH972ZKNW,2,7,retest,0,relative_pos,relative_pos_target,below,above,The box is next to the desk. Ali stacks the desk on the box. The box is BLANK the desk.,8aeff28e-26ae-521e-82a2-2e601a18054c,base
A2BPAH972ZKNW,2,7,retest,0,two_refs_egocentric,two_refs_egocentric_context,away from,towards,Mark and Ali are facing BLANK eachother. Mark turns around. Ali is facing away from Mark.,7639e22f-157b-54af-bc89-d24f4f594fbc,base
A2BPAH972ZKNW,2,7,retest,1,two_refs_egocentric,two_refs_egocentric_target,away from,towards,Mark is to the left of Ali. Mark looks to his left and Ali looks to his right. Ali is facing BLANK Mark.,d2172169-bc46-53a4-b15d-1427bee617a3,base
A2BPAH972ZKNW,2,7,retest,0,two_refs_egocentric,two_refs_egocentric_context,left of,right of,Mark is to the BLANK Ali. Mark looks to his left and Ali looks to his left. Ali is facing towards Mark.,32e2f418-ea5f-51a7-b0a7-31dc7b546d0d,base
A2BPAH972ZKNW,2,7,retest,0,two_refs_egocentric,two_refs_egocentric_target,towards,away from,Mark is to the left of Ali. Mark looks to his left and Ali looks to his left. Ali is facing BLANK Mark.,3b349749-0956-5093-b528-ea281f998710,base
A2BPAH972ZKNW,2,7,retest,1,two_refs_egocentric,two_refs_egocentric_target,left,right,Ali is to Mark's right. Mark turns around. Ali is to Mark's BLANK.,2206d693-156b-580d-a926-7c9dd845f0df,base
A2BPAH972ZKNW,2,7,retest,0,two_refs_egocentric,two_refs_egocentric_context,right,left,Mark and Ali are both facing BLANK. Ali turns to his left. Ali is facing away from Mark.,6b81874a-94f4-52ac-8699-24e6582fc7e8,base
A2BPAH972ZKNW,2,7,retest,0,two_refs_egocentric,two_refs_egocentric_target,closer to,further from,Mark is behind Ali. Mark walks fowards. Mark is getting BLANK Ali.,95034e79-b705-587b-9cd2-41aa02e2609b,base
A2BPAH972ZKNW,2,7,retest,1,relative_pos,relative_pos_target,higher than,lower than,The ball and the box are on the table. Ali picks up the ball. The ball is BLANK the box.,86bdb97e-1aa8-54ef-91f1-a041c3184f9e,base
A2BPAH972ZKNW,2,7,retest,1,relative_pos,relative_pos_target,not touching,touching,The ball is inside the box. Ali picks up the ball. The ball is BLANK the box.,5a02c0af-7a58-5836-894b-de2e4b5c22df,base
A2BPAH972ZKNW,2,7,retest,0,two_refs_egocentric,two_refs_egocentric_target,away from,towards,Mark and Ali are both facing right. Ali turns to his left. Ali is facing BLANK Mark.,313894db-d76b-5163-8db3-6e5c4869a7c2,base
A2BPAH972ZKNW,2,7,retest,0,two_refs_egocentric,two_refs_egocentric_context,behind,in front of,Mark is BLANK Ali. Mark walks forwards. Mark is getting closer to Ali.,c2e3cc6a-24a4-5d9e-9c86-9aa843019959,base
A2BPAH972ZKNW,2,7,retest,1,two_refs_egocentric,two_refs_egocentric_target,away from,towards,Ali is to the right of Mark. Mark looks to his left and Ali looks to his right. Ali is facing BLANK Mark.,55e95efb-f247-5bea-8540-4b6bee6c11de,base
A2BPAH972ZKNW,2,7,retest,0,two_refs_egocentric,two_refs_egocentric_target,further from,closer to,Mark is in front of Ali. Mark walks forwards. Mark is getting BLANK Ali.,2829a666-eb26-5378-b0eb-cfd72cc8b03f,base
A2BPAH972ZKNW,2,7,retest,1,relative_pos,relative_pos_target,closer to,further from,Ali is holding the tennis ball and the ping pong ball is on the floor. Ali picks up the ping pong ball. The ping pong ball is BLANK the tennis ball.,af77a546-4fb5-5490-b4db-cac9fd597078,base
A2BPAH972ZKNW,2,7,retest,1,two_refs_egocentric,two_refs_egocentric_context,right of,left of,Ali is to the BLANK Mark. Mark looks to his right. Mark see Ali.,162a2775-ee11-5113-88b7-2c0428ec9880,base
A2BPAH972ZKNW,2,7,retest,0,relative_pos,relative_pos_context,drops,picks up,Ali is holding the tennis ball and the ping pong ball is on the floor. Ali BLANK the ping pong ball. The ping pong ball is closer to the tennis ball.,e9045eb2-8977-5b55-a497-b208a72d84e3,base
A2BPAH972ZKNW,2,7,retest,0,two_refs_egocentric,two_refs_egocentric_target,towards,away from,Ali and Mark are facing eachother. Mark turns around. Ali is facing BLANK Mark.,0f27ed08-ff9a-593c-a9d7-a3c11c3fa063,base
A2BPAH972ZKNW,2,7,retest,1,two_refs_egocentric,two_refs_egocentric_context,right,left,Ali is to Mark's BLANK. Mark turns around. Ali is to Mark's left.,0d41b0d1-a40c-52ae-8a94-0328e70ebb21,base
A2BPAH972ZKNW,2,7,retest,1,two_refs_egocentric,two_refs_egocentric_target,right,left,Ali is to Mark's right. Ali turns around. Ali is to Mark's BLANK.,fb50aa4f-e1a5-5502-b6c5-af9ac29e973f,base
A2BPAH972ZKNW,2,7,retest,1,two_refs_egocentric,two_refs_egocentric_target,right,left,Ali is to Mark's right. Ali turns around. Ali is to Mark's BLANK.,fb50aa4f-e1a5-5502-b6c5-af9ac29e973f,base
A2BPAH972ZKNW,2,7,retest,1,two_refs_egocentric,two_refs_egocentric_context,away from,towards,Mark is facing BLANK Ali. Ali turns around. Mark is facing away Ali.,895de9d1-e0d1-5c72-8735-26632183eb17,base
A2BPAH972ZKNW,2,7,retest,1,two_refs_egocentric,two_refs_egocentric_context,away from,towards,Mark is facing BLANK Ali. Ali turns around. Mark is facing away Ali.,895de9d1-e0d1-5c72-8735-26632183eb17,base
A2BPAH972ZKNW,2,7,retest,0,two_refs_egocentric,two_refs_egocentric_target,away,towards,Mark is facing away from Ali. Ali turns around. Mark is facing BLANK Ali.,b76b8738-c1c0-51f3-a9d3-afd39d7b27de,base
A2BPAH972ZKNW,2,7,retest,0,two_refs_egocentric,two_refs_egocentric_target,away,towards,Mark is facing away from Ali. Ali turns around. Mark is facing BLANK Ali.,b76b8738-c1c0-51f3-a9d3-afd39d7b27de,base
A2BPAH972ZKNW,2,7,retest,1,two_refs_egocentric,two_refs_egocentric_context,right,left,Mark is facing BLANK and Ali is facing left. Mark turns to his left. Mark is facing towards Ali.,7de47fb4-c4b1-5b47-be35-ade455a74837,base
A2BPAH972ZKNW,2,7,retest,1,two_refs_egocentric,two_refs_egocentric_context,right,left,Mark is facing BLANK and Ali is facing left. Mark turns to his left. Mark is facing towards Ali.,7de47fb4-c4b1-5b47-be35-ade455a74837,base
A2BPAH972ZKNW,2,7,retest,1,two_refs_egocentric,two_refs_egocentric_target,towards,away from,Mark is facing right and Ali is facing left. Mark turns to his left. Mark is facing BLANK Ali.,fd16ce5b-b6ff-590c-8c7d-97dea24f49f2,base
A2BPAH972ZKNW,2,7,retest,1,two_refs_egocentric,two_refs_egocentric_target,towards,away from,Mark is facing right and Ali is facing left. Mark turns to his left. Mark is facing BLANK Ali.,fd16ce5b-b6ff-590c-8c7d-97dea24f49f2,base
A2BPAH972ZKNW,2,7,retest,1,relative_pos,relative_pos_target,larger than,smaller than,The box is next to the ball. Ali puts the box inside the ball. the ball is BLANK the box.,e9cd54e4-b0c0-5fb6-b31f-9d48dd2f95be,base
A2BPAH972ZKNW,2,7,retest,1,relative_pos,relative_pos_target,larger than,smaller than,The box is next to the ball. Ali puts the box inside the ball. the ball is BLANK the box.,e9cd54e4-b0c0-5fb6-b31f-9d48dd2f95be,base
A2BPAH972ZKNW,2,7,retest,1,two_refs_egocentric,two_refs_egocentric_context,right of,left of,Ali is to the BLANK Mark. Mark looks to his left and Ali looks to his right. Ali is facing away from Mark.,5042a6f6-7c11-5467-85b5-0ab828d3c5d1,base
A2BPAH972ZKNW,2,7,retest,1,two_refs_egocentric,two_refs_egocentric_context,right of,left of,Ali is to the BLANK Mark. Mark looks to his left and Ali looks to his right. Ali is facing away from Mark.,5042a6f6-7c11-5467-85b5-0ab828d3c5d1,base
A2BPAH972ZKNW,2,7,retest,1,two_refs_egocentric,two_refs_egocentric_context,in front of,behind,Mark is BLANK Ali. Mark walks forwards. Mark is getting further from Ali.,65c476d8-7b46-50ad-9fa1-ba59c9300205,base
A2BPAH972ZKNW,2,7,retest,1,two_refs_egocentric,two_refs_egocentric_context,in front of,behind,Mark is BLANK Ali. Mark walks forwards. Mark is getting further from Ali.,65c476d8-7b46-50ad-9fa1-ba59c9300205,base
A2BPAH972ZKNW,2,7,retest,1,relative_pos,relative_pos_context,desk on the box,box on the desk,The box is next to the desk. Ali stacks the BLANK. The box is below the desk.,c2788238-3365-5292-9d47-fe45ebf9d292,base
A2BPAH972ZKNW,2,7,retest,1,relative_pos,relative_pos_context,desk on the box,box on the desk,The box is next to the desk. Ali stacks the BLANK. The box is below the desk.,c2788238-3365-5292-9d47-fe45ebf9d292,base
A2BPAH972ZKNW,2,7,retest,0,two_refs_egocentric,two_refs_egocentric_target,can't see,sees,Ali is to the right of Mark. Mark looks to his left. Mark BLANK Ali.,fbf592f6-8ba1-5c3c-9621-b9b115f14b45,base
A2BPAH972ZKNW,2,7,retest,0,two_refs_egocentric,two_refs_egocentric_target,can't see,sees,Ali is to the right of Mark. Mark looks to his left. Mark BLANK Ali.,fbf592f6-8ba1-5c3c-9621-b9b115f14b45,base
A2BPAH972ZKNW,2,7,retest,0,relative_pos,relative_pos_context,drops,picks up,Ali is holding the tennis ball and the ping pong ball. Ali BLANK the ping pong ball. The ping pong ball is further from the tennis ball.,e0a90fc5-4ebc-567a-bbc8-8bd5d3b008ec,base
A2BPAH972ZKNW,2,7,retest,0,relative_pos,relative_pos_context,drops,picks up,Ali is holding the tennis ball and the ping pong ball. Ali BLANK the ping pong ball. The ping pong ball is further from the tennis ball.,e0a90fc5-4ebc-567a-bbc8-8bd5d3b008ec,base
A2BPAH972ZKNW,2,7,retest,1,relative_pos,relative_pos_context,touching,far from,The tennis ball is BLANK the bowling ball. Ali rolls the bowling ball. The bowling ball is further from the tennis ball.,4da6b0a2-fbd8-5d77-8b6a-05110a23606c,base
A2BPAH972ZKNW,2,7,retest,1,relative_pos,relative_pos_context,touching,far from,The tennis ball is BLANK the bowling ball. Ali rolls the bowling ball. The bowling ball is further from the tennis ball.,4da6b0a2-fbd8-5d77-8b6a-05110a23606c,base
A2BPAH972ZKNW,2,7,retest,0,two_refs_egocentric,two_refs_egocentric_target,further from,closer to,Mark is behind Ali. Mark walks backwards. Mark is getting BLANK Ali.,48bff914-3c65-5b87-a359-0a1184e0384a,base
A2BPAH972ZKNW,2,7,retest,0,two_refs_egocentric,two_refs_egocentric_target,further from,closer to,Mark is behind Ali. Mark walks backwards. Mark is getting BLANK Ali.,48bff914-3c65-5b87-a359-0a1184e0384a,base
A2BPAH972ZKNW,2,7,retest,0,two_refs_egocentric,two_refs_egocentric_target,away,towards,Ali is facing towards Mark. Ali turns around. Ali is facing BLANK Mark.,03aa1fc7-369b-5dbc-a94e-7d6f36d60ff7,base
A2BPAH972ZKNW,2,7,retest,0,two_refs_egocentric,two_refs_egocentric_target,away,towards,Ali is facing towards Mark. Ali turns around. Ali is facing BLANK Mark.,03aa1fc7-369b-5dbc-a94e-7d6f36d60ff7,base
A2BPAH972ZKNW,2,7,retest,1,two_refs_egocentric,two_refs_egocentric_target,away from,towards,Mark and Ali are facing away from eachother. Mark turns around. Ali is facing BLANK Mark.,be5f74e8-5413-5aa2-97f3-17a48d7c1398,base
A2BPAH972ZKNW,2,7,retest,1,two_refs_egocentric,two_refs_egocentric_target,away from,towards,Mark and Ali are facing away from eachother. Mark turns around. Ali is facing BLANK Mark.,be5f74e8-5413-5aa2-97f3-17a48d7c1398,base
A2BPAH972ZKNW,2,7,retest,1,two_refs_egocentric,two_refs_egocentric_target,away from,towards,Mark and Ali are both facing left. Ali turns to his right. Ali is facing BLANK Mark.,b95f9817-6f0f-52e4-917e-5e53b7e08502,base
A2BPAH972ZKNW,2,7,retest,1,two_refs_egocentric,two_refs_egocentric_target,away from,towards,Mark and Ali are both facing left. Ali turns to his right. Ali is facing BLANK Mark.,b95f9817-6f0f-52e4-917e-5e53b7e08502,base
A2BPAH972ZKNW,2,7,retest,1,two_refs_egocentric,two_refs_egocentric_context,Mark,Ali,Ali and Mark are facing eachother. BLANK turns around. Ali is facing towards Mark.,554eecfd-5f36-53a1-a69b-9db494809329,base
A2BPAH972ZKNW,2,7,retest,1,two_refs_egocentric,two_refs_egocentric_context,Mark,Ali,Ali and Mark are facing eachother. BLANK turns around. Ali is facing towards Mark.,554eecfd-5f36-53a1-a69b-9db494809329,base
A2BPAH972ZKNW,2,7,retest,1,two_refs_egocentric,two_refs_egocentric_context,left,right,Mark and Ali are both facing BLANK. Ali turns to his right. Ali is facing away from Mark.,e558cc86-f7fb-53e8-a6d0-b663f3736066,base
A2BPAH972ZKNW,2,7,retest,1,two_refs_egocentric,two_refs_egocentric_context,left,right,Mark and Ali are both facing BLANK. Ali turns to his right. Ali is facing away from Mark.,e558cc86-f7fb-53e8-a6d0-b663f3736066,base
A2BPAH972ZKNW,2,7,retest,1,relative_pos,relative_pos_context,box inside the ball,ball inside the box,The box is next to the ball. Ali puts the BLANK. the ball is larger than the box.,d0f6e14f-c11f-5129-a06d-757d2ef1f3e0,base
A2BPAH972ZKNW,2,7,retest,1,relative_pos,relative_pos_context,box inside the ball,ball inside the box,The box is next to the ball. Ali puts the BLANK. the ball is larger than the box.,d0f6e14f-c11f-5129-a06d-757d2ef1f3e0,base
A2BPAH972ZKNW,2,7,retest,1,relative_pos,relative_pos_target,below,above,The box is next to the desk. Ali stacks the desk on the box. The box is BLANK the desk.,8aeff28e-26ae-521e-82a2-2e601a18054c,base
A2BPAH972ZKNW,2,7,retest,1,relative_pos,relative_pos_target,below,above,The box is next to the desk. Ali stacks the desk on the box. The box is BLANK the desk.,8aeff28e-26ae-521e-82a2-2e601a18054c,base
A2BPAH972ZKNW,2,7,retest,0,two_refs_egocentric,two_refs_egocentric_context,away from,towards,Mark and Ali are facing BLANK eachother. Mark turns around. Ali is facing away from Mark.,7639e22f-157b-54af-bc89-d24f4f594fbc,base
A2BPAH972ZKNW,2,7,retest,0,two_refs_egocentric,two_refs_egocentric_context,away from,towards,Mark and Ali are facing BLANK eachother. Mark turns around. Ali is facing away from Mark.,7639e22f-157b-54af-bc89-d24f4f594fbc,base
A2BPAH972ZKNW,2,7,retest,1,two_refs_egocentric,two_refs_egocentric_context,left of,right of,Mark is to the BLANK Ali. Mark looks to his left and Ali looks to his left. Ali is facing towards Mark.,32e2f418-ea5f-51a7-b0a7-31dc7b546d0d,base
A2BPAH972ZKNW,2,7,retest,1,two_refs_egocentric,two_refs_egocentric_context,left of,right of,Mark is to the BLANK Ali. Mark looks to his left and Ali looks to his left. Ali is facing towards Mark.,32e2f418-ea5f-51a7-b0a7-31dc7b546d0d,base
A2BPAH972ZKNW,2,7,retest,0,two_refs_egocentric,two_refs_egocentric_target,towards,away from,Mark is to the left of Ali. Mark looks to his left and Ali looks to his left. Ali is facing BLANK Mark.,3b349749-0956-5093-b528-ea281f998710,base
A2BPAH972ZKNW,2,7,retest,0,two_refs_egocentric,two_refs_egocentric_target,towards,away from,Mark is to the left of Ali. Mark looks to his left and Ali looks to his left. Ali is facing BLANK Mark.,3b349749-0956-5093-b528-ea281f998710,base
A2BPAH972ZKNW,2,7,retest,0,two_refs_egocentric,two_refs_egocentric_target,left,right,Ali is to Mark's right. Mark turns around. Ali is to Mark's BLANK.,2206d693-156b-580d-a926-7c9dd845f0df,base
A2BPAH972ZKNW,2,7,retest,0,two_refs_egocentric,two_refs_egocentric_target,left,right,Ali is to Mark's right. Mark turns around. Ali is to Mark's BLANK.,2206d693-156b-580d-a926-7c9dd845f0df,base
A2BPAH972ZKNW,2,7,retest,1,two_refs_egocentric,two_refs_egocentric_context,right,left,Mark and Ali are both facing BLANK. Ali turns to his left. Ali is facing away from Mark.,6b81874a-94f4-52ac-8699-24e6582fc7e8,base
A2BPAH972ZKNW,2,7,retest,1,two_refs_egocentric,two_refs_egocentric_context,right,left,Mark and Ali are both facing BLANK. Ali turns to his left. Ali is facing away from Mark.,6b81874a-94f4-52ac-8699-24e6582fc7e8,base
A2BPAH972ZKNW,2,7,retest,0,two_refs_egocentric,two_refs_egocentric_target,closer to,further from,Mark is behind Ali. Mark walks fowards. Mark is getting BLANK Ali.,95034e79-b705-587b-9cd2-41aa02e2609b,base
A2BPAH972ZKNW,2,7,retest,0,two_refs_egocentric,two_refs_egocentric_target,closer to,further from,Mark is behind Ali. Mark walks fowards. Mark is getting BLANK Ali.,95034e79-b705-587b-9cd2-41aa02e2609b,base
A2BPAH972ZKNW,2,7,retest,0,two_refs_egocentric,two_refs_egocentric_target,away from,towards,Mark and Ali are both facing right. Ali turns to his left. Ali is facing BLANK Mark.,313894db-d76b-5163-8db3-6e5c4869a7c2,base
A2BPAH972ZKNW,2,7,retest,0,two_refs_egocentric,two_refs_egocentric_target,away from,towards,Mark and Ali are both facing right. Ali turns to his left. Ali is facing BLANK Mark.,313894db-d76b-5163-8db3-6e5c4869a7c2,base
A2BPAH972ZKNW,2,7,retest,1,two_refs_egocentric,two_refs_egocentric_context,behind,in front of,Mark is BLANK Ali. Mark walks forwards. Mark is getting closer to Ali.,c2e3cc6a-24a4-5d9e-9c86-9aa843019959,base
A2BPAH972ZKNW,2,7,retest,1,two_refs_egocentric,two_refs_egocentric_context,behind,in front of,Mark is BLANK Ali. Mark walks forwards. Mark is getting closer to Ali.,c2e3cc6a-24a4-5d9e-9c86-9aa843019959,base
A2BPAH972ZKNW,2,7,retest,0,two_refs_egocentric,two_refs_egocentric_target,further from,closer to,Mark is in front of Ali. Mark walks forwards. Mark is getting BLANK Ali.,2829a666-eb26-5378-b0eb-cfd72cc8b03f,base
A2BPAH972ZKNW,2,7,retest,0,two_refs_egocentric,two_refs_egocentric_target,further from,closer to,Mark is in front of Ali. Mark walks forwards. Mark is getting BLANK Ali.,2829a666-eb26-5378-b0eb-cfd72cc8b03f,base
A2BPAH972ZKNW,2,7,retest,1,relative_pos,relative_pos_context,drops,picks up,Ali is holding the tennis ball and the ping pong ball is on the floor. Ali BLANK the ping pong ball. The ping pong ball is closer to the tennis ball.,e9045eb2-8977-5b55-a497-b208a72d84e3,base
A2BPAH972ZKNW,2,7,retest,1,relative_pos,relative_pos_context,drops,picks up,Ali is holding the tennis ball and the ping pong ball is on the floor. Ali BLANK the ping pong ball. The ping pong ball is closer to the tennis ball.,e9045eb2-8977-5b55-a497-b208a72d84e3,base
A2BPAH972ZKNW,2,7,retest,0,two_refs_egocentric,two_refs_egocentric_target,towards,away from,Ali and Mark are facing eachother. Mark turns around. Ali is facing BLANK Mark.,0f27ed08-ff9a-593c-a9d7-a3c11c3fa063,base
A2BPAH972ZKNW,2,7,retest,0,two_refs_egocentric,two_refs_egocentric_target,towards,away from,Ali and Mark are facing eachother. Mark turns around. Ali is facing BLANK Mark.,0f27ed08-ff9a-593c-a9d7-a3c11c3fa063,base
A2BPAH972ZKNW,2,7,retest,1,two_refs_egocentric,two_refs_egocentric_context,right,left,Ali is to Mark's BLANK. Mark turns around. Ali is to Mark's left.,0d41b0d1-a40c-52ae-8a94-0328e70ebb21,base
A2BPAH972ZKNW,2,7,retest,1,two_refs_egocentric,two_refs_egocentric_context,right,left,Ali is to Mark's BLANK. Mark turns around. Ali is to Mark's left.,0d41b0d1-a40c-52ae-8a94-0328e70ebb21,base
A2EK1HDV4I4GSK,2,5,retest,1,geocentric_near,geocentric_near_target,North of,East of,The statue is North of Ali. Ali walks West. The statue is BLANK of Ali.,509b8364-1a32-5e7f-93c8-449b551718c5,base
A2EK1HDV4I4GSK,2,5,retest,0,geocentric_near,geocentric_near_context,West of,East of,The painting is BLANK of Ali. Ali turns around. The painting is West of Ali.,a22b454f-f1c2-51cf-a7f3-f1d55dc1383d,base
A2EK1HDV4I4GSK,2,5,retest,1,geocentric_near,geocentric_near_target,South of,West of,The painting is South of Ali. Ali turns right. The painting is BLANK Ali.,210a7a1b-215f-574d-96be-bb4575d7df97,base
A2EK1HDV4I4GSK,2,5,retest,0,geocentric_near,geocentric_near_context,East of,South of,The statue is BLANK Ali. Ali walks North. The statue is East of Ali.,c0571aef-9e9a-5c28-8136-16cf5969f8c4,base
A2EK1HDV4I4GSK,2,5,retest,0,geocentric_distant,geocentric_distant_context,South,North,Ali is BLANK of Milwaukee. Ali walks South. Ali is getting further from Milwaukee.,d254416b-1414-500b-a96f-e13cb28c20dc,base
A2EK1HDV4I4GSK,2,5,retest,0,geocentric_near,geocentric_near_context,East of,North of,The painting is BLANK Ali. Ali turns left. The painting is East of Ali.,6739b82c-779d-5d65-91f9-d9be398a0575,base
A2EK1HDV4I4GSK,2,5,retest,1,geocentric_near,geocentric_near_target,East of,North of,The painting is East of Ali. Ali turns left. The painting is BLANK Ali.,1524fa21-bce4-5af0-9fdc-6a1ff52e8db6,base
A2EK1HDV4I4GSK,2,5,retest,1,geocentric_near,geocentric_near_context,South of,West of,The statue is BLANK Ali. Ali walks East. The statue is South of Ali.,8252c422-568f-56ae-a206-72dd86dd7b40,base
A2EK1HDV4I4GSK,2,5,retest,1,geocentric_distant,geocentric_distant_target,East of,South of,Milwaukee is East of Ali. Ali turns right. Milwaukee is BLANK Ali.,ce49bac3-2edd-5319-8db6-9c23dcaffb9e,base
A2EK1HDV4I4GSK,2,5,retest,0,geocentric_near,geocentric_near_target,West of,East of,The painting is West of Ali. Ali turns around. The painting is BLANK Ali.,f40523d5-45d1-5f96-b162-ae6520bf7202,base
A2EK1HDV4I4GSK,2,5,retest,0,geocentric_distant,geocentric_distant_context,West of,South of,Milwaukee is BLANK Ali. Ali turns left. Milwaukee is West of Ali.,aeefbdde-433a-5ea8-93fd-c5b5c1788a6e,base
A2EK1HDV4I4GSK,2,5,retest,1,geocentric_distant,geocentric_distant_target,North of,West of,Milwaukee is North of Ali. Ali turns left. Milwaukee is BLANK Ali.,4ec6ce58-d4e5-5258-9721-9abd60a41155,base
A2EK1HDV4I4GSK,2,5,retest,1,geocentric_distant,geocentric_distant_context,South of,East of,Milwaukee is BLANK Ali. Ali turns left. Milwaukee is South of Ali.,5d911c67-0b83-55ee-8134-8ce38b110d99,base
A2EK1HDV4I4GSK,2,5,retest,1,geocentric_near,geocentric_near_target,West of,North of,The painting is West of Ali. Ali turns right. The painting is BLANK Ali.,9d469069-c214-567d-a48d-359883082244,base
A2EK1HDV4I4GSK,2,5,retest,1,geocentric_near,geocentric_near_context,South of,East of,The painting is BLANK Ali. Ali turns left. The painting is South of Ali.,b470477e-c9cf-5a97-a47c-98dd08229c8e,base
A2EK1HDV4I4GSK,2,5,retest,1,geocentric_near,geocentric_near_target,East,West,Mark is facing North. Mark turns 90 degrees to his right. Mark is facing BLANK.,4684617b-bc66-5458-84f2-0a4ff0a561ac,base
A2EK1HDV4I4GSK,2,5,retest,0,geocentric_distant,geocentric_distant_context,South,North,Ali is BLANK of Milwaukee. Ali walks North. Ali is getting closer to Milwaukee.,10ca4a05-1305-559c-8e2c-dfbf1794f86d,base
A2EK1HDV4I4GSK,2,5,retest,0,geocentric_distant,geocentric_distant_target,further from,closer to,Ali is East of Milwaukee. Ali walks East. Ali is getting BLANK Milwaukee.,322374e3-84ec-5bc6-9a25-6ed40685fec2,base
A2EK1HDV4I4GSK,2,5,retest,1,geocentric_distant,geocentric_distant_context,West of,North of,Milwaukee is BLANK Ali. Ali turns right. Milwaukee is West of Ali.,20c122a7-ab2c-5966-b297-c5040adfe23e,base
A2EK1HDV4I4GSK,2,5,retest,1,geocentric_near,geocentric_near_target,East of,South of,The statue is East of Ali. Ali walks North. The statue is BLANK of Ali.,84f02edd-6bd8-5f19-8279-4ada591a8a0b,base
A2EK1HDV4I4GSK,2,5,retest,1,geocentric_distant,geocentric_distant_context,East of,South of,Milwaukee is BLANK Ali. Ali turns right. Milwaukee is East of Ali.,b9877f9e-1fa9-545f-ac6d-fe640fc90d29,base
A2EK1HDV4I4GSK,2,5,retest,1,geocentric_distant,geocentric_distant_context,West of,East of,Milwaukee is BLANK Ali. Ali turns around. Milwaukee is West of Ali.,5971347d-237f-515b-b782-01ff47f5650a,base
A2EK1HDV4I4GSK,2,5,retest,1,geocentric_near,geocentric_near_target,South,North,Mark is facing East. Mark turns 90 degrees to his right. Mark is facing BLANK.,815c9fc1-43f2-5386-90fa-6c0db0268448,base
A2EK1HDV4I4GSK,2,5,retest,1,geocentric_distant,geocentric_distant_target,North of,South of,Milwaukee is North of Ali. Ali turns around. Milwaukee is BLANK Ali.,5ee8a7e5-a2c1-5a21-b180-f0a7a538e6be,base
A2EK1HDV4I4GSK,2,5,retest,1,geocentric_near,geocentric_near_context,South of,North of,The box is BLANK Ali. Ali turns around. The box is South of Ali.,c571fc7a-710d-59d5-a140-4564ef29503a,base
A2EK1HDV4I4GSK,2,5,retest,1,geocentric_distant,geocentric_distant_target,West of,North of,Milwaukee is West of Ali. Ali turns right. Milwaukee is BLANK Ali.,ab393531-7a45-54be-8745-da5f51d0a854,base
A2EK1HDV4I4GSK,2,5,retest,1,geocentric_near,geocentric_near_target,West of,North of,The statue is West of Ali. Ali walks South. The statue is BLANK of Ali.,b98ce98d-a5c6-5c6e-92a3-473ae5b1df40,base
A2EK1HDV4I4GSK,2,5,retest,0,geocentric_distant,geocentric_distant_target,closer to,further from,Ali is South of Milwaukee. Ali walks North. Ali is getting BLANK Milwaukee.,21a31cff-69cd-5fb6-aa15-b02b298e738a,base
A2EK1HDV4I4GSK,2,5,retest,1,geocentric_near,geocentric_near_context,North of,West of,The painting is BLANK Ali. Ali turns left. The painting is North of Ali.,6e349340-1734-5b6c-94b3-79765fdef94d,base
A2EK1HDV4I4GSK,2,5,retest,1,geocentric_near,geocentric_near_context,West of,North of,The painting is BLANK Ali. Ali turns right. The painting is West of Ali.,df69c89a-abfd-5c88-b5fa-7baaa5a6d4de,base
A2EK1HDV4I4GSK,2,5,retest,1,geocentric_near,geocentric_near_target,North of,West of,The statue is North of Ali. Ali walks East. The statue is BLANK of Ali.,53b9d39a-77d2-590e-9013-2041416cf80e,base
A2EK1HDV4I4GSK,2,5,retest,0,geocentric_distant,geocentric_distant_context,East,West,Ali is BLANK of Milwaukee. Ali walks East. Ali is getting further from Milwaukee.,d49f1d3c-5027-5233-ac07-8710c3e3b449,base
A2EK1HDV4I4GSK,2,5,retest,1,geocentric_near,geocentric_near_context,West of,North of,The statue is BLANK Ali. Ali walks South. The statue is West of Ali.,53eb0547-cabf-5f87-bb4d-eeb9eb0e29ca,base
A2EK1HDV4I4GSK,2,5,retest,1,geocentric_near,geocentric_near_context,West of,East of,The box is BLANK Ali. Ali turns around. The box is West of Ali.,54597470-4866-5387-8c1a-5629d30b67d7,base
A2EK1HDV4I4GSK,2,5,retest,1,geocentric_near,geocentric_near_target,North of,South of,The box is North of Ali. Ali turns around. The box is BLANK Ali.,ba1c054b-7213-5f8e-bf33-019a9a67c091,base
A2EK1HDV4I4GSK,2,5,retest,1,geocentric_near,geocentric_near_target,South of,North of,The painting is South of Ali. Ali turns around. The painting is BLANK Ali.,de7d1dc5-03dc-52ca-8424-ff56dbd5e0d7,base
A2EK1HDV4I4GSK,2,5,retest,1,geocentric_near,geocentric_near_context,North of,South of,The box is BLANK Ali. Ali turns around. The box is North of Ali.,cdb36630-3e0a-5c82-9cdf-40f72ff02544,base
A2EK1HDV4I4GSK,2,5,retest,1,geocentric_near,geocentric_near_context,South of,North of,The painting is BLANK Ali. Ali turns around. The painting is South of Ali.,57cc77e0-a299-5a13-85a3-20664a0f6ef1,base
A2EK1HDV4I4GSK,2,5,retest,1,geocentric_near,geocentric_near_target,North of,West of,The painting is North of Ali. Ali turns left. The painting is BLANK Ali.,bdee18b4-ee23-5b20-bae4-65648a17a7e7,base
A2EK1HDV4I4GSK,2,5,retest,0,geocentric_distant,geocentric_distant_context,East,West,Ali is BLANK of Milwaukee. Ali walks West. Ali is getting closer to Milwaukee.,ecba7770-0edf-5558-834c-89382aa91d3c,base
A2EK1HDV4I4GSK,2,5,retest,1,geocentric_distant,geocentric_distant_context,North of,West of,Milwaukee is BLANK Ali. Ali turns left. Milwaukee is North of Ali.,77cc2803-02b1-54af-a10d-fb663433d4ec,base
A2EK1HDV4I4GSK,2,5,retest,1,geocentric_near,geocentric_near_context,West of,East of,The painting is BLANK of Ali. Ali turns around. The painting is West of Ali.,a22b454f-f1c2-51cf-a7f3-f1d55dc1383d,base
A2EK1HDV4I4GSK,2,5,retest,1,geocentric_near,geocentric_near_context,West of,East of,The painting is BLANK of Ali. Ali turns around. The painting is West of Ali.,a22b454f-f1c2-51cf-a7f3-f1d55dc1383d,base
A2EK1HDV4I4GSK,2,5,retest,1,geocentric_near,geocentric_near_context,East of,South of,The statue is BLANK Ali. Ali walks North. The statue is East of Ali.,c0571aef-9e9a-5c28-8136-16cf5969f8c4,base
A2EK1HDV4I4GSK,2,5,retest,1,geocentric_near,geocentric_near_context,East of,South of,The statue is BLANK Ali. Ali walks North. The statue is East of Ali.,c0571aef-9e9a-5c28-8136-16cf5969f8c4,base
A2EK1HDV4I4GSK,2,5,retest,0,geocentric_distant,geocentric_distant_context,South,North,Ali is BLANK of Milwaukee. Ali walks South. Ali is getting further from Milwaukee.,d254416b-1414-500b-a96f-e13cb28c20dc,base
A2EK1HDV4I4GSK,2,5,retest,0,geocentric_distant,geocentric_distant_context,South,North,Ali is BLANK of Milwaukee. Ali walks South. Ali is getting further from Milwaukee.,d254416b-1414-500b-a96f-e13cb28c20dc,base
A2EK1HDV4I4GSK,2,5,retest,1,geocentric_near,geocentric_near_context,East of,North of,The painting is BLANK Ali. Ali turns left. The painting is East of Ali.,6739b82c-779d-5d65-91f9-d9be398a0575,base
A2EK1HDV4I4GSK,2,5,retest,1,geocentric_near,geocentric_near_context,East of,North of,The painting is BLANK Ali. Ali turns left. The painting is East of Ali.,6739b82c-779d-5d65-91f9-d9be398a0575,base
A2EK1HDV4I4GSK,2,5,retest,1,geocentric_near,geocentric_near_target,East of,North of,The painting is East of Ali. Ali turns left. The painting is BLANK Ali.,1524fa21-bce4-5af0-9fdc-6a1ff52e8db6,base
A2EK1HDV4I4GSK,2,5,retest,1,geocentric_near,geocentric_near_target,East of,North of,The painting is East of Ali. Ali turns left. The painting is BLANK Ali.,1524fa21-bce4-5af0-9fdc-6a1ff52e8db6,base
A2EK1HDV4I4GSK,2,5,retest,1,geocentric_near,geocentric_near_target,West of,East of,The painting is West of Ali. Ali turns around. The painting is BLANK Ali.,f40523d5-45d1-5f96-b162-ae6520bf7202,base
A2EK1HDV4I4GSK,2,5,retest,1,geocentric_near,geocentric_near_target,West of,East of,The painting is West of Ali. Ali turns around. The painting is BLANK Ali.,f40523d5-45d1-5f96-b162-ae6520bf7202,base
A2EK1HDV4I4GSK,2,5,retest,1,geocentric_distant,geocentric_distant_context,West of,South of,Milwaukee is BLANK Ali. Ali turns left. Milwaukee is West of Ali.,aeefbdde-433a-5ea8-93fd-c5b5c1788a6e,base
A2EK1HDV4I4GSK,2,5,retest,1,geocentric_distant,geocentric_distant_context,West of,South of,Milwaukee is BLANK Ali. Ali turns left. Milwaukee is West of Ali.,aeefbdde-433a-5ea8-93fd-c5b5c1788a6e,base
A2EK1HDV4I4GSK,2,5,retest,1,geocentric_distant,geocentric_distant_target,North of,West of,Milwaukee is North of Ali. Ali turns left. Milwaukee is BLANK Ali.,4ec6ce58-d4e5-5258-9721-9abd60a41155,base
A2EK1HDV4I4GSK,2,5,retest,1,geocentric_distant,geocentric_distant_target,North of,West of,Milwaukee is North of Ali. Ali turns left. Milwaukee is BLANK Ali.,4ec6ce58-d4e5-5258-9721-9abd60a41155,base
A2EK1HDV4I4GSK,2,5,retest,1,geocentric_distant,geocentric_distant_context,South of,East of,Milwaukee is BLANK Ali. Ali turns left. Milwaukee is South of Ali.,5d911c67-0b83-55ee-8134-8ce38b110d99,base
A2EK1HDV4I4GSK,2,5,retest,1,geocentric_distant,geocentric_distant_context,South of,East of,Milwaukee is BLANK Ali. Ali turns left. Milwaukee is South of Ali.,5d911c67-0b83-55ee-8134-8ce38b110d99,base
A2EK1HDV4I4GSK,2,5,retest,1,geocentric_near,geocentric_near_target,West of,North of,The painting is West of Ali. Ali turns right. The painting is BLANK Ali.,9d469069-c214-567d-a48d-359883082244,base
A2EK1HDV4I4GSK,2,5,retest,1,geocentric_near,geocentric_near_target,West of,North of,The painting is West of Ali. Ali turns right. The painting is BLANK Ali.,9d469069-c214-567d-a48d-359883082244,base
A2EK1HDV4I4GSK,2,5,retest,1,geocentric_near,geocentric_near_target,East,West,Mark is facing North. Mark turns 90 degrees to his right. Mark is facing BLANK.,4684617b-bc66-5458-84f2-0a4ff0a561ac,base
A2EK1HDV4I4GSK,2,5,retest,1,geocentric_near,geocentric_near_target,East,West,Mark is facing North. Mark turns 90 degrees to his right. Mark is facing BLANK.,4684617b-bc66-5458-84f2-0a4ff0a561ac,base
A2EK1HDV4I4GSK,2,5,retest,1,geocentric_distant,geocentric_distant_context,South,North,Ali is BLANK of Milwaukee. Ali walks North. Ali is getting closer to Milwaukee.,10ca4a05-1305-559c-8e2c-dfbf1794f86d,base
A2EK1HDV4I4GSK,2,5,retest,1,geocentric_distant,geocentric_distant_context,South,North,Ali is BLANK of Milwaukee. Ali walks North. Ali is getting closer to Milwaukee.,10ca4a05-1305-559c-8e2c-dfbf1794f86d,base
A2EK1HDV4I4GSK,2,5,retest,1,geocentric_distant,geocentric_distant_target,further from,closer to,Ali is East of Milwaukee. Ali walks East. Ali is getting BLANK Milwaukee.,322374e3-84ec-5bc6-9a25-6ed40685fec2,base
A2EK1HDV4I4GSK,2,5,retest,1,geocentric_distant,geocentric_distant_target,further from,closer to,Ali is East of Milwaukee. Ali walks East. Ali is getting BLANK Milwaukee.,322374e3-84ec-5bc6-9a25-6ed40685fec2,base
A2EK1HDV4I4GSK,2,5,retest,1,geocentric_distant,geocentric_distant_context,East of,South of,Milwaukee is BLANK Ali. Ali turns right. Milwaukee is East of Ali.,b9877f9e-1fa9-545f-ac6d-fe640fc90d29,base
A2EK1HDV4I4GSK,2,5,retest,1,geocentric_distant,geocentric_distant_context,East of,South of,Milwaukee is BLANK Ali. Ali turns right. Milwaukee is East of Ali.,b9877f9e-1fa9-545f-ac6d-fe640fc90d29,base
A2EK1HDV4I4GSK,2,5,retest,1,geocentric_distant,geocentric_distant_context,West of,East of,Milwaukee is BLANK Ali. Ali turns around. Milwaukee is West of Ali.,5971347d-237f-515b-b782-01ff47f5650a,base
A2EK1HDV4I4GSK,2,5,retest,1,geocentric_distant,geocentric_distant_context,West of,East of,Milwaukee is BLANK Ali. Ali turns around. Milwaukee is West of Ali.,5971347d-237f-515b-b782-01ff47f5650a,base
A2EK1HDV4I4GSK,2,5,retest,1,geocentric_distant,geocentric_distant_target,North of,South of,Milwaukee is North of Ali. Ali turns around. Milwaukee is BLANK Ali.,5ee8a7e5-a2c1-5a21-b180-f0a7a538e6be,base
A2EK1HDV4I4GSK,2,5,retest,1,geocentric_distant,geocentric_distant_target,North of,South of,Milwaukee is North of Ali. Ali turns around. Milwaukee is BLANK Ali.,5ee8a7e5-a2c1-5a21-b180-f0a7a538e6be,base
A2EK1HDV4I4GSK,2,5,retest,1,geocentric_near,geocentric_near_context,South of,North of,The box is BLANK Ali. Ali turns around. The box is South of Ali.,c571fc7a-710d-59d5-a140-4564ef29503a,base
A2EK1HDV4I4GSK,2,5,retest,1,geocentric_near,geocentric_near_context,South of,North of,The box is BLANK Ali. Ali turns around. The box is South of Ali.,c571fc7a-710d-59d5-a140-4564ef29503a,base
A2EK1HDV4I4GSK,2,5,retest,1,geocentric_distant,geocentric_distant_target,West of,North of,Milwaukee is West of Ali. Ali turns right. Milwaukee is BLANK Ali.,ab393531-7a45-54be-8745-da5f51d0a854,base
A2EK1HDV4I4GSK,2,5,retest,1,geocentric_distant,geocentric_distant_target,West of,North of,Milwaukee is West of Ali. Ali turns right. Milwaukee is BLANK Ali.,ab393531-7a45-54be-8745-da5f51d0a854,base
A2FA4JF0PMFJV6,2,4,retest,1,geocentric_near,geocentric_near_context,West,East,Mark is facing BLANK. Mark turns 90 degrees to his right. Mark is facing North.,bfd08d04-41bc-5f32-a1fd-873972891edb,base
A2FA4JF0PMFJV6,2,4,retest,0,geocentric_near,geocentric_near_target,West of,South of,The painting is West of Ali. Ali turns left. The painting is BLANK Ali.,f296bfa3-3f6c-55b1-b35b-190dfe359ebd,base
A2FA4JF0PMFJV6,2,4,retest,0,geocentric_near,geocentric_near_context,East of,North of,The statue is BLANK Ali. Ali walks South. The statue is East of Ali.,654f3246-8a02-5b35-998c-05ad57e525bc,base
A2FA4JF0PMFJV6,2,4,retest,0,geocentric_near,geocentric_near_target,East of,West of,The box is East of Ali. Ali turns around. The box is BLANK Ali.,d85b86e6-538e-59bf-9eb9-7d30d754f01d,base
A2FA4JF0PMFJV6,2,4,retest,0,geocentric_distant,geocentric_distant_target,West of,East of,Milwaukee is West of Ali. Ali turns around. Milwaukee is BLANK Ali.,e6dd6cf2-8418-56eb-be84-4808492be4b9,base
A2FA4JF0PMFJV6,2,4,retest,0,geocentric_distant,geocentric_distant_context,North of,East of,Milwaukee is BLANK Ali. Ali turns right. Milwaukee is North of Ali.,d1003ff7-62f8-5266-b577-0992f8f5f4a6,base
A2FA4JF0PMFJV6,2,4,retest,0,geocentric_near,geocentric_near_target,West of,South of,The statue is West of Ali. Ali walks North. The statue is BLANK of Ali.,b9f30b99-3fb3-5807-a2ec-bbe349b45d3a,base
A2FA4JF0PMFJV6,2,4,retest,0,geocentric_near,geocentric_near_target,East of,West of,The painting is East of Ali. Ali turns around. The painting is BLANK Ali.,039eef21-48ea-5f03-97a8-50099c8411f3,base
A2FA4JF0PMFJV6,2,4,retest,0,geocentric_near,geocentric_near_target,East of,South of,The painting is East of Ali. Ali turns right. The painting is BLANK Ali.,47856cd0-4034-58db-b6c8-09eef76a40e4,base
A2FA4JF0PMFJV6,2,4,retest,0,geocentric_distant,geocentric_distant_context,West,East,Milwaukee is BLANK of Ali. Ali walks West. Ali is getting closer to Milwaukee.,6cb3e4e3-1a79-542e-80fc-c7618ababd10,base
A2FA4JF0PMFJV6,2,4,retest,0,geocentric_near,geocentric_near_target,South of,North of,The box is South of Ali. Ali turns around. The box is BLANK Ali.,87863690-da01-5035-a227-bad8f7e6a8a3,base
A2FA4JF0PMFJV6,2,4,retest,0,geocentric_near,geocentric_near_context,North of,East of,The painting is BLANK Ali. Ali turns right. The painting is North of Ali.,27cfaf60-c6de-5209-b4bb-2abcd703a542,base
A2FA4JF0PMFJV6,2,4,retest,0,geocentric_near,geocentric_near_context,East of,West of,The box is BLANK Ali. Ali turns around. The box is East of Ali.,4ff80aaf-24a6-56a6-8436-4aafd349574d,base
A2FA4JF0PMFJV6,2,4,retest,0,geocentric_near,geocentric_near_context,North of,South of,The painting is BLANK Ali. Ali turns around. The painting is North of Ali.,6f999144-fcd0-52e0-acea-ca152a4a32a9,base
A2FA4JF0PMFJV6,2,4,retest,0,geocentric_near,geocentric_near_context,West of,South of,The painting is BLANK Ali. Ali turns left. The painting is West of Ali.,6748370c-52c8-5597-b79f-c9a2e0e485d4,base
A2FA4JF0PMFJV6,2,4,retest,1,geocentric_distant,geocentric_distant_context,South,North,Ali is directly BLANK of Milwaukee. Ali walks West. Ali is Southwest of Milwaukee.,6fc3e325-93ce-5aec-bf73-393a4cdad0fd,base
A2FA4JF0PMFJV6,2,4,retest,0,geocentric_distant,geocentric_distant_target,East of,West of,Milwaukee is East of Ali. Ali turns around. Milwaukee is BLANK Ali.,e71a3a3e-4266-5822-8098-4001479aa3d8,base
A2FA4JF0PMFJV6,2,4,retest,0,geocentric_distant,geocentric_distant_target,South of,North of,Milwaukee is South of Ali. Ali turns around. Milwaukee is BLANK Ali.,0a0053eb-14a6-5355-ba4c-111aa119ddba,base
A2FA4JF0PMFJV6,2,4,retest,0,geocentric_near,geocentric_near_target,North of,East of,The painting is North of Ali. Ali turns right. The painting is BLANK Ali.,83aaa4c2-ac51-5fc1-bda3-12bea9d4ee43,base
A2FA4JF0PMFJV6,2,4,retest,0,geocentric_near,geocentric_near_context,East of,West of,The painting is BLANK of Ali. Ali turns around. The painting is East of Ali.,617ce912-b692-5ce2-acf4-9eabd9adc7e8,base
A2FA4JF0PMFJV6,2,4,retest,1,geocentric_near,geocentric_near_context,South,North,Mark is facing BLANK. Mark turns 90 degrees to his right. Mark is facing West.,71d55d9d-7f72-50e7-9a53-e410341ef56d,base
A2FA4JF0PMFJV6,2,4,retest,0,geocentric_near,geocentric_near_target,North of,South of,The painting is North of Ali. Ali turns around. The painting is BLANK Ali.,64e3f33d-f1bb-5469-960d-6b974ada7e0a,base
A2FA4JF0PMFJV6,2,4,retest,1,geocentric_near,geocentric_near_target,West,East,Mark is facing South. Mark turns 90 degrees to his right. Mark is facing BLANK.,6cfeef00-729e-52ba-985d-1252fd2428ed,base
A2FA4JF0PMFJV6,2,4,retest,0,geocentric_distant,geocentric_distant_target,South,East of,Milwaukee is South of Ali. Ali turns left. Milwaukee is BLANK Ali.,244dbf50-7c56-53b3-a5e2-96526647c538,base
A2FA4JF0PMFJV6,2,4,retest,0,geocentric_near,geocentric_near_target,South of,East of,The painting is South of Ali. Ali turns left. The painting is BLANK Ali.,3d1c523b-903d-52c2-a5ef-c6868cafe157,base
A2FA4JF0PMFJV6,2,4,retest,0,geocentric_distant,geocentric_distant_context,East of,West of,Milwaukee is BLANK Ali. Ali turns around. Milwaukee is East of Ali.,01d5a51d-7378-576b-aafc-5a45a1ffab63,base
A2FA4JF0PMFJV6,2,4,retest,0,geocentric_near,geocentric_near_target,East of,North of,The statue is East of Ali. Ali walks South. The statue is BLANK of Ali.,4e2ccb54-af98-56e1-8eb8-74bc46abf088,base
A2FA4JF0PMFJV6,2,4,retest,0,geocentric_near,geocentric_near_context,West of,South of,The statue is BLANK Ali. Ali walks North. The statue is West of Ali.,f5993fbe-e095-503a-8913-5bae1684dcbb,base
A2FA4JF0PMFJV6,2,4,retest,0,geocentric_near,geocentric_near_target,South of,West of,The statue is South of Ali. Ali walks East. The statue is BLANK of Ali.,b41b1558-d83e-5607-b398-f85601d40e7e,base
A2FA4JF0PMFJV6,2,4,retest,0,geocentric_distant,geocentric_distant_context,North of,South of,Milwaukee is BLANK Ali. Ali turns around. Milwaukee is North of Ali.,1c80ade4-3063-5830-8934-448a2e3ccdb3,base
A2FA4JF0PMFJV6,2,4,retest,0,geocentric_near,geocentric_near_context,North of,West of,The statue is BLANK Ali. Ali walks East. The statue is North of Ali.,d07fd4d0-1e85-5fc3-8eeb-e7144e7bb5b6,base
A2FA4JF0PMFJV6,2,4,retest,0,geocentric_distant,geocentric_distant_context,South of,West of,Milwaukee is BLANK Ali. Ali turns right. Milwaukee is South of Ali.,bf2af8a4-eb41-5828-869b-c6b1138f2890,base
A2FA4JF0PMFJV6,2,4,retest,0,geocentric_distant,geocentric_distant_target,West of,South of,Milwaukee is West of Ali. Ali turns left. Milwaukee is BLANK Ali.,1dfa5edb-b651-5e4f-84d7-cbc32c618e98,base
A2FA4JF0PMFJV6,2,4,retest,0,geocentric_distant,geocentric_distant_context,South of,North of,Milwaukee is BLANK Ali. Ali turns around. Milwaukee is South of Ali.,6f6037ad-89d1-53c6-9b58-e857b51d6d83,base
A2FA4JF0PMFJV6,2,4,retest,0,geocentric_distant,geocentric_distant_target,North of,East of,Milwaukee is North of Ali. Ali turns right. Milwaukee is BLANK Ali.,477d44eb-6672-5eae-bebc-bd944786e92c,base
A2FA4JF0PMFJV6,2,4,retest,0,geocentric_near,geocentric_near_context,North of,East of,The statue is BLANK Ali. Ali walks West. The statue is North of Ali.,c8c0fe33-a72d-5683-9846-b72cf18312aa,base
A2FA4JF0PMFJV6,2,4,retest,0,geocentric_near,geocentric_near_context,South of,West of,The painting is BLANK Ali. Ali turns right. The painting is South of Ali.,9066630c-6525-5574-b5bc-3cbff1f62ccd,base
A2FA4JF0PMFJV6,2,4,retest,0,geocentric_distant,geocentric_distant_target,closer to,further from,Ali is East of Milwaukee. Ali walks West. Ali is getting BLANK Milwaukee.,074db133-5b7c-5b64-bf17-595f0672a13e,base
A2FA4JF0PMFJV6,2,4,retest,0,geocentric_near,geocentric_near_target,West of,East of,The box is West of Ali. Ali turns around. The box is BLANK Ali.,424089ec-6146-5b3f-bd32-9565a5513fe0,base
A2FA4JF0PMFJV6,2,4,retest,0,geocentric_distant,geocentric_distant_context,East of,North of,Milwaukee is BLANK Ali. Ali turns left. Milwaukee is East of Ali.,b1c9a0f0-680c-58c2-8a69-4c63ee969cad,base
A2FA4JF0PMFJV6,2,4,retest,0,geocentric_near,geocentric_near_context,East of,South of,The painting is BLANK Ali. Ali turns right. The painting is East of Ali.,bbe1c4e0-6ae6-53c2-8e3d-2d90016d6cde,base
A2FA4JF0PMFJV6,2,4,retest,1,geocentric_distant,geocentric_distant_target,Northeast,Southwest,Ali is directly North of Milwaukee. Ali walks East. Ali is BLANK Milwaukee.,6de916f2-8e10-52d0-8e30-7ae3dcd5aa73,base
A2FA4JF0PMFJV6,2,4,retest,1,geocentric_near,geocentric_near_context,West,East,Mark is facing BLANK. Mark turns 90 degrees to his right. Mark is facing North.,bfd08d04-41bc-5f32-a1fd-873972891edb,base
A2FA4JF0PMFJV6,2,4,retest,1,geocentric_near,geocentric_near_context,West,East,Mark is facing BLANK. Mark turns 90 degrees to his right. Mark is facing North.,bfd08d04-41bc-5f32-a1fd-873972891edb,base
A2FA4JF0PMFJV6,2,4,retest,0,geocentric_near,geocentric_near_target,West of,South of,The painting is West of Ali. Ali turns left. The painting is BLANK Ali.,f296bfa3-3f6c-55b1-b35b-190dfe359ebd,base
A2FA4JF0PMFJV6,2,4,retest,0,geocentric_near,geocentric_near_target,West of,South of,The painting is West of Ali. Ali turns left. The painting is BLANK Ali.,f296bfa3-3f6c-55b1-b35b-190dfe359ebd,base
A2FA4JF0PMFJV6,2,4,retest,1,geocentric_near,geocentric_near_context,East of,North of,The statue is BLANK Ali. Ali walks South. The statue is East of Ali.,654f3246-8a02-5b35-998c-05ad57e525bc,base
A2FA4JF0PMFJV6,2,4,retest,1,geocentric_near,geocentric_near_context,East of,North of,The statue is BLANK Ali. Ali walks South. The statue is East of Ali.,654f3246-8a02-5b35-998c-05ad57e525bc,base
A2FA4JF0PMFJV6,2,4,retest,0,geocentric_near,geocentric_near_target,East of,West of,The box is East of Ali. Ali turns around. The box is BLANK Ali.,d85b86e6-538e-59bf-9eb9-7d30d754f01d,base
A2FA4JF0PMFJV6,2,4,retest,0,geocentric_near,geocentric_near_target,East of,West of,The box is East of Ali. Ali turns around. The box is BLANK Ali.,d85b86e6-538e-59bf-9eb9-7d30d754f01d,base
A2FA4JF0PMFJV6,2,4,retest,1,geocentric_distant,geocentric_distant_target,West of,East of,Milwaukee is West of Ali. Ali turns around. Milwaukee is BLANK Ali.,e6dd6cf2-8418-56eb-be84-4808492be4b9,base
A2FA4JF0PMFJV6,2,4,retest,1,geocentric_distant,geocentric_distant_target,West of,East of,Milwaukee is West of Ali. Ali turns around. Milwaukee is BLANK Ali.,e6dd6cf2-8418-56eb-be84-4808492be4b9,base
A2FA4JF0PMFJV6,2,4,retest,1,geocentric_distant,geocentric_distant_context,North of,East of,Milwaukee is BLANK Ali. Ali turns right. Milwaukee is North of Ali.,d1003ff7-62f8-5266-b577-0992f8f5f4a6,base
A2FA4JF0PMFJV6,2,4,retest,1,geocentric_distant,geocentric_distant_context,North of,East of,Milwaukee is BLANK Ali. Ali turns right. Milwaukee is North of Ali.,d1003ff7-62f8-5266-b577-0992f8f5f4a6,base
A2FA4JF0PMFJV6,2,4,retest,1,geocentric_near,geocentric_near_target,West of,South of,The statue is West of Ali. Ali walks North. The statue is BLANK of Ali.,b9f30b99-3fb3-5807-a2ec-bbe349b45d3a,base
A2FA4JF0PMFJV6,2,4,retest,1,geocentric_near,geocentric_near_target,West of,South of,The statue is West of Ali. Ali walks North. The statue is BLANK of Ali.,b9f30b99-3fb3-5807-a2ec-bbe349b45d3a,base
A2FA4JF0PMFJV6,2,4,retest,1,geocentric_near,geocentric_near_target,East of,West of,The painting is East of Ali. Ali turns around. The painting is BLANK Ali.,039eef21-48ea-5f03-97a8-50099c8411f3,base
A2FA4JF0PMFJV6,2,4,retest,1,geocentric_near,geocentric_near_target,East of,West of,The painting is East of Ali. Ali turns around. The painting is BLANK Ali.,039eef21-48ea-5f03-97a8-50099c8411f3,base
A2FA4JF0PMFJV6,2,4,retest,0,geocentric_near,geocentric_near_target,East of,South of,The painting is East of Ali. Ali turns right. The painting is BLANK Ali.,47856cd0-4034-58db-b6c8-09eef76a40e4,base
A2FA4JF0PMFJV6,2,4,retest,0,geocentric_near,geocentric_near_target,East of,South of,The painting is East of Ali. Ali turns right. The painting is BLANK Ali.,47856cd0-4034-58db-b6c8-09eef76a40e4,base
A2FA4JF0PMFJV6,2,4,retest,1,geocentric_distant,geocentric_distant_context,West,East,Milwaukee is BLANK of Ali. Ali walks West. Ali is getting closer to Milwaukee.,6cb3e4e3-1a79-542e-80fc-c7618ababd10,base
A2FA4JF0PMFJV6,2,4,retest,1,geocentric_distant,geocentric_distant_context,West,East,Milwaukee is BLANK of Ali. Ali walks West. Ali is getting closer to Milwaukee.,6cb3e4e3-1a79-542e-80fc-c7618ababd10,base
A2FA4JF0PMFJV6,2,4,retest,1,geocentric_near,geocentric_near_target,South of,North of,The box is South of Ali. Ali turns around. The box is BLANK Ali.,87863690-da01-5035-a227-bad8f7e6a8a3,base
A2FA4JF0PMFJV6,2,4,retest,1,geocentric_near,geocentric_near_target,South of,North of,The box is South of Ali. Ali turns around. The box is BLANK Ali.,87863690-da01-5035-a227-bad8f7e6a8a3,base
A2FA4JF0PMFJV6,2,4,retest,1,geocentric_near,geocentric_near_context,North of,East of,The painting is BLANK Ali. Ali turns right. The painting is North of Ali.,27cfaf60-c6de-5209-b4bb-2abcd703a542,base
A2FA4JF0PMFJV6,2,4,retest,1,geocentric_near,geocentric_near_context,North of,East of,The painting is BLANK Ali. Ali turns right. The painting is North of Ali.,27cfaf60-c6de-5209-b4bb-2abcd703a542,base
A2FA4JF0PMFJV6,2,4,retest,1,geocentric_near,geocentric_near_context,East of,West of,The box is BLANK Ali. Ali turns around. The box is East of Ali.,4ff80aaf-24a6-56a6-8436-4aafd349574d,base
A2FA4JF0PMFJV6,2,4,retest,1,geocentric_near,geocentric_near_context,East of,West of,The box is BLANK Ali. Ali turns around. The box is East of Ali.,4ff80aaf-24a6-56a6-8436-4aafd349574d,base
A2FA4JF0PMFJV6,2,4,retest,1,geocentric_near,geocentric_near_context,North of,South of,The painting is BLANK Ali. Ali turns around. The painting is North of Ali.,6f999144-fcd0-52e0-acea-ca152a4a32a9,base
A2FA4JF0PMFJV6,2,4,retest,1,geocentric_near,geocentric_near_context,North of,South of,The painting is BLANK Ali. Ali turns around. The painting is North of Ali.,6f999144-fcd0-52e0-acea-ca152a4a32a9,base
A2FA4JF0PMFJV6,2,4,retest,1,geocentric_near,geocentric_near_context,West of,South of,The painting is BLANK Ali. Ali turns left. The painting is West of Ali.,6748370c-52c8-5597-b79f-c9a2e0e485d4,base
A2FA4JF0PMFJV6,2,4,retest,1,geocentric_near,geocentric_near_context,West of,South of,The painting is BLANK Ali. Ali turns left. The painting is West of Ali.,6748370c-52c8-5597-b79f-c9a2e0e485d4,base
A2FA4JF0PMFJV6,2,4,retest,1,geocentric_distant,geocentric_distant_target,East of,West of,Milwaukee is East of Ali. Ali turns around. Milwaukee is BLANK Ali.,e71a3a3e-4266-5822-8098-4001479aa3d8,base
A2FA4JF0PMFJV6,2,4,retest,1,geocentric_distant,geocentric_distant_target,East of,West of,Milwaukee is East of Ali. Ali turns around. Milwaukee is BLANK Ali.,e71a3a3e-4266-5822-8098-4001479aa3d8,base
A2FA4JF0PMFJV6,2,4,retest,1,geocentric_distant,geocentric_distant_target,South of,North of,Milwaukee is South of Ali. Ali turns around. Milwaukee is BLANK Ali.,0a0053eb-14a6-5355-ba4c-111aa119ddba,base
A2FA4JF0PMFJV6,2,4,retest,1,geocentric_distant,geocentric_distant_target,South of,North of,Milwaukee is South of Ali. Ali turns around. Milwaukee is BLANK Ali.,0a0053eb-14a6-5355-ba4c-111aa119ddba,base
A2FA4JF0PMFJV6,2,4,retest,1,geocentric_near,geocentric_near_target,North of,East of,The painting is North of Ali. Ali turns right. The painting is BLANK Ali.,83aaa4c2-ac51-5fc1-bda3-12bea9d4ee43,base
A2FA4JF0PMFJV6,2,4,retest,1,geocentric_near,geocentric_near_target,North of,East of,The painting is North of Ali. Ali turns right. The painting is BLANK Ali.,83aaa4c2-ac51-5fc1-bda3-12bea9d4ee43,base
A2FA4JF0PMFJV6,2,4,retest,1,geocentric_near,geocentric_near_context,East of,West of,The painting is BLANK of Ali. Ali turns around. The painting is East of Ali.,617ce912-b692-5ce2-acf4-9eabd9adc7e8,base
A2FA4JF0PMFJV6,2,4,retest,1,geocentric_near,geocentric_near_context,East of,West of,The painting is BLANK of Ali. Ali turns around. The painting is East of Ali.,617ce912-b692-5ce2-acf4-9eabd9adc7e8,base
A2FA4JF0PMFJV6,2,4,retest,1,geocentric_near,geocentric_near_target,North of,South of,The painting is North of Ali. Ali turns around. The painting is BLANK Ali.,64e3f33d-f1bb-5469-960d-6b974ada7e0a,base
A2FA4JF0PMFJV6,2,4,retest,1,geocentric_near,geocentric_near_target,North of,South of,The painting is North of Ali. Ali turns around. The painting is BLANK Ali.,64e3f33d-f1bb-5469-960d-6b974ada7e0a,base
A2FA4JF0PMFJV6,2,4,retest,1,geocentric_distant,geocentric_distant_target,South,East of,Milwaukee is South of Ali. Ali turns left. Milwaukee is BLANK Ali.,244dbf50-7c56-53b3-a5e2-96526647c538,base
A2FA4JF0PMFJV6,2,4,retest,1,geocentric_distant,geocentric_distant_target,South,East of,Milwaukee is South of Ali. Ali turns left. Milwaukee is BLANK Ali.,244dbf50-7c56-53b3-a5e2-96526647c538,base
A2FA4JF0PMFJV6,2,4,retest,1,geocentric_near,geocentric_near_target,South of,East of,The painting is South of Ali. Ali turns left. The painting is BLANK Ali.,3d1c523b-903d-52c2-a5ef-c6868cafe157,base
A2FA4JF0PMFJV6,2,4,retest,1,geocentric_near,geocentric_near_target,South of,East of,The painting is South of Ali. Ali turns left. The painting is BLANK Ali.,3d1c523b-903d-52c2-a5ef-c6868cafe157,base
A2FA4JF0PMFJV6,2,4,retest,1,geocentric_distant,geocentric_distant_context,East of,West of,Milwaukee is BLANK Ali. Ali turns around. Milwaukee is East of Ali.,01d5a51d-7378-576b-aafc-5a45a1ffab63,base
A2FA4JF0PMFJV6,2,4,retest,1,geocentric_distant,geocentric_distant_context,East of,West of,Milwaukee is BLANK Ali. Ali turns around. Milwaukee is East of Ali.,01d5a51d-7378-576b-aafc-5a45a1ffab63,base
A2FA4JF0PMFJV6,2,4,retest,0,geocentric_near,geocentric_near_target,East of,North of,The statue is East of Ali. Ali walks South. The statue is BLANK of Ali.,4e2ccb54-af98-56e1-8eb8-74bc46abf088,base
A2FA4JF0PMFJV6,2,4,retest,0,geocentric_near,geocentric_near_target,East of,North of,The statue is East of Ali. Ali walks South. The statue is BLANK of Ali.,4e2ccb54-af98-56e1-8eb8-74bc46abf088,base
A2FA4JF0PMFJV6,2,4,retest,1,geocentric_near,geocentric_near_context,West of,South of,The statue is BLANK Ali. Ali walks North. The statue is West of Ali.,f5993fbe-e095-503a-8913-5bae1684dcbb,base
A2FA4JF0PMFJV6,2,4,retest,1,geocentric_near,geocentric_near_context,West of,South of,The statue is BLANK Ali. Ali walks North. The statue is West of Ali.,f5993fbe-e095-503a-8913-5bae1684dcbb,base
A2FA4JF0PMFJV6,2,4,retest,1,geocentric_near,geocentric_near_target,South of,West of,The statue is South of Ali. Ali walks East. The statue is BLANK of Ali.,b41b1558-d83e-5607-b398-f85601d40e7e,base
A2FA4JF0PMFJV6,2,4,retest,1,geocentric_near,geocentric_near_target,South of,West of,The statue is South of Ali. Ali walks East. The statue is BLANK of Ali.,b41b1558-d83e-5607-b398-f85601d40e7e,base
A2FA4JF0PMFJV6,2,4,retest,1,geocentric_distant,geocentric_distant_context,North of,South of,Milwaukee is BLANK Ali. Ali turns around. Milwaukee is North of Ali.,1c80ade4-3063-5830-8934-448a2e3ccdb3,base
A2FA4JF0PMFJV6,2,4,retest,1,geocentric_distant,geocentric_distant_context,North of,South of,Milwaukee is BLANK Ali. Ali turns around. Milwaukee is North of Ali.,1c80ade4-3063-5830-8934-448a2e3ccdb3,base
A2FA4JF0PMFJV6,2,4,retest,1,geocentric_near,geocentric_near_context,North of,West of,The statue is BLANK Ali. Ali walks East. The statue is North of Ali.,d07fd4d0-1e85-5fc3-8eeb-e7144e7bb5b6,base
A2FA4JF0PMFJV6,2,4,retest,1,geocentric_near,geocentric_near_context,North of,West of,The statue is BLANK Ali. Ali walks East. The statue is North of Ali.,d07fd4d0-1e85-5fc3-8eeb-e7144e7bb5b6,base
A2FA4JF0PMFJV6,2,4,retest,1,geocentric_distant,geocentric_distant_context,South of,West of,Milwaukee is BLANK Ali. Ali turns right. Milwaukee is South of Ali.,bf2af8a4-eb41-5828-869b-c6b1138f2890,base
A2FA4JF0PMFJV6,2,4,retest,1,geocentric_distant,geocentric_distant_context,South of,West of,Milwaukee is BLANK Ali. Ali turns right. Milwaukee is South of Ali.,bf2af8a4-eb41-5828-869b-c6b1138f2890,base
A2FA4JF0PMFJV6,2,4,retest,1,geocentric_distant,geocentric_distant_target,West of,South of,Milwaukee is West of Ali. Ali turns left. Milwaukee is BLANK Ali.,1dfa5edb-b651-5e4f-84d7-cbc32c618e98,base
A2FA4JF0PMFJV6,2,4,retest,1,geocentric_distant,geocentric_distant_target,West of,South of,Milwaukee is West of Ali. Ali turns left. Milwaukee is BLANK Ali.,1dfa5edb-b651-5e4f-84d7-cbc32c618e98,base
A2FA4JF0PMFJV6,2,4,retest,1,geocentric_distant,geocentric_distant_context,South of,North of,Milwaukee is BLANK Ali. Ali turns around. Milwaukee is South of Ali.,6f6037ad-89d1-53c6-9b58-e857b51d6d83,base
A2FA4JF0PMFJV6,2,4,retest,1,geocentric_distant,geocentric_distant_context,South of,North of,Milwaukee is BLANK Ali. Ali turns around. Milwaukee is South of Ali.,6f6037ad-89d1-53c6-9b58-e857b51d6d83,base
A2FA4JF0PMFJV6,2,4,retest,1,geocentric_distant,geocentric_distant_target,North of,East of,Milwaukee is North of Ali. Ali turns right. Milwaukee is BLANK Ali.,477d44eb-6672-5eae-bebc-bd944786e92c,base
A2FA4JF0PMFJV6,2,4,retest,1,geocentric_distant,geocentric_distant_target,North of,East of,Milwaukee is North of Ali. Ali turns right. Milwaukee is BLANK Ali.,477d44eb-6672-5eae-bebc-bd944786e92c,base
A2FA4JF0PMFJV6,2,4,retest,1,geocentric_near,geocentric_near_context,North of,East of,The statue is BLANK Ali. Ali walks West. The statue is North of Ali.,c8c0fe33-a72d-5683-9846-b72cf18312aa,base
A2FA4JF0PMFJV6,2,4,retest,1,geocentric_near,geocentric_near_context,North of,East of,The statue is BLANK Ali. Ali walks West. The statue is North of Ali.,c8c0fe33-a72d-5683-9846-b72cf18312aa,base
A2FA4JF0PMFJV6,2,4,retest,1,geocentric_near,geocentric_near_context,South of,West of,The painting is BLANK Ali. Ali turns right. The painting is South of Ali.,9066630c-6525-5574-b5bc-3cbff1f62ccd,base
A2FA4JF0PMFJV6,2,4,retest,1,geocentric_near,geocentric_near_context,South of,West of,The painting is BLANK Ali. Ali turns right. The painting is South of Ali.,9066630c-6525-5574-b5bc-3cbff1f62ccd,base
A2FA4JF0PMFJV6,2,4,retest,0,geocentric_distant,geocentric_distant_target,closer to,further from,Ali is East of Milwaukee. Ali walks West. Ali is getting BLANK Milwaukee.,074db133-5b7c-5b64-bf17-595f0672a13e,base
A2FA4JF0PMFJV6,2,4,retest,0,geocentric_distant,geocentric_distant_target,closer to,further from,Ali is East of Milwaukee. Ali walks West. Ali is getting BLANK Milwaukee.,074db133-5b7c-5b64-bf17-595f0672a13e,base
A2FA4JF0PMFJV6,2,4,retest,1,geocentric_near,geocentric_near_target,West of,East of,The box is West of Ali. Ali turns around. The box is BLANK Ali.,424089ec-6146-5b3f-bd32-9565a5513fe0,base
A2FA4JF0PMFJV6,2,4,retest,1,geocentric_near,geocentric_near_target,West of,East of,The box is West of Ali. Ali turns around. The box is BLANK Ali.,424089ec-6146-5b3f-bd32-9565a5513fe0,base
A2FA4JF0PMFJV6,2,4,retest,1,geocentric_distant,geocentric_distant_context,East of,North of,Milwaukee is BLANK Ali. Ali turns left. Milwaukee is East of Ali.,b1c9a0f0-680c-58c2-8a69-4c63ee969cad,base
A2FA4JF0PMFJV6,2,4,retest,1,geocentric_distant,geocentric_distant_context,East of,North of,Milwaukee is BLANK Ali. Ali turns left. Milwaukee is East of Ali.,b1c9a0f0-680c-58c2-8a69-4c63ee969cad,base
A2FA4JF0PMFJV6,2,4,retest,1,geocentric_near,geocentric_near_context,East of,South of,The painting is BLANK Ali. Ali turns right. The painting is East of Ali.,bbe1c4e0-6ae6-53c2-8e3d-2d90016d6cde,base
A2FA4JF0PMFJV6,2,4,retest,1,geocentric_near,geocentric_near_context,East of,South of,The painting is BLANK Ali. Ali turns right. The painting is East of Ali.,bbe1c4e0-6ae6-53c2-8e3d-2d90016d6cde,base
A2GJCL7GRXIJ7R,2,2,retest,1,egocentric_distant,egocentric_distant_context,away from,towards,Ali is facing BLANK Milwaukee. Ali turns around. Ali is facing towards Milwaukee.,897eee6e-d0a7-51a3-828a-bd3ec8339e5e,base
A2GJCL7GRXIJ7R,2,2,retest,1,egocentric_distant,egocentric_distant_target,right of,left of,Ali is facing away from Chicago. Ali turns right. Chicago is BLANK Ali.,ab3abdc8-bc90-5780-b8cb-2b0fb3ad02ff,base
A2GJCL7GRXIJ7R,2,2,retest,1,state_nonfollows,state_nonfollows_target,doesn't break,breaks,The window is behind Ali and the wall is in front of Ali. Ali throws the baseball at the wall. The window BLANK.,93f6ca60-d035-5404-98d1-5cab22558138,base
A2GJCL7GRXIJ7R,2,2,retest,1,egocentric_near,egocentric_near_target,in front of,behind,The painting is right of Ali. Ali turns right. The painting is BLANK Ali.,92ff8800-4b4e-5c66-a7d9-e034b5c0b4f7,base
A2GJCL7GRXIJ7R,2,2,retest,1,egocentric_distant,egocentric_distant_target,left of,right of,Ali is facing Chicago. Ali turns right. Chicago is BLANK Ali.,dd671270-af76-5c47-b413-f83302e3de3a,base
A2GJCL7GRXIJ7R,2,2,retest,0,action_nonfollows,action_nonfollows_target,moves,doesn't move,The glass is on the table and the cup is on the floor. Ali picks up the glass. The cup BLANK.,aca6ce57-66cc-5a28-8b0c-b55d84cbbeb5,base
A2GJCL7GRXIJ7R,2,2,retest,1,egocentric_distant,egocentric_distant_context,right,left,Milwaukee is to Ali's BLANK. Ali turns left. Ali is facing away from Milwaukee.,c197738c-2b0f-563f-a553-cbd2456d488a,base
A2GJCL7GRXIJ7R,2,2,retest,1,egocentric_distant,egocentric_distant_context,right of,left of,Chicago is BLANK Ali. Ali turns around. Chicago is left of Ali.,51131205-c4fb-50ee-89c0-28f617579e69,base
A2GJCL7GRXIJ7R,2,2,retest,1,egocentric_distant,egocentric_distant_target,right of,left of,Ali is facing Chicago. Ali turns left. Chicago is BLANK Ali.,2e25e5be-8490-556a-a672-80c670675704,base
A2GJCL7GRXIJ7R,2,2,retest,0,action_nonfollows,action_nonfollows_target,doesn't move,moves,The book is under the table. Ali moves the table. The book BLANK.,5859e8ff-6125-598f-b093-8490c86f6e42,base
A2GJCL7GRXIJ7R,2,2,retest,0,egocentric_near,egocentric_near_context,right,left,The painting is BLANK of Ali. Ali turns right. The painting is in front of Ali.,a4994f26-9ec4-577d-ba9a-8dcdae74b3a7,base
A2GJCL7GRXIJ7R,2,2,retest,1,state_nonfollows,state_nonfollows_context,behind,in front of,The window is BLANK Ali. Ali throws the baseball forward. The window doesn't break.,68b5a14f-4ab8-5004-be44-4f48b83e0e31,base
A2GJCL7GRXIJ7R,2,2,retest,0,action_follows,action_follows_context,floor,table,The wine glass is on the BLANK. Ali bumps the wine glass. The wine spills on the floor.,09236428-50c5-59b2-90d1-53711d6c7795,base
A2GJCL7GRXIJ7R,2,2,retest,1,state_nonfollows,state_nonfollows_target,dry,wet,The empty glass is on the table. Ali knocks the glass over. The table is BLANK.,03be173e-02aa-5a79-968a-ce8ea00117d3,base
A2GJCL7GRXIJ7R,2,2,retest,1,egocentric_near,egocentric_near_context,left,right,The painting is to Ali's BLANK. The painting is moved left. The painting is to Ali's right.,5eae654e-13dc-5485-8e29-6016fcf0bcc5,base
A2GJCL7GRXIJ7R,2,2,retest,1,action_nonfollows,action_nonfollows_target,doesn't spill,spills,The wine glass is on the table. Ali bumps the lamp. The wine BLANK.,44cb7648-b29b-5b98-992e-d7e249daa6b6,base
A2GJCL7GRXIJ7R,2,2,retest,0,egocentric_near,egocentric_near_target,right of,left of,Ali is right of the painting. Ali turns around. Ali is BLANK the painting.,ff50283a-6025-5358-9f0a-de831120e8dc,base
A2GJCL7GRXIJ7R,2,2,retest,1,egocentric_distant,egocentric_distant_context,in front of,behind,Chicago is BLANK Ali. Ali turns left. Chicago is right of Ali.,caa99020-6057-5d4a-ba54-c6262b93fbd6,base
A2GJCL7GRXIJ7R,2,2,retest,1,egocentric_distant,egocentric_distant_target,left of,right of,Chicago is in front of Ali. Ali turns right. Chicago is BLANK Ali.,b7458eb1-0f7d-5cf1-9d74-c4b391425177,base
A2GJCL7GRXIJ7R,2,2,retest,1,state_nonfollows,state_nonfollows_context,table,glass,The glass is on the floor. Ali bumps the BLANK. The glass doesn't break.,873aedce-860e-576f-9741-9398d6d6f2eb,base
A2GJCL7GRXIJ7R,2,2,retest,1,state_nonfollows,state_nonfollows_target,doesn't break,breaks,The window is behind Ali. Ali throws the baseball forward. The window BLANK.,96eb93cd-1931-5621-9a9a-b0c1f0145281,base
A2GJCL7GRXIJ7R,2,2,retest,1,state_follows,state_follows_context,5 minutes,1 month,The wall was painted BLANK ago. Ali touches the wall. Ali's hand is painted.,58907312-5ecd-56cf-9d0c-b08e912cefd9,base
A2GJCL7GRXIJ7R,2,2,retest,1,state_nonfollows,state_nonfollows_context,sand,water,The cup is empty. Ali pours BLANK in the cup. The cup is dry.,2a40e046-fe88-5ea9-b0a5-e06a55f09649,base
A2GJCL7GRXIJ7R,2,2,retest,0,state_nonfollows,state_nonfollows_target,doesn't break,breaks,The brick is on the table. Ali bumps the brick off the table. The brick BLANK.,0a07145e-59b3-581f-bd0a-86eff289a0ce,base
A2GJCL7GRXIJ7R,2,2,retest,1,action_nonfollows,action_nonfollows_target,close to,far from,The ball is close to Ali. Ali throws the box. The ball is BLANK Ali.,2afb6b5d-8e71-5ce2-97bd-e6d6b6d6e4bf,base
A2GJCL7GRXIJ7R,2,2,retest,0,action_follows,action_follows_context,in front of,behind,Ali is BLANK the wagon. Ali pulls on the wagon. The wagon moves.,bf03a4f6-7f78-5d3b-935b-023b8abf081d,base
A2GJCL7GRXIJ7R,2,2,retest,0,egocentric_near,egocentric_near_context,right,left,The painting is to Ali's BLANK. The painting is moved right. The painting is to Ali's right.,62cd0646-56c3-54a3-b533-01c5754318f3,base
A2GJCL7GRXIJ7R,2,2,retest,0,action_follows,action_follows_target,table,floor,The wine glass is on the table. The wine glass falls over. The wine spills on the BLANK.,8a00bd55-84cc-51cb-837b-fe6192ad4334,base
A2GJCL7GRXIJ7R,2,2,retest,0,egocentric_distant,egocentric_distant_context,away from,towards,Ali is facing BLANK Chicago. Ali turns left. Chicago is left of Ali.,da7ca003-81b2-5c22-8a25-edaf430f013d,base
A2GJCL7GRXIJ7R,2,2,retest,1,egocentric_near,egocentric_near_context,left,right,The painting is BLANK of Ali. Ali turns right. The painting is behind Ali.,1f28c430-b30e-55c9-bcff-fabf755392f2,base
A2GJCL7GRXIJ7R,2,2,retest,0,action_nonfollows,action_nonfollows_target,close to,far from,The bowling ball is close to Ali. Ali throws the bowling ball. The bowling ball is BLANK Ali.,d7036c0b-8b82-5d23-a012-57ae1b59e7bc,base
A2GJCL7GRXIJ7R,2,2,retest,0,egocentric_near,egocentric_near_context,right of,left of,Ali is BLANK the painting. Ali turns around. Ali is right of the painting.,dddb2cfa-31e1-5083-8686-43d95ab369ea,base
A2GJCL7GRXIJ7R,2,2,retest,1,egocentric_distant,egocentric_distant_target,right of,left of,Chicago is left of Ali. Ali turns around. Chicago is BLANK Ali.,d0c74fc1-5415-5c34-82c4-0883d87ab239,base
A2GJCL7GRXIJ7R,2,2,retest,1,egocentric_near,egocentric_near_target,behind,in front of,The painting is right of Ali. Ali turns left. The painting is BLANK Ali.,3a1992c7-e8c1-55ab-843c-616cf72ae3d9,base
A2GJCL7GRXIJ7R,2,2,retest,1,egocentric_distant,egocentric_distant_context,away from,towards,Ali is facing BLANK Milwaukee. Ali turns around. Ali is facing towards Milwaukee.,897eee6e-d0a7-51a3-828a-bd3ec8339e5e,base
A2GJCL7GRXIJ7R,2,2,retest,1,egocentric_distant,egocentric_distant_context,away from,towards,Ali is facing BLANK Milwaukee. Ali turns around. Ali is facing towards Milwaukee.,897eee6e-d0a7-51a3-828a-bd3ec8339e5e,base
A2GJCL7GRXIJ7R,2,2,retest,0,egocentric_distant,egocentric_distant_target,right of,left of,Ali is facing away from Chicago. Ali turns right. Chicago is BLANK Ali.,ab3abdc8-bc90-5780-b8cb-2b0fb3ad02ff,base
A2GJCL7GRXIJ7R,2,2,retest,0,egocentric_distant,egocentric_distant_target,right of,left of,Ali is facing away from Chicago. Ali turns right. Chicago is BLANK Ali.,ab3abdc8-bc90-5780-b8cb-2b0fb3ad02ff,base
A2GJCL7GRXIJ7R,2,2,retest,0,action_nonfollows,action_nonfollows_target,moves,doesn't move,The glass is on the table and the cup is on the floor. Ali picks up the glass. The cup BLANK.,aca6ce57-66cc-5a28-8b0c-b55d84cbbeb5,base
A2GJCL7GRXIJ7R,2,2,retest,0,action_nonfollows,action_nonfollows_target,moves,doesn't move,The glass is on the table and the cup is on the floor. Ali picks up the glass. The cup BLANK.,aca6ce57-66cc-5a28-8b0c-b55d84cbbeb5,base
A2GJCL7GRXIJ7R,2,2,retest,1,egocentric_distant,egocentric_distant_target,right of,left of,Ali is facing Chicago. Ali turns left. Chicago is BLANK Ali.,2e25e5be-8490-556a-a672-80c670675704,base
A2GJCL7GRXIJ7R,2,2,retest,1,egocentric_distant,egocentric_distant_target,right of,left of,Ali is facing Chicago. Ali turns left. Chicago is BLANK Ali.,2e25e5be-8490-556a-a672-80c670675704,base
A2GJCL7GRXIJ7R,2,2,retest,1,action_nonfollows,action_nonfollows_target,doesn't move,moves,The book is under the table. Ali moves the table. The book BLANK.,5859e8ff-6125-598f-b093-8490c86f6e42,base
A2GJCL7GRXIJ7R,2,2,retest,1,action_nonfollows,action_nonfollows_target,doesn't move,moves,The book is under the table. Ali moves the table. The book BLANK.,5859e8ff-6125-598f-b093-8490c86f6e42,base
A2GJCL7GRXIJ7R,2,2,retest,1,egocentric_near,egocentric_near_context,right,left,The painting is BLANK of Ali. Ali turns right. The painting is in front of Ali.,a4994f26-9ec4-577d-ba9a-8dcdae74b3a7,base
A2GJCL7GRXIJ7R,2,2,retest,1,egocentric_near,egocentric_near_context,right,left,The painting is BLANK of Ali. Ali turns right. The painting is in front of Ali.,a4994f26-9ec4-577d-ba9a-8dcdae74b3a7,base
A2GJCL7GRXIJ7R,2,2,retest,1,state_nonfollows,state_nonfollows_context,behind,in front of,The window is BLANK Ali. Ali throws the baseball forward. The window doesn't break.,68b5a14f-4ab8-5004-be44-4f48b83e0e31,base
A2GJCL7GRXIJ7R,2,2,retest,1,state_nonfollows,state_nonfollows_context,behind,in front of,The window is BLANK Ali. Ali throws the baseball forward. The window doesn't break.,68b5a14f-4ab8-5004-be44-4f48b83e0e31,base
A2GJCL7GRXIJ7R,2,2,retest,0,action_follows,action_follows_context,floor,table,The wine glass is on the BLANK. Ali bumps the wine glass. The wine spills on the floor.,09236428-50c5-59b2-90d1-53711d6c7795,base
A2GJCL7GRXIJ7R,2,2,retest,0,action_follows,action_follows_context,floor,table,The wine glass is on the BLANK. Ali bumps the wine glass. The wine spills on the floor.,09236428-50c5-59b2-90d1-53711d6c7795,base
A2GJCL7GRXIJ7R,2,2,retest,0,egocentric_near,egocentric_near_context,left,right,The painting is to Ali's BLANK. The painting is moved left. The painting is to Ali's right.,5eae654e-13dc-5485-8e29-6016fcf0bcc5,base
A2GJCL7GRXIJ7R,2,2,retest,0,egocentric_near,egocentric_near_context,left,right,The painting is to Ali's BLANK. The painting is moved left. The painting is to Ali's right.,5eae654e-13dc-5485-8e29-6016fcf0bcc5,base
A2GJCL7GRXIJ7R,2,2,retest,1,egocentric_near,egocentric_near_target,right of,left of,Ali is right of the painting. Ali turns around. Ali is BLANK the painting.,ff50283a-6025-5358-9f0a-de831120e8dc,base
A2GJCL7GRXIJ7R,2,2,retest,1,egocentric_near,egocentric_near_target,right of,left of,Ali is right of the painting. Ali turns around. Ali is BLANK the painting.,ff50283a-6025-5358-9f0a-de831120e8dc,base
A2GJCL7GRXIJ7R,2,2,retest,1,state_nonfollows,state_nonfollows_target,doesn't break,breaks,The brick is on the table. Ali bumps the brick off the table. The brick BLANK.,0a07145e-59b3-581f-bd0a-86eff289a0ce,base
A2GJCL7GRXIJ7R,2,2,retest,1,state_nonfollows,state_nonfollows_target,doesn't break,breaks,The brick is on the table. Ali bumps the brick off the table. The brick BLANK.,0a07145e-59b3-581f-bd0a-86eff289a0ce,base
A2GJCL7GRXIJ7R,2,2,retest,1,action_nonfollows,action_nonfollows_target,close to,far from,The ball is close to Ali. Ali throws the box. The ball is BLANK Ali.,2afb6b5d-8e71-5ce2-97bd-e6d6b6d6e4bf,base
A2GJCL7GRXIJ7R,2,2,retest,1,action_nonfollows,action_nonfollows_target,close to,far from,The ball is close to Ali. Ali throws the box. The ball is BLANK Ali.,2afb6b5d-8e71-5ce2-97bd-e6d6b6d6e4bf,base
A2GJCL7GRXIJ7R,2,2,retest,0,action_follows,action_follows_context,in front of,behind,Ali is BLANK the wagon. Ali pulls on the wagon. The wagon moves.,bf03a4f6-7f78-5d3b-935b-023b8abf081d,base
A2GJCL7GRXIJ7R,2,2,retest,0,action_follows,action_follows_context,in front of,behind,Ali is BLANK the wagon. Ali pulls on the wagon. The wagon moves.,bf03a4f6-7f78-5d3b-935b-023b8abf081d,base
A2GJCL7GRXIJ7R,2,2,retest,0,egocentric_near,egocentric_near_context,right,left,The painting is to Ali's BLANK. The painting is moved right. The painting is to Ali's right.,62cd0646-56c3-54a3-b533-01c5754318f3,base
A2GJCL7GRXIJ7R,2,2,retest,0,egocentric_near,egocentric_near_context,right,left,The painting is to Ali's BLANK. The painting is moved right. The painting is to Ali's right.,62cd0646-56c3-54a3-b533-01c5754318f3,base
A2GJCL7GRXIJ7R,2,2,retest,0,action_follows,action_follows_target,table,floor,The wine glass is on the table. The wine glass falls over. The wine spills on the BLANK.,8a00bd55-84cc-51cb-837b-fe6192ad4334,base
A2GJCL7GRXIJ7R,2,2,retest,0,action_follows,action_follows_target,table,floor,The wine glass is on the table. The wine glass falls over. The wine spills on the BLANK.,8a00bd55-84cc-51cb-837b-fe6192ad4334,base
A2GJCL7GRXIJ7R,2,2,retest,1,egocentric_distant,egocentric_distant_context,away from,towards,Ali is facing BLANK Chicago. Ali turns left. Chicago is left of Ali.,da7ca003-81b2-5c22-8a25-edaf430f013d,base
A2GJCL7GRXIJ7R,2,2,retest,1,egocentric_distant,egocentric_distant_context,away from,towards,Ali is facing BLANK Chicago. Ali turns left. Chicago is left of Ali.,da7ca003-81b2-5c22-8a25-edaf430f013d,base
A2GJCL7GRXIJ7R,2,2,retest,1,egocentric_near,egocentric_near_context,left,right,The painting is BLANK of Ali. Ali turns right. The painting is behind Ali.,1f28c430-b30e-55c9-bcff-fabf755392f2,base
A2GJCL7GRXIJ7R,2,2,retest,1,egocentric_near,egocentric_near_context,left,right,The painting is BLANK of Ali. Ali turns right. The painting is behind Ali.,1f28c430-b30e-55c9-bcff-fabf755392f2,base
A2GJCL7GRXIJ7R,2,2,retest,0,action_nonfollows,action_nonfollows_target,close to,far from,The bowling ball is close to Ali. Ali throws the bowling ball. The bowling ball is BLANK Ali.,d7036c0b-8b82-5d23-a012-57ae1b59e7bc,base
A2GJCL7GRXIJ7R,2,2,retest,0,action_nonfollows,action_nonfollows_target,close to,far from,The bowling ball is close to Ali. Ali throws the bowling ball. The bowling ball is BLANK Ali.,d7036c0b-8b82-5d23-a012-57ae1b59e7bc,base
A2GJCL7GRXIJ7R,2,2,retest,0,egocentric_near,egocentric_near_context,right of,left of,Ali is BLANK the painting. Ali turns around. Ali is right of the painting.,dddb2cfa-31e1-5083-8686-43d95ab369ea,base
A2GJCL7GRXIJ7R,2,2,retest,0,egocentric_near,egocentric_near_context,right of,left of,Ali is BLANK the painting. Ali turns around. Ali is right of the painting.,dddb2cfa-31e1-5083-8686-43d95ab369ea,base
A2GJCL7GRXIJ7R,2,2,retest,0,egocentric_distant,egocentric_distant_target,right of,left of,Chicago is left of Ali. Ali turns around. Chicago is BLANK Ali.,d0c74fc1-5415-5c34-82c4-0883d87ab239,base
A2GJCL7GRXIJ7R,2,2,retest,0,egocentric_distant,egocentric_distant_target,right of,left of,Chicago is left of Ali. Ali turns around. Chicago is BLANK Ali.,d0c74fc1-5415-5c34-82c4-0883d87ab239,base
A2JOPJFFS04YBE,2,5,retest,0,geocentric_near,geocentric_near_context,West of,North of,The painting is BLANK Ali. Ali turns right. The painting is West of Ali.,df69c89a-abfd-5c88-b5fa-7baaa5a6d4de,base
A2JOPJFFS04YBE,2,5,retest,1,geocentric_distant,geocentric_distant_context,North of,West of,Milwaukee is BLANK Ali. Ali turns left. Milwaukee is North of Ali.,77cc2803-02b1-54af-a10d-fb663433d4ec,base
A2JOPJFFS04YBE,2,5,retest,1,geocentric_distant,geocentric_distant_context,East,West,Ali is BLANK of Milwaukee. Ali walks West. Ali is getting closer to Milwaukee.,ecba7770-0edf-5558-834c-89382aa91d3c,base
A2JOPJFFS04YBE,2,5,retest,0,geocentric_near,geocentric_near_target,North of,East of,The statue is North of Ali. Ali walks West. The statue is BLANK of Ali.,509b8364-1a32-5e7f-93c8-449b551718c5,base
A2JOPJFFS04YBE,2,5,retest,1,geocentric_distant,geocentric_distant_context,West of,South of,Milwaukee is BLANK Ali. Ali turns left. Milwaukee is West of Ali.,aeefbdde-433a-5ea8-93fd-c5b5c1788a6e,base
A2JOPJFFS04YBE,2,5,retest,0,geocentric_distant,geocentric_distant_context,South,North,Ali is BLANK of Milwaukee. Ali walks South. Ali is getting further from Milwaukee.,d254416b-1414-500b-a96f-e13cb28c20dc,base
A2JOPJFFS04YBE,2,5,retest,1,geocentric_near,geocentric_near_target,South of,North of,The painting is South of Ali. Ali turns around. The painting is BLANK Ali.,de7d1dc5-03dc-52ca-8424-ff56dbd5e0d7,base
A2JOPJFFS04YBE,2,5,retest,0,geocentric_near,geocentric_near_target,South of,West of,The painting is South of Ali. Ali turns right. The painting is BLANK Ali.,210a7a1b-215f-574d-96be-bb4575d7df97,base
A2JOPJFFS04YBE,2,5,retest,1,geocentric_distant,geocentric_distant_target,North of,West of,Milwaukee is North of Ali. Ali turns left. Milwaukee is BLANK Ali.,4ec6ce58-d4e5-5258-9721-9abd60a41155,base
A2JOPJFFS04YBE,2,5,retest,0,geocentric_distant,geocentric_distant_target,North of,South of,Milwaukee is North of Ali. Ali turns around. Milwaukee is BLANK Ali.,5ee8a7e5-a2c1-5a21-b180-f0a7a538e6be,base
A2JOPJFFS04YBE,2,5,retest,1,geocentric_near,geocentric_near_target,North of,South of,The box is North of Ali. Ali turns around. The box is BLANK Ali.,ba1c054b-7213-5f8e-bf33-019a9a67c091,base
A2JOPJFFS04YBE,2,5,retest,1,geocentric_near,geocentric_near_target,West of,North of,The painting is West of Ali. Ali turns right. The painting is BLANK Ali.,9d469069-c214-567d-a48d-359883082244,base
A2JOPJFFS04YBE,2,5,retest,1,geocentric_near,geocentric_near_context,North of,South of,The box is BLANK Ali. Ali turns around. The box is North of Ali.,cdb36630-3e0a-5c82-9cdf-40f72ff02544,base
A2JOPJFFS04YBE,2,5,retest,1,geocentric_near,geocentric_near_context,West of,East of,The painting is BLANK of Ali. Ali turns around. The painting is West of Ali.,a22b454f-f1c2-51cf-a7f3-f1d55dc1383d,base
A2JOPJFFS04YBE,2,5,retest,1,geocentric_near,geocentric_near_context,East of,South of,The statue is BLANK Ali. Ali walks North. The statue is East of Ali.,c0571aef-9e9a-5c28-8136-16cf5969f8c4,base
A2JOPJFFS04YBE,2,5,retest,1,geocentric_distant,geocentric_distant_target,West of,North of,Milwaukee is West of Ali. Ali turns right. Milwaukee is BLANK Ali.,ab393531-7a45-54be-8745-da5f51d0a854,base
A2JOPJFFS04YBE,2,5,retest,1,geocentric_near,geocentric_near_context,South of,West of,The statue is BLANK Ali. Ali walks East. The statue is South of Ali.,8252c422-568f-56ae-a206-72dd86dd7b40,base
A2JOPJFFS04YBE,2,5,retest,0,geocentric_distant,geocentric_distant_context,South,North,Ali is BLANK of Milwaukee. Ali walks North. Ali is getting closer to Milwaukee.,10ca4a05-1305-559c-8e2c-dfbf1794f86d,base
A2JOPJFFS04YBE,2,5,retest,0,geocentric_near,geocentric_near_context,South of,East of,The painting is BLANK Ali. Ali turns left. The painting is South of Ali.,b470477e-c9cf-5a97-a47c-98dd08229c8e,base
A2JOPJFFS04YBE,2,5,retest,1,geocentric_near,geocentric_near_target,North of,West of,The statue is North of Ali. Ali walks East. The statue is BLANK of Ali.,53b9d39a-77d2-590e-9013-2041416cf80e,base
A2JOPJFFS04YBE,2,5,retest,1,geocentric_distant,geocentric_distant_context,South of,East of,Milwaukee is BLANK Ali. Ali turns left. Milwaukee is South of Ali.,5d911c67-0b83-55ee-8134-8ce38b110d99,base
A2JOPJFFS04YBE,2,5,retest,1,geocentric_near,geocentric_near_target,North of,West of,The painting is North of Ali. Ali turns left. The painting is BLANK Ali.,bdee18b4-ee23-5b20-bae4-65648a17a7e7,base
A2JOPJFFS04YBE,2,5,retest,1,geocentric_distant,geocentric_distant_context,West of,North of,Milwaukee is BLANK Ali. Ali turns right. Milwaukee is West of Ali.,20c122a7-ab2c-5966-b297-c5040adfe23e,base
A2JOPJFFS04YBE,2,5,retest,1,geocentric_near,geocentric_near_target,West of,North of,The statue is West of Ali. Ali walks South. The statue is BLANK of Ali.,b98ce98d-a5c6-5c6e-92a3-473ae5b1df40,base
A2JOPJFFS04YBE,2,5,retest,1,geocentric_near,geocentric_near_context,North of,West of,The painting is BLANK Ali. Ali turns left. The painting is North of Ali.,6e349340-1734-5b6c-94b3-79765fdef94d,base
A2JOPJFFS04YBE,2,5,retest,1,geocentric_near,geocentric_near_context,East of,North of,The painting is BLANK Ali. Ali turns left. The painting is East of Ali.,6739b82c-779d-5d65-91f9-d9be398a0575,base
A2JOPJFFS04YBE,2,5,retest,1,geocentric_distant,geocentric_distant_context,West of,East of,Milwaukee is BLANK Ali. Ali turns around. Milwaukee is West of Ali.,5971347d-237f-515b-b782-01ff47f5650a,base
A2JOPJFFS04YBE,2,5,retest,1,geocentric_distant,geocentric_distant_target,East of,South of,Milwaukee is East of Ali. Ali turns right. Milwaukee is BLANK Ali.,ce49bac3-2edd-5319-8db6-9c23dcaffb9e,base
A2JOPJFFS04YBE,2,5,retest,1,geocentric_distant,geocentric_distant_context,East,West,Ali is BLANK of Milwaukee. Ali walks East. Ali is getting further from Milwaukee.,d49f1d3c-5027-5233-ac07-8710c3e3b449,base
A2JOPJFFS04YBE,2,5,retest,1,geocentric_near,geocentric_near_target,East of,North of,The painting is East of Ali. Ali turns left. The painting is BLANK Ali.,1524fa21-bce4-5af0-9fdc-6a1ff52e8db6,base
A2JOPJFFS04YBE,2,5,retest,1,geocentric_near,geocentric_near_context,West of,East of,The box is BLANK Ali. Ali turns around. The box is West of Ali.,54597470-4866-5387-8c1a-5629d30b67d7,base
A2JOPJFFS04YBE,2,5,retest,1,geocentric_near,geocentric_near_target,East of,South of,The statue is East of Ali. Ali walks North. The statue is BLANK of Ali.,84f02edd-6bd8-5f19-8279-4ada591a8a0b,base
A2JOPJFFS04YBE,2,5,retest,1,geocentric_near,geocentric_near_target,West of,East of,The painting is West of Ali. Ali turns around. The painting is BLANK Ali.,f40523d5-45d1-5f96-b162-ae6520bf7202,base
A2JOPJFFS04YBE,2,5,retest,1,geocentric_near,geocentric_near_context,West of,North of,The statue is BLANK Ali. Ali walks South. The statue is West of Ali.,53eb0547-cabf-5f87-bb4d-eeb9eb0e29ca,base
A2JOPJFFS04YBE,2,5,retest,0,geocentric_distant,geocentric_distant_target,further from,closer to,Ali is East of Milwaukee. Ali walks East. Ali is getting BLANK Milwaukee.,322374e3-84ec-5bc6-9a25-6ed40685fec2,base
A2JOPJFFS04YBE,2,5,retest,0,geocentric_distant,geocentric_distant_target,closer to,further from,Ali is South of Milwaukee. Ali walks North. Ali is getting BLANK Milwaukee.,21a31cff-69cd-5fb6-aa15-b02b298e738a,base
A2JOPJFFS04YBE,2,5,retest,1,geocentric_near,geocentric_near_context,South of,North of,The painting is BLANK Ali. Ali turns around. The painting is South of Ali.,57cc77e0-a299-5a13-85a3-20664a0f6ef1,base
A2JOPJFFS04YBE,2,5,retest,1,geocentric_distant,geocentric_distant_context,East of,South of,Milwaukee is BLANK Ali. Ali turns right. Milwaukee is East of Ali.,b9877f9e-1fa9-545f-ac6d-fe640fc90d29,base
A2JOPJFFS04YBE,2,5,retest,1,geocentric_near,geocentric_near_context,South of,North of,The box is BLANK Ali. Ali turns around. The box is South of Ali.,c571fc7a-710d-59d5-a140-4564ef29503a,base
A2JOPJFFS04YBE,2,5,retest,0,geocentric_near,geocentric_near_target,East,West,Mark is facing North. Mark turns 90 degrees to his right. Mark is facing BLANK.,4684617b-bc66-5458-84f2-0a4ff0a561ac,base
A2JOPJFFS04YBE,2,5,retest,1,geocentric_near,geocentric_near_target,South,North,Mark is facing East. Mark turns 90 degrees to his right. Mark is facing BLANK.,815c9fc1-43f2-5386-90fa-6c0db0268448,base
A2JOPJFFS04YBE,2,5,retest,1,geocentric_near,geocentric_near_context,West of,North of,The painting is BLANK Ali. Ali turns right. The painting is West of Ali.,df69c89a-abfd-5c88-b5fa-7baaa5a6d4de,base
A2JOPJFFS04YBE,2,5,retest,1,geocentric_near,geocentric_near_context,West of,North of,The painting is BLANK Ali. Ali turns right. The painting is West of Ali.,df69c89a-abfd-5c88-b5fa-7baaa5a6d4de,base
A2JOPJFFS04YBE,2,5,retest,0,geocentric_distant,geocentric_distant_context,East,West,Ali is BLANK of Milwaukee. Ali walks West. Ali is getting closer to Milwaukee.,ecba7770-0edf-5558-834c-89382aa91d3c,base
A2JOPJFFS04YBE,2,5,retest,0,geocentric_distant,geocentric_distant_context,East,West,Ali is BLANK of Milwaukee. Ali walks West. Ali is getting closer to Milwaukee.,ecba7770-0edf-5558-834c-89382aa91d3c,base
A2JOPJFFS04YBE,2,5,retest,1,geocentric_near,geocentric_near_target,North of,East of,The statue is North of Ali. Ali walks West. The statue is BLANK of Ali.,509b8364-1a32-5e7f-93c8-449b551718c5,base
A2JOPJFFS04YBE,2,5,retest,1,geocentric_near,geocentric_near_target,North of,East of,The statue is North of Ali. Ali walks West. The statue is BLANK of Ali.,509b8364-1a32-5e7f-93c8-449b551718c5,base
A2JOPJFFS04YBE,2,5,retest,0,geocentric_distant,geocentric_distant_context,South,North,Ali is BLANK of Milwaukee. Ali walks South. Ali is getting further from Milwaukee.,d254416b-1414-500b-a96f-e13cb28c20dc,base
A2JOPJFFS04YBE,2,5,retest,0,geocentric_distant,geocentric_distant_context,South,North,Ali is BLANK of Milwaukee. Ali walks South. Ali is getting further from Milwaukee.,d254416b-1414-500b-a96f-e13cb28c20dc,base
A2JOPJFFS04YBE,2,5,retest,0,geocentric_near,geocentric_near_target,South of,North of,The painting is South of Ali. Ali turns around. The painting is BLANK Ali.,de7d1dc5-03dc-52ca-8424-ff56dbd5e0d7,base
A2JOPJFFS04YBE,2,5,retest,0,geocentric_near,geocentric_near_target,South of,North of,The painting is South of Ali. Ali turns around. The painting is BLANK Ali.,de7d1dc5-03dc-52ca-8424-ff56dbd5e0d7,base
A2JOPJFFS04YBE,2,5,retest,1,geocentric_near,geocentric_near_target,South of,West of,The painting is South of Ali. Ali turns right. The painting is BLANK Ali.,210a7a1b-215f-574d-96be-bb4575d7df97,base
A2JOPJFFS04YBE,2,5,retest,1,geocentric_near,geocentric_near_target,South of,West of,The painting is South of Ali. Ali turns right. The painting is BLANK Ali.,210a7a1b-215f-574d-96be-bb4575d7df97,base
A2JOPJFFS04YBE,2,5,retest,0,geocentric_distant,geocentric_distant_target,North of,South of,Milwaukee is North of Ali. Ali turns around. Milwaukee is BLANK Ali.,5ee8a7e5-a2c1-5a21-b180-f0a7a538e6be,base
A2JOPJFFS04YBE,2,5,retest,0,geocentric_distant,geocentric_distant_target,North of,South of,Milwaukee is North of Ali. Ali turns around. Milwaukee is BLANK Ali.,5ee8a7e5-a2c1-5a21-b180-f0a7a538e6be,base
A2JOPJFFS04YBE,2,5,retest,0,geocentric_near,geocentric_near_target,West of,North of,The painting is West of Ali. Ali turns right. The painting is BLANK Ali.,9d469069-c214-567d-a48d-359883082244,base
A2JOPJFFS04YBE,2,5,retest,0,geocentric_near,geocentric_near_target,West of,North of,The painting is West of Ali. Ali turns right. The painting is BLANK Ali.,9d469069-c214-567d-a48d-359883082244,base
A2JOPJFFS04YBE,2,5,retest,0,geocentric_near,geocentric_near_context,North of,South of,The box is BLANK Ali. Ali turns around. The box is North of Ali.,cdb36630-3e0a-5c82-9cdf-40f72ff02544,base
A2JOPJFFS04YBE,2,5,retest,0,geocentric_near,geocentric_near_context,North of,South of,The box is BLANK Ali. Ali turns around. The box is North of Ali.,cdb36630-3e0a-5c82-9cdf-40f72ff02544,base
A2JOPJFFS04YBE,2,5,retest,1,geocentric_distant,geocentric_distant_context,South,North,Ali is BLANK of Milwaukee. Ali walks North. Ali is getting closer to Milwaukee.,10ca4a05-1305-559c-8e2c-dfbf1794f86d,base
A2JOPJFFS04YBE,2,5,retest,1,geocentric_distant,geocentric_distant_context,South,North,Ali is BLANK of Milwaukee. Ali walks North. Ali is getting closer to Milwaukee.,10ca4a05-1305-559c-8e2c-dfbf1794f86d,base
A2JOPJFFS04YBE,2,5,retest,0,geocentric_near,geocentric_near_context,South of,East of,The painting is BLANK Ali. Ali turns left. The painting is South of Ali.,b470477e-c9cf-5a97-a47c-98dd08229c8e,base
A2JOPJFFS04YBE,2,5,retest,0,geocentric_near,geocentric_near_context,South of,East of,The painting is BLANK Ali. Ali turns left. The painting is South of Ali.,b470477e-c9cf-5a97-a47c-98dd08229c8e,base
A2JOPJFFS04YBE,2,5,retest,1,geocentric_near,geocentric_near_target,North of,West of,The statue is North of Ali. Ali walks East. The statue is BLANK of Ali.,53b9d39a-77d2-590e-9013-2041416cf80e,base
A2JOPJFFS04YBE,2,5,retest,1,geocentric_near,geocentric_near_target,North of,West of,The statue is North of Ali. Ali walks East. The statue is BLANK of Ali.,53b9d39a-77d2-590e-9013-2041416cf80e,base
A2JOPJFFS04YBE,2,5,retest,0,geocentric_distant,geocentric_distant_context,West of,North of,Milwaukee is BLANK Ali. Ali turns right. Milwaukee is West of Ali.,20c122a7-ab2c-5966-b297-c5040adfe23e,base
A2JOPJFFS04YBE,2,5,retest,0,geocentric_distant,geocentric_distant_context,West of,North of,Milwaukee is BLANK Ali. Ali turns right. Milwaukee is West of Ali.,20c122a7-ab2c-5966-b297-c5040adfe23e,base
A2JOPJFFS04YBE,2,5,retest,1,geocentric_near,geocentric_near_target,West of,North of,The statue is West of Ali. Ali walks South. The statue is BLANK of Ali.,b98ce98d-a5c6-5c6e-92a3-473ae5b1df40,base
A2JOPJFFS04YBE,2,5,retest,1,geocentric_near,geocentric_near_target,West of,North of,The statue is West of Ali. Ali walks South. The statue is BLANK of Ali.,b98ce98d-a5c6-5c6e-92a3-473ae5b1df40,base
A2JOPJFFS04YBE,2,5,retest,0,geocentric_near,geocentric_near_context,North of,West of,The painting is BLANK Ali. Ali turns left. The painting is North of Ali.,6e349340-1734-5b6c-94b3-79765fdef94d,base
A2JOPJFFS04YBE,2,5,retest,0,geocentric_near,geocentric_near_context,North of,West of,The painting is BLANK Ali. Ali turns left. The painting is North of Ali.,6e349340-1734-5b6c-94b3-79765fdef94d,base
A2JOPJFFS04YBE,2,5,retest,0,geocentric_near,geocentric_near_context,East of,North of,The painting is BLANK Ali. Ali turns left. The painting is East of Ali.,6739b82c-779d-5d65-91f9-d9be398a0575,base
A2JOPJFFS04YBE,2,5,retest,0,geocentric_near,geocentric_near_context,East of,North of,The painting is BLANK Ali. Ali turns left. The painting is East of Ali.,6739b82c-779d-5d65-91f9-d9be398a0575,base
A2JOPJFFS04YBE,2,5,retest,0,geocentric_distant,geocentric_distant_target,East of,South of,Milwaukee is East of Ali. Ali turns right. Milwaukee is BLANK Ali.,ce49bac3-2edd-5319-8db6-9c23dcaffb9e,base
A2JOPJFFS04YBE,2,5,retest,0,geocentric_distant,geocentric_distant_target,East of,South of,Milwaukee is East of Ali. Ali turns right. Milwaukee is BLANK Ali.,ce49bac3-2edd-5319-8db6-9c23dcaffb9e,base
A2JOPJFFS04YBE,2,5,retest,0,geocentric_near,geocentric_near_context,West of,East of,The box is BLANK Ali. Ali turns around. The box is West of Ali.,54597470-4866-5387-8c1a-5629d30b67d7,base
A2JOPJFFS04YBE,2,5,retest,0,geocentric_near,geocentric_near_context,West of,East of,The box is BLANK Ali. Ali turns around. The box is West of Ali.,54597470-4866-5387-8c1a-5629d30b67d7,base
A2JOPJFFS04YBE,2,5,retest,0,geocentric_near,geocentric_near_target,West of,East of,The painting is West of Ali. Ali turns around. The painting is BLANK Ali.,f40523d5-45d1-5f96-b162-ae6520bf7202,base
A2JOPJFFS04YBE,2,5,retest,0,geocentric_near,geocentric_near_target,West of,East of,The painting is West of Ali. Ali turns around. The painting is BLANK Ali.,f40523d5-45d1-5f96-b162-ae6520bf7202,base
A2JOPJFFS04YBE,2,5,retest,1,geocentric_near,geocentric_near_context,West of,North of,The statue is BLANK Ali. Ali walks South. The statue is West of Ali.,53eb0547-cabf-5f87-bb4d-eeb9eb0e29ca,base
A2JOPJFFS04YBE,2,5,retest,1,geocentric_near,geocentric_near_context,West of,North of,The statue is BLANK Ali. Ali walks South. The statue is West of Ali.,53eb0547-cabf-5f87-bb4d-eeb9eb0e29ca,base
A2JOPJFFS04YBE,2,5,retest,1,geocentric_distant,geocentric_distant_target,further from,closer to,Ali is East of Milwaukee. Ali walks East. Ali is getting BLANK Milwaukee.,322374e3-84ec-5bc6-9a25-6ed40685fec2,base
A2JOPJFFS04YBE,2,5,retest,1,geocentric_distant,geocentric_distant_target,further from,closer to,Ali is East of Milwaukee. Ali walks East. Ali is getting BLANK Milwaukee.,322374e3-84ec-5bc6-9a25-6ed40685fec2,base
A2JOPJFFS04YBE,2,5,retest,1,geocentric_distant,geocentric_distant_target,closer to,further from,Ali is South of Milwaukee. Ali walks North. Ali is getting BLANK Milwaukee.,21a31cff-69cd-5fb6-aa15-b02b298e738a,base
A2JOPJFFS04YBE,2,5,retest,1,geocentric_distant,geocentric_distant_target,closer to,further from,Ali is South of Milwaukee. Ali walks North. Ali is getting BLANK Milwaukee.,21a31cff-69cd-5fb6-aa15-b02b298e738a,base
A2JOPJFFS04YBE,2,5,retest,0,geocentric_near,geocentric_near_context,South of,North of,The box is BLANK Ali. Ali turns around. The box is South of Ali.,c571fc7a-710d-59d5-a140-4564ef29503a,base
A2JOPJFFS04YBE,2,5,retest,0,geocentric_near,geocentric_near_context,South of,North of,The box is BLANK Ali. Ali turns around. The box is South of Ali.,c571fc7a-710d-59d5-a140-4564ef29503a,base
A2JOPJFFS04YBE,2,5,retest,1,geocentric_near,geocentric_near_target,East,West,Mark is facing North. Mark turns 90 degrees to his right. Mark is facing BLANK.,4684617b-bc66-5458-84f2-0a4ff0a561ac,base
A2JOPJFFS04YBE,2,5,retest,1,geocentric_near,geocentric_near_target,East,West,Mark is facing North. Mark turns 90 degrees to his right. Mark is facing BLANK.,4684617b-bc66-5458-84f2-0a4ff0a561ac,base
A2YB18JHC2C7GF,2,2,retest,0,state_nonfollows,state_nonfollows_context,sand,water,The cup is empty. Ali pours BLANK in the cup. The cup is dry.,2a40e046-fe88-5ea9-b0a5-e06a55f09649,base
A2YB18JHC2C7GF,2,2,retest,1,egocentric_near,egocentric_near_context,right,left,The painting is to Ali's BLANK. The painting is moved right. The painting is to Ali's right.,62cd0646-56c3-54a3-b533-01c5754318f3,base
A2YB18JHC2C7GF,2,2,retest,1,egocentric_near,egocentric_near_target,in front of,behind,The painting is right of Ali. Ali turns right. The painting is BLANK Ali.,92ff8800-4b4e-5c66-a7d9-e034b5c0b4f7,base
A2YB18JHC2C7GF,2,2,retest,0,action_follows,action_follows_target,table,floor,The wine glass is on the table. The wine glass falls over. The wine spills on the BLANK.,8a00bd55-84cc-51cb-837b-fe6192ad4334,base
A2YB18JHC2C7GF,2,2,retest,0,egocentric_distant,egocentric_distant_context,away from,towards,Ali is facing BLANK Milwaukee. Ali turns around. Ali is facing towards Milwaukee.,897eee6e-d0a7-51a3-828a-bd3ec8339e5e,base
A2YB18JHC2C7GF,2,2,retest,1,state_nonfollows,state_nonfollows_target,doesn't break,breaks,The brick is on the table. Ali bumps the brick off the table. The brick BLANK.,0a07145e-59b3-581f-bd0a-86eff289a0ce,base
A2YB18JHC2C7GF,2,2,retest,0,action_nonfollows,action_nonfollows_target,moves,doesn't move,The glass is on the table and the cup is on the floor. Ali picks up the glass. The cup BLANK.,aca6ce57-66cc-5a28-8b0c-b55d84cbbeb5,base
A2YB18JHC2C7GF,2,2,retest,0,egocentric_distant,egocentric_distant_context,away from,towards,Ali is facing BLANK Chicago. Ali turns left. Chicago is left of Ali.,da7ca003-81b2-5c22-8a25-edaf430f013d,base
A2YB18JHC2C7GF,2,2,retest,0,action_follows,action_follows_context,floor,table,The wine glass is on the BLANK. Ali bumps the wine glass. The wine spills on the floor.,09236428-50c5-59b2-90d1-53711d6c7795,base
A2YB18JHC2C7GF,2,2,retest,1,egocentric_distant,egocentric_distant_target,right of,left of,Ali is facing away from Chicago. Ali turns right. Chicago is BLANK Ali.,ab3abdc8-bc90-5780-b8cb-2b0fb3ad02ff,base
A2YB18JHC2C7GF,2,2,retest,1,action_follows,action_follows_context,in front of,behind,Ali is BLANK the wagon. Ali pulls on the wagon. The wagon moves.,bf03a4f6-7f78-5d3b-935b-023b8abf081d,base
A2YB18JHC2C7GF,2,2,retest,0,egocentric_distant,egocentric_distant_target,right of,left of,Ali is facing Chicago. Ali turns left. Chicago is BLANK Ali.,2e25e5be-8490-556a-a672-80c670675704,base
A2YB18JHC2C7GF,2,2,retest,0,egocentric_distant,egocentric_distant_context,right,left,Milwaukee is to Ali's BLANK. Ali turns left. Ali is facing away from Milwaukee.,c197738c-2b0f-563f-a553-cbd2456d488a,base
A2YB18JHC2C7GF,2,2,retest,0,egocentric_near,egocentric_near_context,left,right,The painting is to Ali's BLANK. The painting is moved left. The painting is to Ali's right.,5eae654e-13dc-5485-8e29-6016fcf0bcc5,base
A2YB18JHC2C7GF,2,2,retest,1,action_nonfollows,action_nonfollows_target,doesn't spill,spills,The wine glass is on the table. Ali bumps the lamp. The wine BLANK.,44cb7648-b29b-5b98-992e-d7e249daa6b6,base
A2YB18JHC2C7GF,2,2,retest,0,state_nonfollows,state_nonfollows_context,behind,in front of,The window is BLANK Ali. Ali throws the baseball forward. The window doesn't break.,68b5a14f-4ab8-5004-be44-4f48b83e0e31,base
A2YB18JHC2C7GF,2,2,retest,1,action_nonfollows,action_nonfollows_target,close to,far from,The ball is close to Ali. Ali throws the box. The ball is BLANK Ali.,2afb6b5d-8e71-5ce2-97bd-e6d6b6d6e4bf,base
A2YB18JHC2C7GF,2,2,retest,1,action_nonfollows,action_nonfollows_target,close to,far from,The bowling ball is close to Ali. Ali throws the bowling ball. The bowling ball is BLANK Ali.,d7036c0b-8b82-5d23-a012-57ae1b59e7bc,base
A2YB18JHC2C7GF,2,2,retest,1,egocentric_near,egocentric_near_context,right of,left of,Ali is BLANK the painting. Ali turns around. Ali is right of the painting.,dddb2cfa-31e1-5083-8686-43d95ab369ea,base
A2YB18JHC2C7GF,2,2,retest,1,egocentric_distant,egocentric_distant_context,right of,left of,Chicago is BLANK Ali. Ali turns around. Chicago is left of Ali.,51131205-c4fb-50ee-89c0-28f617579e69,base
A2YB18JHC2C7GF,2,2,retest,1,state_follows,state_follows_context,5 minutes,1 month,The wall was painted BLANK ago. Ali touches the wall. Ali's hand is painted.,58907312-5ecd-56cf-9d0c-b08e912cefd9,base
A2YB18JHC2C7GF,2,2,retest,1,state_nonfollows,state_nonfollows_context,table,glass,The glass is on the floor. Ali bumps the BLANK. The glass doesn't break.,873aedce-860e-576f-9741-9398d6d6f2eb,base
A2YB18JHC2C7GF,2,2,retest,1,egocentric_distant,egocentric_distant_target,left of,right of,Chicago is in front of Ali. Ali turns right. Chicago is BLANK Ali.,b7458eb1-0f7d-5cf1-9d74-c4b391425177,base
A2YB18JHC2C7GF,2,2,retest,1,state_nonfollows,state_nonfollows_target,doesn't break,breaks,The window is behind Ali. Ali throws the baseball forward. The window BLANK.,96eb93cd-1931-5621-9a9a-b0c1f0145281,base
A2YB18JHC2C7GF,2,2,retest,1,egocentric_near,egocentric_near_context,right,left,The painting is BLANK of Ali. Ali turns right. The painting is in front of Ali.,a4994f26-9ec4-577d-ba9a-8dcdae74b3a7,base
A2YB18JHC2C7GF,2,2,retest,1,egocentric_distant,egocentric_distant_context,in front of,behind,Chicago is BLANK Ali. Ali turns left. Chicago is right of Ali.,caa99020-6057-5d4a-ba54-c6262b93fbd6,base
A2YB18JHC2C7GF,2,2,retest,1,egocentric_distant,egocentric_distant_target,right of,left of,Chicago is left of Ali. Ali turns around. Chicago is BLANK Ali.,d0c74fc1-5415-5c34-82c4-0883d87ab239,base
A2YB18JHC2C7GF,2,2,retest,1,state_nonfollows,state_nonfollows_target,doesn't break,breaks,The window is behind Ali and the wall is in front of Ali. Ali throws the baseball at the wall. The window BLANK.,93f6ca60-d035-5404-98d1-5cab22558138,base
A2YB18JHC2C7GF,2,2,retest,1,state_nonfollows,state_nonfollows_target,dry,wet,The empty glass is on the table. Ali knocks the glass over. The table is BLANK.,03be173e-02aa-5a79-968a-ce8ea00117d3,base
A2YB18JHC2C7GF,2,2,retest,1,egocentric_distant,egocentric_distant_target,left of,right of,Ali is facing Chicago. Ali turns right. Chicago is BLANK Ali.,dd671270-af76-5c47-b413-f83302e3de3a,base
A2YB18JHC2C7GF,2,2,retest,0,egocentric_near,egocentric_near_target,behind,in front of,The painting is right of Ali. Ali turns left. The painting is BLANK Ali.,3a1992c7-e8c1-55ab-843c-616cf72ae3d9,base
A2YB18JHC2C7GF,2,2,retest,1,action_nonfollows,action_nonfollows_target,doesn't move,moves,The book is under the table. Ali moves the table. The book BLANK.,5859e8ff-6125-598f-b093-8490c86f6e42,base
A2YB18JHC2C7GF,2,2,retest,1,egocentric_near,egocentric_near_context,left,right,The painting is BLANK of Ali. Ali turns right. The painting is behind Ali.,1f28c430-b30e-55c9-bcff-fabf755392f2,base
A2YB18JHC2C7GF,2,2,retest,0,egocentric_near,egocentric_near_target,right of,left of,Ali is right of the painting. Ali turns around. Ali is BLANK the painting.,ff50283a-6025-5358-9f0a-de831120e8dc,base
A2YB18JHC2C7GF,2,2,retest,1,state_nonfollows,state_nonfollows_context,sand,water,The cup is empty. Ali pours BLANK in the cup. The cup is dry.,2a40e046-fe88-5ea9-b0a5-e06a55f09649,base
A2YB18JHC2C7GF,2,2,retest,1,state_nonfollows,state_nonfollows_context,sand,water,The cup is empty. Ali pours BLANK in the cup. The cup is dry.,2a40e046-fe88-5ea9-b0a5-e06a55f09649,base
A2YB18JHC2C7GF,2,2,retest,1,action_follows,action_follows_target,table,floor,The wine glass is on the table. The wine glass falls over. The wine spills on the BLANK.,8a00bd55-84cc-51cb-837b-fe6192ad4334,base
A2YB18JHC2C7GF,2,2,retest,1,action_follows,action_follows_target,table,floor,The wine glass is on the table. The wine glass falls over. The wine spills on the BLANK.,8a00bd55-84cc-51cb-837b-fe6192ad4334,base
A2YB18JHC2C7GF,2,2,retest,1,egocentric_distant,egocentric_distant_context,away from,towards,Ali is facing BLANK Milwaukee. Ali turns around. Ali is facing towards Milwaukee.,897eee6e-d0a7-51a3-828a-bd3ec8339e5e,base
A2YB18JHC2C7GF,2,2,retest,1,egocentric_distant,egocentric_distant_context,away from,towards,Ali is facing BLANK Milwaukee. Ali turns around. Ali is facing towards Milwaukee.,897eee6e-d0a7-51a3-828a-bd3ec8339e5e,base
A2YB18JHC2C7GF,2,2,retest,1,state_nonfollows,state_nonfollows_target,doesn't break,breaks,The brick is on the table. Ali bumps the brick off the table. The brick BLANK.,0a07145e-59b3-581f-bd0a-86eff289a0ce,base
A2YB18JHC2C7GF,2,2,retest,1,state_nonfollows,state_nonfollows_target,doesn't break,breaks,The brick is on the table. Ali bumps the brick off the table. The brick BLANK.,0a07145e-59b3-581f-bd0a-86eff289a0ce,base
A2YB18JHC2C7GF,2,2,retest,0,action_nonfollows,action_nonfollows_target,moves,doesn't move,The glass is on the table and the cup is on the floor. Ali picks up the glass. The cup BLANK.,aca6ce57-66cc-5a28-8b0c-b55d84cbbeb5,base
A2YB18JHC2C7GF,2,2,retest,0,action_nonfollows,action_nonfollows_target,moves,doesn't move,The glass is on the table and the cup is on the floor. Ali picks up the glass. The cup BLANK.,aca6ce57-66cc-5a28-8b0c-b55d84cbbeb5,base
A2YB18JHC2C7GF,2,2,retest,0,egocentric_distant,egocentric_distant_context,away from,towards,Ali is facing BLANK Chicago. Ali turns left. Chicago is left of Ali.,da7ca003-81b2-5c22-8a25-edaf430f013d,base
A2YB18JHC2C7GF,2,2,retest,0,egocentric_distant,egocentric_distant_context,away from,towards,Ali is facing BLANK Chicago. Ali turns left. Chicago is left of Ali.,da7ca003-81b2-5c22-8a25-edaf430f013d,base
A2YB18JHC2C7GF,2,2,retest,0,action_follows,action_follows_context,floor,table,The wine glass is on the BLANK. Ali bumps the wine glass. The wine spills on the floor.,09236428-50c5-59b2-90d1-53711d6c7795,base
A2YB18JHC2C7GF,2,2,retest,0,action_follows,action_follows_context,floor,table,The wine glass is on the BLANK. Ali bumps the wine glass. The wine spills on the floor.,09236428-50c5-59b2-90d1-53711d6c7795,base
A2YB18JHC2C7GF,2,2,retest,0,egocentric_distant,egocentric_distant_target,right of,left of,Ali is facing away from Chicago. Ali turns right. Chicago is BLANK Ali.,ab3abdc8-bc90-5780-b8cb-2b0fb3ad02ff,base
A2YB18JHC2C7GF,2,2,retest,0,egocentric_distant,egocentric_distant_target,right of,left of,Ali is facing away from Chicago. Ali turns right. Chicago is BLANK Ali.,ab3abdc8-bc90-5780-b8cb-2b0fb3ad02ff,base
A2YB18JHC2C7GF,2,2,retest,1,egocentric_distant,egocentric_distant_target,right of,left of,Ali is facing Chicago. Ali turns left. Chicago is BLANK Ali.,2e25e5be-8490-556a-a672-80c670675704,base
A2YB18JHC2C7GF,2,2,retest,1,egocentric_distant,egocentric_distant_target,right of,left of,Ali is facing Chicago. Ali turns left. Chicago is BLANK Ali.,2e25e5be-8490-556a-a672-80c670675704,base
A2YB18JHC2C7GF,2,2,retest,1,egocentric_distant,egocentric_distant_context,right,left,Milwaukee is to Ali's BLANK. Ali turns left. Ali is facing away from Milwaukee.,c197738c-2b0f-563f-a553-cbd2456d488a,base
A2YB18JHC2C7GF,2,2,retest,1,egocentric_distant,egocentric_distant_context,right,left,Milwaukee is to Ali's BLANK. Ali turns left. Ali is facing away from Milwaukee.,c197738c-2b0f-563f-a553-cbd2456d488a,base
A2YB18JHC2C7GF,2,2,retest,0,egocentric_near,egocentric_near_context,left,right,The painting is to Ali's BLANK. The painting is moved left. The painting is to Ali's right.,5eae654e-13dc-5485-8e29-6016fcf0bcc5,base
A2YB18JHC2C7GF,2,2,retest,0,egocentric_near,egocentric_near_context,left,right,The painting is to Ali's BLANK. The painting is moved left. The painting is to Ali's right.,5eae654e-13dc-5485-8e29-6016fcf0bcc5,base
A2YB18JHC2C7GF,2,2,retest,0,state_nonfollows,state_nonfollows_context,behind,in front of,The window is BLANK Ali. Ali throws the baseball forward. The window doesn't break.,68b5a14f-4ab8-5004-be44-4f48b83e0e31,base
A2YB18JHC2C7GF,2,2,retest,0,state_nonfollows,state_nonfollows_context,behind,in front of,The window is BLANK Ali. Ali throws the baseball forward. The window doesn't break.,68b5a14f-4ab8-5004-be44-4f48b83e0e31,base
A2YB18JHC2C7GF,2,2,retest,0,egocentric_near,egocentric_near_context,right of,left of,Ali is BLANK the painting. Ali turns around. Ali is right of the painting.,dddb2cfa-31e1-5083-8686-43d95ab369ea,base
A2YB18JHC2C7GF,2,2,retest,0,egocentric_near,egocentric_near_context,right of,left of,Ali is BLANK the painting. Ali turns around. Ali is right of the painting.,dddb2cfa-31e1-5083-8686-43d95ab369ea,base
A2YB18JHC2C7GF,2,2,retest,1,state_follows,state_follows_context,5 minutes,1 month,The wall was painted BLANK ago. Ali touches the wall. Ali's hand is painted.,58907312-5ecd-56cf-9d0c-b08e912cefd9,base
A2YB18JHC2C7GF,2,2,retest,1,state_follows,state_follows_context,5 minutes,1 month,The wall was painted BLANK ago. Ali touches the wall. Ali's hand is painted.,58907312-5ecd-56cf-9d0c-b08e912cefd9,base
A2YB18JHC2C7GF,2,2,retest,1,state_nonfollows,state_nonfollows_context,table,glass,The glass is on the floor. Ali bumps the BLANK. The glass doesn't break.,873aedce-860e-576f-9741-9398d6d6f2eb,base
A2YB18JHC2C7GF,2,2,retest,1,state_nonfollows,state_nonfollows_context,table,glass,The glass is on the floor. Ali bumps the BLANK. The glass doesn't break.,873aedce-860e-576f-9741-9398d6d6f2eb,base
A2YB18JHC2C7GF,2,2,retest,1,egocentric_near,egocentric_near_context,right,left,The painting is BLANK of Ali. Ali turns right. The painting is in front of Ali.,a4994f26-9ec4-577d-ba9a-8dcdae74b3a7,base
A2YB18JHC2C7GF,2,2,retest,1,egocentric_near,egocentric_near_context,right,left,The painting is BLANK of Ali. Ali turns right. The painting is in front of Ali.,a4994f26-9ec4-577d-ba9a-8dcdae74b3a7,base
A2YB18JHC2C7GF,2,2,retest,0,egocentric_distant,egocentric_distant_context,in front of,behind,Chicago is BLANK Ali. Ali turns left. Chicago is right of Ali.,caa99020-6057-5d4a-ba54-c6262b93fbd6,base
A2YB18JHC2C7GF,2,2,retest,0,egocentric_distant,egocentric_distant_context,in front of,behind,Chicago is BLANK Ali. Ali turns left. Chicago is right of Ali.,caa99020-6057-5d4a-ba54-c6262b93fbd6,base
A2YB18JHC2C7GF,2,2,retest,0,egocentric_distant,egocentric_distant_target,left of,right of,Ali is facing Chicago. Ali turns right. Chicago is BLANK Ali.,dd671270-af76-5c47-b413-f83302e3de3a,base
A2YB18JHC2C7GF,2,2,retest,0,egocentric_distant,egocentric_distant_target,left of,right of,Ali is facing Chicago. Ali turns right. Chicago is BLANK Ali.,dd671270-af76-5c47-b413-f83302e3de3a,base
A2YB18JHC2C7GF,2,2,retest,1,egocentric_near,egocentric_near_target,behind,in front of,The painting is right of Ali. Ali turns left. The painting is BLANK Ali.,3a1992c7-e8c1-55ab-843c-616cf72ae3d9,base
A2YB18JHC2C7GF,2,2,retest,1,egocentric_near,egocentric_near_target,behind,in front of,The painting is right of Ali. Ali turns left. The painting is BLANK Ali.,3a1992c7-e8c1-55ab-843c-616cf72ae3d9,base
A2YB18JHC2C7GF,2,2,retest,1,egocentric_near,egocentric_near_context,left,right,The painting is BLANK of Ali. Ali turns right. The painting is behind Ali.,1f28c430-b30e-55c9-bcff-fabf755392f2,base
A2YB18JHC2C7GF,2,2,retest,1,egocentric_near,egocentric_near_context,left,right,The painting is BLANK of Ali. Ali turns right. The painting is behind Ali.,1f28c430-b30e-55c9-bcff-fabf755392f2,base
A2YB18JHC2C7GF,2,2,retest,0,egocentric_near,egocentric_near_target,right of,left of,Ali is right of the painting. Ali turns around. Ali is BLANK the painting.,ff50283a-6025-5358-9f0a-de831120e8dc,base
A2YB18JHC2C7GF,2,2,retest,0,egocentric_near,egocentric_near_target,right of,left of,Ali is right of the painting. Ali turns around. Ali is BLANK the painting.,ff50283a-6025-5358-9f0a-de831120e8dc,base
A36A780ODXBDEH,2,4,retest,0,geocentric_near,geocentric_near_target,East of,West of,The painting is East of Ali. Ali turns around. The painting is BLANK Ali.,039eef21-48ea-5f03-97a8-50099c8411f3,base
A36A780ODXBDEH,2,4,retest,1,geocentric_near,geocentric_near_context,West of,South of,The painting is BLANK Ali. Ali turns left. The painting is West of Ali.,6748370c-52c8-5597-b79f-c9a2e0e485d4,base
A36A780ODXBDEH,2,4,retest,1,geocentric_near,geocentric_near_context,East of,North of,The statue is BLANK Ali. Ali walks South. The statue is East of Ali.,654f3246-8a02-5b35-998c-05ad57e525bc,base
A36A780ODXBDEH,2,4,retest,1,geocentric_distant,geocentric_distant_target,closer to,further from,Ali is East of Milwaukee. Ali walks West. Ali is getting BLANK Milwaukee.,074db133-5b7c-5b64-bf17-595f0672a13e,base
A36A780ODXBDEH,2,4,retest,0,geocentric_distant,geocentric_distant_context,North of,East of,Milwaukee is BLANK Ali. Ali turns right. Milwaukee is North of Ali.,d1003ff7-62f8-5266-b577-0992f8f5f4a6,base
A36A780ODXBDEH,2,4,retest,0,geocentric_near,geocentric_near_target,North of,South of,The painting is North of Ali. Ali turns around. The painting is BLANK Ali.,64e3f33d-f1bb-5469-960d-6b974ada7e0a,base
A36A780ODXBDEH,2,4,retest,0,geocentric_near,geocentric_near_target,South of,North of,The box is South of Ali. Ali turns around. The box is BLANK Ali.,87863690-da01-5035-a227-bad8f7e6a8a3,base
A36A780ODXBDEH,2,4,retest,0,geocentric_near,geocentric_near_context,South of,West of,The painting is BLANK Ali. Ali turns right. The painting is South of Ali.,9066630c-6525-5574-b5bc-3cbff1f62ccd,base
A36A780ODXBDEH,2,4,retest,0,geocentric_distant,geocentric_distant_context,South of,North of,Milwaukee is BLANK Ali. Ali turns around. Milwaukee is South of Ali.,6f6037ad-89d1-53c6-9b58-e857b51d6d83,base
A36A780ODXBDEH,2,4,retest,1,geocentric_distant,geocentric_distant_target,Northeast,Southwest,Ali is directly North of Milwaukee. Ali walks East. Ali is BLANK Milwaukee.,6de916f2-8e10-52d0-8e30-7ae3dcd5aa73,base
A36A780ODXBDEH,2,4,retest,1,geocentric_near,geocentric_near_target,West,East,Mark is facing South. Mark turns 90 degrees to his right. Mark is facing BLANK.,6cfeef00-729e-52ba-985d-1252fd2428ed,base
A36A780ODXBDEH,2,4,retest,0,geocentric_distant,geocentric_distant_context,East of,West of,Milwaukee is BLANK Ali. Ali turns around. Milwaukee is East of Ali.,01d5a51d-7378-576b-aafc-5a45a1ffab63,base
A36A780ODXBDEH,2,4,retest,1,geocentric_distant,geocentric_distant_context,South,North,Ali is directly BLANK of Milwaukee. Ali walks West. Ali is Southwest of Milwaukee.,6fc3e325-93ce-5aec-bf73-393a4cdad0fd,base
A36A780ODXBDEH,2,4,retest,1,geocentric_distant,geocentric_distant_context,West,East,Milwaukee is BLANK of Ali. Ali walks West. Ali is getting closer to Milwaukee.,6cb3e4e3-1a79-542e-80fc-c7618ababd10,base
A36A780ODXBDEH,2,4,retest,1,geocentric_near,geocentric_near_target,South of,West of,The statue is South of Ali. Ali walks East. The statue is BLANK of Ali.,b41b1558-d83e-5607-b398-f85601d40e7e,base
A36A780ODXBDEH,2,4,retest,1,geocentric_near,geocentric_near_context,North of,West of,The statue is BLANK Ali. Ali walks East. The statue is North of Ali.,d07fd4d0-1e85-5fc3-8eeb-e7144e7bb5b6,base
A36A780ODXBDEH,2,4,retest,1,geocentric_distant,geocentric_distant_context,East of,North of,Milwaukee is BLANK Ali. Ali turns left. Milwaukee is East of Ali.,b1c9a0f0-680c-58c2-8a69-4c63ee969cad,base
A36A780ODXBDEH,2,4,retest,0,geocentric_distant,geocentric_distant_target,West of,East of,Milwaukee is West of Ali. Ali turns around. Milwaukee is BLANK Ali.,e6dd6cf2-8418-56eb-be84-4808492be4b9,base
A36A780ODXBDEH,2,4,retest,0,geocentric_distant,geocentric_distant_target,East of,West of,Milwaukee is East of Ali. Ali turns around. Milwaukee is BLANK Ali.,e71a3a3e-4266-5822-8098-4001479aa3d8,base
A36A780ODXBDEH,2,4,retest,1,geocentric_near,geocentric_near_context,South,North,Mark is facing BLANK. Mark turns 90 degrees to his right. Mark is facing West.,71d55d9d-7f72-50e7-9a53-e410341ef56d,base
A36A780ODXBDEH,2,4,retest,0,geocentric_distant,geocentric_distant_target,West of,South of,Milwaukee is West of Ali. Ali turns left. Milwaukee is BLANK Ali.,1dfa5edb-b651-5e4f-84d7-cbc32c618e98,base
A36A780ODXBDEH,2,4,retest,0,geocentric_distant,geocentric_distant_context,North of,South of,Milwaukee is BLANK Ali. Ali turns around. Milwaukee is North of Ali.,1c80ade4-3063-5830-8934-448a2e3ccdb3,base
A36A780ODXBDEH,2,4,retest,1,geocentric_distant,geocentric_distant_target,South,East of,Milwaukee is South of Ali. Ali turns left. Milwaukee is BLANK Ali.,244dbf50-7c56-53b3-a5e2-96526647c538,base
A36A780ODXBDEH,2,4,retest,0,geocentric_near,geocentric_near_target,West of,East of,The box is West of Ali. Ali turns around. The box is BLANK Ali.,424089ec-6146-5b3f-bd32-9565a5513fe0,base
A36A780ODXBDEH,2,4,retest,0,geocentric_distant,geocentric_distant_target,South of,North of,Milwaukee is South of Ali. Ali turns around. Milwaukee is BLANK Ali.,0a0053eb-14a6-5355-ba4c-111aa119ddba,base
A36A780ODXBDEH,2,4,retest,1,geocentric_near,geocentric_near_target,East of,South of,The painting is East of Ali. Ali turns right. The painting is BLANK Ali.,47856cd0-4034-58db-b6c8-09eef76a40e4,base
A36A780ODXBDEH,2,4,retest,1,geocentric_near,geocentric_near_context,North of,East of,The statue is BLANK Ali. Ali walks West. The statue is North of Ali.,c8c0fe33-a72d-5683-9846-b72cf18312aa,base
A36A780ODXBDEH,2,4,retest,0,geocentric_near,geocentric_near_context,North of,South of,The painting is BLANK Ali. Ali turns around. The painting is North of Ali.,6f999144-fcd0-52e0-acea-ca152a4a32a9,base
A36A780ODXBDEH,2,4,retest,0,geocentric_near,geocentric_near_target,South of,East of,The painting is South of Ali. Ali turns left. The painting is BLANK Ali.,3d1c523b-903d-52c2-a5ef-c6868cafe157,base
A36A780ODXBDEH,2,4,retest,0,geocentric_near,geocentric_near_context,North of,East of,The painting is BLANK Ali. Ali turns right. The painting is North of Ali.,27cfaf60-c6de-5209-b4bb-2abcd703a542,base
A36A780ODXBDEH,2,4,retest,0,geocentric_near,geocentric_near_target,East of,West of,The box is East of Ali. Ali turns around. The box is BLANK Ali.,d85b86e6-538e-59bf-9eb9-7d30d754f01d,base
A36A780ODXBDEH,2,4,retest,0,geocentric_distant,geocentric_distant_target,North of,East of,Milwaukee is North of Ali. Ali turns right. Milwaukee is BLANK Ali.,477d44eb-6672-5eae-bebc-bd944786e92c,base
A36A780ODXBDEH,2,4,retest,0,geocentric_near,geocentric_near_target,North of,East of,The painting is North of Ali. Ali turns right. The painting is BLANK Ali.,83aaa4c2-ac51-5fc1-bda3-12bea9d4ee43,base
A36A780ODXBDEH,2,4,retest,0,geocentric_near,geocentric_near_context,East of,West of,The painting is BLANK of Ali. Ali turns around. The painting is East of Ali.,617ce912-b692-5ce2-acf4-9eabd9adc7e8,base
A36A780ODXBDEH,2,4,retest,1,geocentric_near,geocentric_near_target,East of,North of,The statue is East of Ali. Ali walks South. The statue is BLANK of Ali.,4e2ccb54-af98-56e1-8eb8-74bc46abf088,base
A36A780ODXBDEH,2,4,retest,0,geocentric_near,geocentric_near_context,East of,South of,The painting is BLANK Ali. Ali turns right. The painting is East of Ali.,bbe1c4e0-6ae6-53c2-8e3d-2d90016d6cde,base
A36A780ODXBDEH,2,4,retest,0,geocentric_near,geocentric_near_context,East of,West of,The box is BLANK Ali. Ali turns around. The box is East of Ali.,4ff80aaf-24a6-56a6-8436-4aafd349574d,base
A36A780ODXBDEH,2,4,retest,1,geocentric_near,geocentric_near_context,West,East,Mark is facing BLANK. Mark turns 90 degrees to his right. Mark is facing North.,bfd08d04-41bc-5f32-a1fd-873972891edb,base
A36A780ODXBDEH,2,4,retest,1,geocentric_near,geocentric_near_target,West of,South of,The statue is West of Ali. Ali walks North. The statue is BLANK of Ali.,b9f30b99-3fb3-5807-a2ec-bbe349b45d3a,base
A36A780ODXBDEH,2,4,retest,0,geocentric_distant,geocentric_distant_context,South of,West of,Milwaukee is BLANK Ali. Ali turns right. Milwaukee is South of Ali.,bf2af8a4-eb41-5828-869b-c6b1138f2890,base
A36A780ODXBDEH,2,4,retest,0,geocentric_near,geocentric_near_target,West of,South of,The painting is West of Ali. Ali turns left. The painting is BLANK Ali.,f296bfa3-3f6c-55b1-b35b-190dfe359ebd,base
A36A780ODXBDEH,2,4,retest,1,geocentric_near,geocentric_near_context,West of,South of,The statue is BLANK Ali. Ali walks North. The statue is West of Ali.,f5993fbe-e095-503a-8913-5bae1684dcbb,base
A36A780ODXBDEH,2,4,retest,0,geocentric_near,geocentric_near_target,East of,West of,The painting is East of Ali. Ali turns around. The painting is BLANK Ali.,039eef21-48ea-5f03-97a8-50099c8411f3,base
A36A780ODXBDEH,2,4,retest,0,geocentric_near,geocentric_near_target,East of,West of,The painting is East of Ali. Ali turns around. The painting is BLANK Ali.,039eef21-48ea-5f03-97a8-50099c8411f3,base
A36A780ODXBDEH,2,4,retest,0,geocentric_distant,geocentric_distant_context,North of,East of,Milwaukee is BLANK Ali. Ali turns right. Milwaukee is North of Ali.,d1003ff7-62f8-5266-b577-0992f8f5f4a6,base
A36A780ODXBDEH,2,4,retest,0,geocentric_distant,geocentric_distant_context,North of,East of,Milwaukee is BLANK Ali. Ali turns right. Milwaukee is North of Ali.,d1003ff7-62f8-5266-b577-0992f8f5f4a6,base
A36A780ODXBDEH,2,4,retest,0,geocentric_near,geocentric_near_target,North of,South of,The painting is North of Ali. Ali turns around. The painting is BLANK Ali.,64e3f33d-f1bb-5469-960d-6b974ada7e0a,base
A36A780ODXBDEH,2,4,retest,0,geocentric_near,geocentric_near_target,North of,South of,The painting is North of Ali. Ali turns around. The painting is BLANK Ali.,64e3f33d-f1bb-5469-960d-6b974ada7e0a,base
A36A780ODXBDEH,2,4,retest,0,geocentric_near,geocentric_near_target,South of,North of,The box is South of Ali. Ali turns around. The box is BLANK Ali.,87863690-da01-5035-a227-bad8f7e6a8a3,base
A36A780ODXBDEH,2,4,retest,0,geocentric_near,geocentric_near_target,South of,North of,The box is South of Ali. Ali turns around. The box is BLANK Ali.,87863690-da01-5035-a227-bad8f7e6a8a3,base
A36A780ODXBDEH,2,4,retest,1,geocentric_near,geocentric_near_context,South of,West of,The painting is BLANK Ali. Ali turns right. The painting is South of Ali.,9066630c-6525-5574-b5bc-3cbff1f62ccd,base
A36A780ODXBDEH,2,4,retest,1,geocentric_near,geocentric_near_context,South of,West of,The painting is BLANK Ali. Ali turns right. The painting is South of Ali.,9066630c-6525-5574-b5bc-3cbff1f62ccd,base
A36A780ODXBDEH,2,4,retest,1,geocentric_distant,geocentric_distant_context,South of,North of,Milwaukee is BLANK Ali. Ali turns around. Milwaukee is South of Ali.,6f6037ad-89d1-53c6-9b58-e857b51d6d83,base
A36A780ODXBDEH,2,4,retest,1,geocentric_distant,geocentric_distant_context,South of,North of,Milwaukee is BLANK Ali. Ali turns around. Milwaukee is South of Ali.,6f6037ad-89d1-53c6-9b58-e857b51d6d83,base
A36A780ODXBDEH,2,4,retest,1,geocentric_distant,geocentric_distant_target,Northeast,Southwest,Ali is directly North of Milwaukee. Ali walks East. Ali is BLANK Milwaukee.,6de916f2-8e10-52d0-8e30-7ae3dcd5aa73,base
A36A780ODXBDEH,2,4,retest,1,geocentric_distant,geocentric_distant_target,Northeast,Southwest,Ali is directly North of Milwaukee. Ali walks East. Ali is BLANK Milwaukee.,6de916f2-8e10-52d0-8e30-7ae3dcd5aa73,base
A36A780ODXBDEH,2,4,retest,0,geocentric_near,geocentric_near_target,West,East,Mark is facing South. Mark turns 90 degrees to his right. Mark is facing BLANK.,6cfeef00-729e-52ba-985d-1252fd2428ed,base
A36A780ODXBDEH,2,4,retest,0,geocentric_near,geocentric_near_target,West,East,Mark is facing South. Mark turns 90 degrees to his right. Mark is facing BLANK.,6cfeef00-729e-52ba-985d-1252fd2428ed,base
A36A780ODXBDEH,2,4,retest,1,geocentric_distant,geocentric_distant_context,East of,West of,Milwaukee is BLANK Ali. Ali turns around. Milwaukee is East of Ali.,01d5a51d-7378-576b-aafc-5a45a1ffab63,base
A36A780ODXBDEH,2,4,retest,1,geocentric_distant,geocentric_distant_context,East of,West of,Milwaukee is BLANK Ali. Ali turns around. Milwaukee is East of Ali.,01d5a51d-7378-576b-aafc-5a45a1ffab63,base
A36A780ODXBDEH,2,4,retest,1,geocentric_near,geocentric_near_context,North of,West of,The statue is BLANK Ali. Ali walks East. The statue is North of Ali.,d07fd4d0-1e85-5fc3-8eeb-e7144e7bb5b6,base
A36A780ODXBDEH,2,4,retest,1,geocentric_near,geocentric_near_context,North of,West of,The statue is BLANK Ali. Ali walks East. The statue is North of Ali.,d07fd4d0-1e85-5fc3-8eeb-e7144e7bb5b6,base
A36A780ODXBDEH,2,4,retest,1,geocentric_distant,geocentric_distant_target,West of,East of,Milwaukee is West of Ali. Ali turns around. Milwaukee is BLANK Ali.,e6dd6cf2-8418-56eb-be84-4808492be4b9,base
A36A780ODXBDEH,2,4,retest,1,geocentric_distant,geocentric_distant_target,West of,East of,Milwaukee is West of Ali. Ali turns around. Milwaukee is BLANK Ali.,e6dd6cf2-8418-56eb-be84-4808492be4b9,base
A36A780ODXBDEH,2,4,retest,1,geocentric_distant,geocentric_distant_target,East of,West of,Milwaukee is East of Ali. Ali turns around. Milwaukee is BLANK Ali.,e71a3a3e-4266-5822-8098-4001479aa3d8,base
A36A780ODXBDEH,2,4,retest,1,geocentric_distant,geocentric_distant_target,East of,West of,Milwaukee is East of Ali. Ali turns around. Milwaukee is BLANK Ali.,e71a3a3e-4266-5822-8098-4001479aa3d8,base
A36A780ODXBDEH,2,4,retest,1,geocentric_distant,geocentric_distant_target,West of,South of,Milwaukee is West of Ali. Ali turns left. Milwaukee is BLANK Ali.,1dfa5edb-b651-5e4f-84d7-cbc32c618e98,base
A36A780ODXBDEH,2,4,retest,1,geocentric_distant,geocentric_distant_target,West of,South of,Milwaukee is West of Ali. Ali turns left. Milwaukee is BLANK Ali.,1dfa5edb-b651-5e4f-84d7-cbc32c618e98,base
A36A780ODXBDEH,2,4,retest,1,geocentric_distant,geocentric_distant_context,North of,South of,Milwaukee is BLANK Ali. Ali turns around. Milwaukee is North of Ali.,1c80ade4-3063-5830-8934-448a2e3ccdb3,base
A36A780ODXBDEH,2,4,retest,1,geocentric_distant,geocentric_distant_context,North of,South of,Milwaukee is BLANK Ali. Ali turns around. Milwaukee is North of Ali.,1c80ade4-3063-5830-8934-448a2e3ccdb3,base
A36A780ODXBDEH,2,4,retest,1,geocentric_near,geocentric_near_target,West of,East of,The box is West of Ali. Ali turns around. The box is BLANK Ali.,424089ec-6146-5b3f-bd32-9565a5513fe0,base
A36A780ODXBDEH,2,4,retest,1,geocentric_near,geocentric_near_target,West of,East of,The box is West of Ali. Ali turns around. The box is BLANK Ali.,424089ec-6146-5b3f-bd32-9565a5513fe0,base
A36A780ODXBDEH,2,4,retest,1,geocentric_distant,geocentric_distant_target,South of,North of,Milwaukee is South of Ali. Ali turns around. Milwaukee is BLANK Ali.,0a0053eb-14a6-5355-ba4c-111aa119ddba,base
A36A780ODXBDEH,2,4,retest,1,geocentric_distant,geocentric_distant_target,South of,North of,Milwaukee is South of Ali. Ali turns around. Milwaukee is BLANK Ali.,0a0053eb-14a6-5355-ba4c-111aa119ddba,base
A36A780ODXBDEH,2,4,retest,1,geocentric_near,geocentric_near_context,North of,South of,The painting is BLANK Ali. Ali turns around. The painting is North of Ali.,6f999144-fcd0-52e0-acea-ca152a4a32a9,base
A36A780ODXBDEH,2,4,retest,1,geocentric_near,geocentric_near_context,North of,South of,The painting is BLANK Ali. Ali turns around. The painting is North of Ali.,6f999144-fcd0-52e0-acea-ca152a4a32a9,base
A36A780ODXBDEH,2,4,retest,1,geocentric_near,geocentric_near_target,South of,East of,The painting is South of Ali. Ali turns left. The painting is BLANK Ali.,3d1c523b-903d-52c2-a5ef-c6868cafe157,base
A36A780ODXBDEH,2,4,retest,1,geocentric_near,geocentric_near_target,South of,East of,The painting is South of Ali. Ali turns left. The painting is BLANK Ali.,3d1c523b-903d-52c2-a5ef-c6868cafe157,base
A36A780ODXBDEH,2,4,retest,1,geocentric_near,geocentric_near_context,North of,East of,The painting is BLANK Ali. Ali turns right. The painting is North of Ali.,27cfaf60-c6de-5209-b4bb-2abcd703a542,base
A36A780ODXBDEH,2,4,retest,1,geocentric_near,geocentric_near_context,North of,East of,The painting is BLANK Ali. Ali turns right. The painting is North of Ali.,27cfaf60-c6de-5209-b4bb-2abcd703a542,base
A36A780ODXBDEH,2,4,retest,1,geocentric_near,geocentric_near_target,East of,West of,The box is East of Ali. Ali turns around. The box is BLANK Ali.,d85b86e6-538e-59bf-9eb9-7d30d754f01d,base
A36A780ODXBDEH,2,4,retest,1,geocentric_near,geocentric_near_target,East of,West of,The box is East of Ali. Ali turns around. The box is BLANK Ali.,d85b86e6-538e-59bf-9eb9-7d30d754f01d,base
A36A780ODXBDEH,2,4,retest,1,geocentric_distant,geocentric_distant_target,North of,East of,Milwaukee is North of Ali. Ali turns right. Milwaukee is BLANK Ali.,477d44eb-6672-5eae-bebc-bd944786e92c,base
A36A780ODXBDEH,2,4,retest,1,geocentric_distant,geocentric_distant_target,North of,East of,Milwaukee is North of Ali. Ali turns right. Milwaukee is BLANK Ali.,477d44eb-6672-5eae-bebc-bd944786e92c,base
A36A780ODXBDEH,2,4,retest,1,geocentric_near,geocentric_near_target,North of,East of,The painting is North of Ali. Ali turns right. The painting is BLANK Ali.,83aaa4c2-ac51-5fc1-bda3-12bea9d4ee43,base
A36A780ODXBDEH,2,4,retest,1,geocentric_near,geocentric_near_target,North of,East of,The painting is North of Ali. Ali turns right. The painting is BLANK Ali.,83aaa4c2-ac51-5fc1-bda3-12bea9d4ee43,base
A36A780ODXBDEH,2,4,retest,1,geocentric_near,geocentric_near_context,East of,West of,The painting is BLANK of Ali. Ali turns around. The painting is East of Ali.,617ce912-b692-5ce2-acf4-9eabd9adc7e8,base
A36A780ODXBDEH,2,4,retest,1,geocentric_near,geocentric_near_context,East of,West of,The painting is BLANK of Ali. Ali turns around. The painting is East of Ali.,617ce912-b692-5ce2-acf4-9eabd9adc7e8,base
A36A780ODXBDEH,2,4,retest,1,geocentric_near,geocentric_near_target,East of,North of,The statue is East of Ali. Ali walks South. The statue is BLANK of Ali.,4e2ccb54-af98-56e1-8eb8-74bc46abf088,base
A36A780ODXBDEH,2,4,retest,1,geocentric_near,geocentric_near_target,East of,North of,The statue is East of Ali. Ali walks South. The statue is BLANK of Ali.,4e2ccb54-af98-56e1-8eb8-74bc46abf088,base
A36A780ODXBDEH,2,4,retest,1,geocentric_near,geocentric_near_context,East of,South of,The painting is BLANK Ali. Ali turns right. The painting is East of Ali.,bbe1c4e0-6ae6-53c2-8e3d-2d90016d6cde,base
A36A780ODXBDEH,2,4,retest,1,geocentric_near,geocentric_near_context,East of,South of,The painting is BLANK Ali. Ali turns right. The painting is East of Ali.,bbe1c4e0-6ae6-53c2-8e3d-2d90016d6cde,base
A36A780ODXBDEH,2,4,retest,1,geocentric_near,geocentric_near_context,East of,West of,The box is BLANK Ali. Ali turns around. The box is East of Ali.,4ff80aaf-24a6-56a6-8436-4aafd349574d,base
A36A780ODXBDEH,2,4,retest,1,geocentric_near,geocentric_near_context,East of,West of,The box is BLANK Ali. Ali turns around. The box is East of Ali.,4ff80aaf-24a6-56a6-8436-4aafd349574d,base
A36A780ODXBDEH,2,4,retest,1,geocentric_near,geocentric_near_target,West of,South of,The statue is West of Ali. Ali walks North. The statue is BLANK of Ali.,b9f30b99-3fb3-5807-a2ec-bbe349b45d3a,base
A36A780ODXBDEH,2,4,retest,1,geocentric_near,geocentric_near_target,West of,South of,The statue is West of Ali. Ali walks North. The statue is BLANK of Ali.,b9f30b99-3fb3-5807-a2ec-bbe349b45d3a,base
A36A780ODXBDEH,2,4,retest,1,geocentric_distant,geocentric_distant_context,South of,West of,Milwaukee is BLANK Ali. Ali turns right. Milwaukee is South of Ali.,bf2af8a4-eb41-5828-869b-c6b1138f2890,base
A36A780ODXBDEH,2,4,retest,1,geocentric_distant,geocentric_distant_context,South of,West of,Milwaukee is BLANK Ali. Ali turns right. Milwaukee is South of Ali.,bf2af8a4-eb41-5828-869b-c6b1138f2890,base
A36A780ODXBDEH,2,4,retest,1,geocentric_near,geocentric_near_target,West of,South of,The painting is West of Ali. Ali turns left. The painting is BLANK Ali.,f296bfa3-3f6c-55b1-b35b-190dfe359ebd,base
A36A780ODXBDEH,2,4,retest,1,geocentric_near,geocentric_near_target,West of,South of,The painting is West of Ali. Ali turns left. The painting is BLANK Ali.,f296bfa3-3f6c-55b1-b35b-190dfe359ebd,base
A36A780ODXBDEH,2,4,retest,1,geocentric_near,geocentric_near_context,West of,South of,The statue is BLANK Ali. Ali walks North. The statue is West of Ali.,f5993fbe-e095-503a-8913-5bae1684dcbb,base
A36A780ODXBDEH,2,4,retest,1,geocentric_near,geocentric_near_context,West of,South of,The statue is BLANK Ali. Ali walks North. The statue is West of Ali.,f5993fbe-e095-503a-8913-5bae1684dcbb,base
A39FB0AYWYYLC,2,1,retest,0,egocentric_distant,egocentric_distant_target,right of,left of,Chicago is behind Ali. Ali turns right. Chicago is BLANK Ali.,ecf1bbc5-92d2-5b77-9ebe-7090991e3b5d,base
A39FB0AYWYYLC,2,1,retest,1,egocentric_near,egocentric_near_context,behind,in front of,The painting is BLANK Ali. Ali turns right. The painting is right of Ali.,1916451f-868a-5f58-9e6c-6033ca77e634,base
A39FB0AYWYYLC,2,1,retest,1,action_nonfollows,action_nonfollows_context,in,outside,Ali is BLANK the wagon. Ali pulls on the wagon. The wagon doesn't move.,d68fd4fa-114f-58ff-922b-8ba73bc38c68,base
A39FB0AYWYYLC,2,1,retest,1,egocentric_distant,egocentric_distant_target,in front of,behind,Ali is facing away from Chicago. Ali turns around. Chicago is BLANK Ali.,1710b645-2bb2-54c6-8ac1-62f03525d880,base
A39FB0AYWYYLC,2,1,retest,1,egocentric_near,egocentric_near_target,left of,right of,The painting is behind Ali. Ali turns left. The painting is BLANK Ali.,2f6ac9c5-17f9-5a23-ab8d-9d0d3d3335c4,base
A39FB0AYWYYLC,2,1,retest,1,egocentric_near,egocentric_near_target,right,left,The painting is to Ali's right. The painting is moved right. The painting is to Ali's BLANK.,ead989ef-2c5a-5676-a32c-f2f2055cae2d,base
A39FB0AYWYYLC,2,1,retest,1,action_follows,action_follows_target,moves,doesn't move,The book is on the table. Ali moves the table. The book BLANK.,bf93e811-9a49-58b7-b6dc-6a47ece87d9f,base
A39FB0AYWYYLC,2,1,retest,0,egocentric_distant,egocentric_distant_context,left,right,Chicago is to Ali's BLANK. Ali turns left. Ali is facing towards Chicago.,29c5b0e8-2242-5aa6-ad05-0a8b33bc7aec,base
A39FB0AYWYYLC,2,1,retest,0,egocentric_distant,egocentric_distant_target,left of,right of,Ali is facing away from Chicago. Ali turns left. Chicago is BLANK Ali.,9f9092b3-4ed3-5b54-92bb-a68e83301300,base
A39FB0AYWYYLC,2,1,retest,1,action_nonfollows,action_nonfollows_target,floats,sinks,The box is floating in the water. Ali puts a tennis ball in the box. The box BLANK.,15a162c3-7638-5144-a4a3-f9a13b33f485,base
A39FB0AYWYYLC,2,1,retest,0,action_nonfollows,action_nonfollows_context,under,above,The ball is BLANK the box. The ball moves right. The ball is lower than the box.,f7886140-c3a9-5bb0-9dc4-99612c3e3180,base
A39FB0AYWYYLC,2,1,retest,1,egocentric_near,egocentric_near_context,in front of,behind,The painting is BLANK of Ali. Ali turns left. The painting is right of Ali.,805deedd-d47e-54f8-b7e7-81318f8435b7,base
A39FB0AYWYYLC,2,1,retest,1,state_nonfollows,state_nonfollows_context,cup,glass,The glass and the cup are on the table. Ali pushes the BLANK off the table. The glass doesn't break.,88e4c11a-0766-534e-843f-4d59c387d497,base
A39FB0AYWYYLC,2,1,retest,1,action_follows,action_follows_context,behind,in front of,Ali is BLANK the wagon. Ali pushes on the wagon. The wagon moves.,40d46345-fe82-5f5a-82a0-f24d259674d7,base
A39FB0AYWYYLC,2,1,retest,1,action_follows,action_follows_context,right,left,The seesaw is balanced. Ali tilts the BLANK side of the seesaw. The left side goes up.,9ce7fedd-cd4e-5e5e-8af4-7c87b269dcf9,base
A39FB0AYWYYLC,2,1,retest,0,egocentric_near,egocentric_near_context,behind,in front of,The painting is BLANK Ali. Ali turns left. The painting is left of Ali.,8c63c6ea-38dc-5bb2-a95b-c1b63865bdaf,base
A39FB0AYWYYLC,2,1,retest,0,action_nonfollows,action_nonfollows_context,in front of the statue,behind the statue,Ali is BLANK. Ali turns around. Ali is in front of the statue.,7cfd7bad-4e38-507a-a6d8-243e8c667d1b,base
A39FB0AYWYYLC,2,1,retest,1,action_nonfollows,action_nonfollows_target,doesn't move,moves,The box is in the bin. Ali moves the box. The bin BLANK.,ba5435e7-cc12-557d-be71-b241947e2f6c,base
A39FB0AYWYYLC,2,1,retest,0,egocentric_near,egocentric_near_context,behind,in front of,Ali is BLANK painting. Ali turns around. Ali is behind the painting.,d91e34a1-58ec-5efe-bd1d-3da56dfe0d5c,base
A39FB0AYWYYLC,2,1,retest,0,action_nonfollows,action_nonfollows_target,close to,far from,The box is close to Ali. Ali throws the ball. The box is BLANK Ali.,27bc3da0-29e8-5aff-8cdc-aebfdecd2412,base
A39FB0AYWYYLC,2,1,retest,1,egocentric_near,egocentric_near_context,right of,left of,The painting is BLANK Ali. Ali turns around. The painting is left of Ali.,a350fecf-cf01-5eef-a227-25028fad7f14,base
A39FB0AYWYYLC,2,1,retest,0,egocentric_near,egocentric_near_target,right,left,The painting is to Ali's left. The painting is moved left. The painting is to Ali's BLANK.,77bdedf3-bae1-5250-9280-746344392bdd,base
A39FB0AYWYYLC,2,1,retest,1,action_nonfollows,action_nonfollows_context,under,above,The ball is BLANK the box. Ali pushes the ball forward. The ball is under the box.,11b9c7f0-ecb6-5489-b941-2a3815cb66ce,base
A39FB0AYWYYLC,2,1,retest,0,egocentric_distant,egocentric_distant_context,towards,away from,Ali is facing BLANK Chicago. Ali turns left. Chicago is right of Ali.,fe65df9a-14f6-5a27-8f01-1a0bed69b8e5,base
A39FB0AYWYYLC,2,1,retest,0,action_nonfollows,action_nonfollows_target,behind the statue,in front of the statue,Ali is behind the statue. Ali turns around. Ali is BLANK.,527fdd15-db92-57e8-bc5c-09d9964e45b1,base
A39FB0AYWYYLC,2,1,retest,0,state_nonfollows,state_nonfollows_target,dry,wet,The glass is on the table. Ali fills the glass halfway. The table is BLANK.,b8aeb728-ce96-53b4-a022-80902bd4ed2d,base
A39FB0AYWYYLC,2,1,retest,0,state_nonfollows,state_nonfollows_target,doesn't break,breaks,The glass is on the floor. Ali bumps the table. The glass BLANK.,2a5f6d9c-8b03-5fe5-8a19-87971947d204,base
A39FB0AYWYYLC,2,1,retest,1,egocentric_distant,egocentric_distant_context,in front of,behind,Chicago is BLANK Ali. Ali turns right. Chicago is left of Ali.,27c72cf7-5d80-526d-9ace-d6625063dfe0,base
A39FB0AYWYYLC,2,1,retest,1,action_follows,action_follows_context,top,bottom,The wagon is on the BLANK of the hill. Ali pushes the wagon. The wagon rolls.,96c0978e-4433-5d7f-b561-cee41daa8875,base
A39FB0AYWYYLC,2,1,retest,0,egocentric_near,egocentric_near_target,behind,in front of,Ali is behind the painting. Ali turns around. Ali is BLANK the painting.,cb0d70bb-d9f6-5100-902d-21fd6221cecf,base
A39FB0AYWYYLC,2,1,retest,0,egocentric_near,egocentric_near_target,behind,in front of,Ali is behind the painting. Ali turns around. Ali is BLANK the painting.,cb0d70bb-d9f6-5100-902d-21fd6221cecf,base
A39FB0AYWYYLC,2,1,retest,1,state_nonfollows,state_nonfollows_context,banana,ice cube,The ice cube and the banana are in the fridge. Ali takes the BLANK out of the fridge. The ice cube doesn't melt.,36c076db-ae0e-5966-819d-9d048054999d,base
A39FB0AYWYYLC,2,1,retest,1,state_nonfollows,state_nonfollows_context,banana,ice cube,The ice cube and the banana are in the fridge. Ali takes the BLANK out of the fridge. The ice cube doesn't melt.,36c076db-ae0e-5966-819d-9d048054999d,base
A39FB0AYWYYLC,2,1,retest,0,egocentric_distant,egocentric_distant_target,right of,left of,Chicago is behind Ali. Ali turns right. Chicago is BLANK Ali.,ecf1bbc5-92d2-5b77-9ebe-7090991e3b5d,base
A39FB0AYWYYLC,2,1,retest,0,egocentric_distant,egocentric_distant_target,right of,left of,Chicago is behind Ali. Ali turns right. Chicago is BLANK Ali.,ecf1bbc5-92d2-5b77-9ebe-7090991e3b5d,base
A39FB0AYWYYLC,2,1,retest,1,egocentric_near,egocentric_near_target,left of,right of,The painting is behind Ali. Ali turns left. The painting is BLANK Ali.,2f6ac9c5-17f9-5a23-ab8d-9d0d3d3335c4,base
A39FB0AYWYYLC,2,1,retest,1,egocentric_near,egocentric_near_target,left of,right of,The painting is behind Ali. Ali turns left. The painting is BLANK Ali.,2f6ac9c5-17f9-5a23-ab8d-9d0d3d3335c4,base
A39FB0AYWYYLC,2,1,retest,0,egocentric_distant,egocentric_distant_context,left,right,Chicago is to Ali's BLANK. Ali turns left. Ali is facing towards Chicago.,29c5b0e8-2242-5aa6-ad05-0a8b33bc7aec,base
A39FB0AYWYYLC,2,1,retest,0,egocentric_distant,egocentric_distant_context,left,right,Chicago is to Ali's BLANK. Ali turns left. Ali is facing towards Chicago.,29c5b0e8-2242-5aa6-ad05-0a8b33bc7aec,base
A39FB0AYWYYLC,2,1,retest,0,egocentric_distant,egocentric_distant_target,left of,right of,Ali is facing away from Chicago. Ali turns left. Chicago is BLANK Ali.,9f9092b3-4ed3-5b54-92bb-a68e83301300,base
A39FB0AYWYYLC,2,1,retest,0,egocentric_distant,egocentric_distant_target,left of,right of,Ali is facing away from Chicago. Ali turns left. Chicago is BLANK Ali.,9f9092b3-4ed3-5b54-92bb-a68e83301300,base
A39FB0AYWYYLC,2,1,retest,0,action_nonfollows,action_nonfollows_context,under,above,The ball is BLANK the box. The ball moves right. The ball is lower than the box.,f7886140-c3a9-5bb0-9dc4-99612c3e3180,base
A39FB0AYWYYLC,2,1,retest,0,action_nonfollows,action_nonfollows_context,under,above,The ball is BLANK the box. The ball moves right. The ball is lower than the box.,f7886140-c3a9-5bb0-9dc4-99612c3e3180,base
A39FB0AYWYYLC,2,1,retest,1,egocentric_near,egocentric_near_context,in front of,behind,The painting is BLANK of Ali. Ali turns left. The painting is right of Ali.,805deedd-d47e-54f8-b7e7-81318f8435b7,base
A39FB0AYWYYLC,2,1,retest,1,egocentric_near,egocentric_near_context,in front of,behind,The painting is BLANK of Ali. Ali turns left. The painting is right of Ali.,805deedd-d47e-54f8-b7e7-81318f8435b7,base
A39FB0AYWYYLC,2,1,retest,1,action_follows,action_follows_context,behind,in front of,Ali is BLANK the wagon. Ali pushes on the wagon. The wagon moves.,40d46345-fe82-5f5a-82a0-f24d259674d7,base
A39FB0AYWYYLC,2,1,retest,1,action_follows,action_follows_context,behind,in front of,Ali is BLANK the wagon. Ali pushes on the wagon. The wagon moves.,40d46345-fe82-5f5a-82a0-f24d259674d7,base
A39FB0AYWYYLC,2,1,retest,0,egocentric_near,egocentric_near_context,behind,in front of,The painting is BLANK Ali. Ali turns left. The painting is left of Ali.,8c63c6ea-38dc-5bb2-a95b-c1b63865bdaf,base
A39FB0AYWYYLC,2,1,retest,0,egocentric_near,egocentric_near_context,behind,in front of,The painting is BLANK Ali. Ali turns left. The painting is left of Ali.,8c63c6ea-38dc-5bb2-a95b-c1b63865bdaf,base
A39FB0AYWYYLC,2,1,retest,0,action_nonfollows,action_nonfollows_context,in front of the statue,behind the statue,Ali is BLANK. Ali turns around. Ali is in front of the statue.,7cfd7bad-4e38-507a-a6d8-243e8c667d1b,base
A39FB0AYWYYLC,2,1,retest,0,action_nonfollows,action_nonfollows_context,in front of the statue,behind the statue,Ali is BLANK. Ali turns around. Ali is in front of the statue.,7cfd7bad-4e38-507a-a6d8-243e8c667d1b,base
A39FB0AYWYYLC,2,1,retest,1,action_nonfollows,action_nonfollows_target,doesn't move,moves,The box is in the bin. Ali moves the box. The bin BLANK.,ba5435e7-cc12-557d-be71-b241947e2f6c,base
A39FB0AYWYYLC,2,1,retest,1,action_nonfollows,action_nonfollows_target,doesn't move,moves,The box is in the bin. Ali moves the box. The bin BLANK.,ba5435e7-cc12-557d-be71-b241947e2f6c,base
A39FB0AYWYYLC,2,1,retest,0,egocentric_near,egocentric_near_context,behind,in front of,Ali is BLANK painting. Ali turns around. Ali is behind the painting.,d91e34a1-58ec-5efe-bd1d-3da56dfe0d5c,base
A39FB0AYWYYLC,2,1,retest,0,egocentric_near,egocentric_near_context,behind,in front of,Ali is BLANK painting. Ali turns around. Ali is behind the painting.,d91e34a1-58ec-5efe-bd1d-3da56dfe0d5c,base
A39FB0AYWYYLC,2,1,retest,0,action_nonfollows,action_nonfollows_target,close to,far from,The box is close to Ali. Ali throws the ball. The box is BLANK Ali.,27bc3da0-29e8-5aff-8cdc-aebfdecd2412,base
A39FB0AYWYYLC,2,1,retest,0,action_nonfollows,action_nonfollows_target,close to,far from,The box is close to Ali. Ali throws the ball. The box is BLANK Ali.,27bc3da0-29e8-5aff-8cdc-aebfdecd2412,base
A39FB0AYWYYLC,2,1,retest,1,egocentric_near,egocentric_near_context,right of,left of,The painting is BLANK Ali. Ali turns around. The painting is left of Ali.,a350fecf-cf01-5eef-a227-25028fad7f14,base
A39FB0AYWYYLC,2,1,retest,1,egocentric_near,egocentric_near_context,right of,left of,The painting is BLANK Ali. Ali turns around. The painting is left of Ali.,a350fecf-cf01-5eef-a227-25028fad7f14,base
A39FB0AYWYYLC,2,1,retest,0,egocentric_near,egocentric_near_target,right,left,The painting is to Ali's left. The painting is moved left. The painting is to Ali's BLANK.,77bdedf3-bae1-5250-9280-746344392bdd,base
A39FB0AYWYYLC,2,1,retest,0,egocentric_near,egocentric_near_target,right,left,The painting is to Ali's left. The painting is moved left. The painting is to Ali's BLANK.,77bdedf3-bae1-5250-9280-746344392bdd,base
A39FB0AYWYYLC,2,1,retest,1,action_nonfollows,action_nonfollows_context,under,above,The ball is BLANK the box. Ali pushes the ball forward. The ball is under the box.,11b9c7f0-ecb6-5489-b941-2a3815cb66ce,base
A39FB0AYWYYLC,2,1,retest,1,action_nonfollows,action_nonfollows_context,under,above,The ball is BLANK the box. Ali pushes the ball forward. The ball is under the box.,11b9c7f0-ecb6-5489-b941-2a3815cb66ce,base
A39FB0AYWYYLC,2,1,retest,0,egocentric_distant,egocentric_distant_context,towards,away from,Ali is facing BLANK Chicago. Ali turns left. Chicago is right of Ali.,fe65df9a-14f6-5a27-8f01-1a0bed69b8e5,base
A39FB0AYWYYLC,2,1,retest,0,egocentric_distant,egocentric_distant_context,towards,away from,Ali is facing BLANK Chicago. Ali turns left. Chicago is right of Ali.,fe65df9a-14f6-5a27-8f01-1a0bed69b8e5,base
A39FB0AYWYYLC,2,1,retest,0,action_nonfollows,action_nonfollows_target,behind the statue,in front of the statue,Ali is behind the statue. Ali turns around. Ali is BLANK.,527fdd15-db92-57e8-bc5c-09d9964e45b1,base
A39FB0AYWYYLC,2,1,retest,0,action_nonfollows,action_nonfollows_target,behind the statue,in front of the statue,Ali is behind the statue. Ali turns around. Ali is BLANK.,527fdd15-db92-57e8-bc5c-09d9964e45b1,base
A39FB0AYWYYLC,2,1,retest,0,state_nonfollows,state_nonfollows_target,dry,wet,The glass is on the table. Ali fills the glass halfway. The table is BLANK.,b8aeb728-ce96-53b4-a022-80902bd4ed2d,base
A39FB0AYWYYLC,2,1,retest,0,state_nonfollows,state_nonfollows_target,dry,wet,The glass is on the table. Ali fills the glass halfway. The table is BLANK.,b8aeb728-ce96-53b4-a022-80902bd4ed2d,base
A39FB0AYWYYLC,2,1,retest,0,state_nonfollows,state_nonfollows_target,doesn't break,breaks,The glass is on the floor. Ali bumps the table. The glass BLANK.,2a5f6d9c-8b03-5fe5-8a19-87971947d204,base
A39FB0AYWYYLC,2,1,retest,0,state_nonfollows,state_nonfollows_target,doesn't break,breaks,The glass is on the floor. Ali bumps the table. The glass BLANK.,2a5f6d9c-8b03-5fe5-8a19-87971947d204,base
A39FB0AYWYYLC,2,1,retest,1,egocentric_distant,egocentric_distant_context,in front of,behind,Chicago is BLANK Ali. Ali turns right. Chicago is left of Ali.,27c72cf7-5d80-526d-9ace-d6625063dfe0,base
A39FB0AYWYYLC,2,1,retest,1,egocentric_distant,egocentric_distant_context,in front of,behind,Chicago is BLANK Ali. Ali turns right. Chicago is left of Ali.,27c72cf7-5d80-526d-9ace-d6625063dfe0,base
A39FB0AYWYYLC,2,1,retest,1,action_follows,action_follows_context,top,bottom,The wagon is on the BLANK of the hill. Ali pushes the wagon. The wagon rolls.,96c0978e-4433-5d7f-b561-cee41daa8875,base
A39FB0AYWYYLC,2,1,retest,1,action_follows,action_follows_context,top,bottom,The wagon is on the BLANK of the hill. Ali pushes the wagon. The wagon rolls.,96c0978e-4433-5d7f-b561-cee41daa8875,base
A3BUPP17GN7I1H,2,6,retest,1,two_refs_geocentric,two_refs_geocentric_context,away from,towards,Mark is North of Budapest and Ali is South of Budapest. Ali walks directly BLANK Mark. Ali is walking South.,51d41ac1-cf08-5458-8208-4162c1e865f6,base
A3BUPP17GN7I1H,2,6,retest,1,two_refs_geocentric,two_refs_geocentric_context,East,West,Mark is facing South and Ali is facing BLANK. Mark turns 90 degrees to his right. Mark and Ali are facing different directions.,afb3e71e-dd5a-51dd-bdc0-e3e027d7048d,base
A3BUPP17GN7I1H,2,6,retest,1,two_refs_geocentric,two_refs_geocentric_context,East,West,Mark is BLANK of Ali facing East. Ali is West of Mark facing West. Mark is facing away from Ali.,a55a83e9-f5a4-5aee-907d-c7ec664911e3,base
A3BUPP17GN7I1H,2,6,retest,1,two_refs_geocentric,two_refs_geocentric_context,East,West,Mark is facing BLANK and Ali is facing West. Mark turns around. Mark is facing West.,e7a0ff83-cb27-54fe-bcf5-24d5d5f5b950,base
A3BUPP17GN7I1H,2,6,retest,1,two_refs_geocentric,two_refs_geocentric_context,East,West,Mark is facing North and Ali is facing BLANK. Mark turns 90 degrees to his right. Mark and Ali are facing the same direction.,deba861b-2296-5137-a8b7-9d7504d90d47,base
A3BUPP17GN7I1H,2,6,retest,1,two_refs_geocentric,two_refs_geocentric_target,North,South,Mark and Ali are both directly West of Budapest. Mark walks South. Ali is BLANK of Mark.,83b8ada3-adc0-51d6-8c2c-d39bacde7ea1,base
A3BUPP17GN7I1H,2,6,retest,1,two_refs_geocentric,two_refs_geocentric_target,Northwest,Southeast,Milwaukee is North of Mark. Mark goes East. Milwaukee is BLANK of Mark.,4ec12ad0-e7c6-511d-97e4-2c59b20c8143,base
A3BUPP17GN7I1H,2,6,retest,1,two_refs_geocentric,two_refs_geocentric_target,South,North,Mark is North of Budapest and Ali is South of Budapest. Ali walks directly away from Mark. Ali is walking BLANK.,2c8f684c-1ce8-521c-8d68-9c703b78727d,base
A3BUPP17GN7I1H,2,6,retest,0,two_refs_geocentric,two_refs_geocentric_target,the same direction,different directions,Mark is facing South and Ali is facing East. Mark turns 90 degrees to his right. Mark and Ali are facing BLANK.,2a3beaa8-c767-5efa-9738-2608cfab99a2,base
A3BUPP17GN7I1H,2,6,retest,1,two_refs_geocentric,two_refs_geocentric_context,towards,away from,Mark is East of Budapest and Ali is West of Budapest. Mark walks directly BLANK Ali. Mark is heading West.,07d45d86-9d5e-5f76-a281-81fd6837ef87,base
A3BUPP17GN7I1H,2,6,retest,1,two_refs_geocentric,two_refs_geocentric_context,West,East,Mark is facing East and Ali is facing BLANK. Mark turns 180 degrees. Mark and Ali are facing the same direction.,09a5259f-f1f6-5316-829f-75de35dc7fe2,base
A3BUPP17GN7I1H,2,6,retest,0,two_refs_geocentric,two_refs_geocentric_context,East,West,Mark is BLANK of Ali. Mark turns right. Mark is East of Ali.,cb89881b-c899-5760-bd9d-f73c4ab4521c,base
A3BUPP17GN7I1H,2,6,retest,1,two_refs_geocentric,two_refs_geocentric_context,East,West,Milwaukee is North of Mark. Mark goes BLANK. Milwaukee is Northwest of Mark.,a4e641f8-8936-52ee-87ee-a034509bc15f,base
A3BUPP17GN7I1H,2,6,retest,1,two_refs_geocentric,two_refs_geocentric_context,West,East,Milwaukee is South of Mark. Mark goes BLANK. Milwaukee is Southeast of Mark.,d8873371-c599-505f-a895-9df8ff3d5ebd,base
A3BUPP17GN7I1H,2,6,retest,1,two_refs_geocentric,two_refs_geocentric_target,Northest,Southeast,Milwaukee is South of Mark. Mark goes West. Mark is BLANK of Milwaukee.,e23f07b1-bdfa-5969-9480-74020b4ede21,base
A3BUPP17GN7I1H,2,6,retest,0,two_refs_geocentric,two_refs_geocentric_context,West,East,Milwaukee is South of Mark. Mark goes BLANK. Mark is Northeast of Milwaukee.,e35d39b7-29e7-5f8f-89c1-1daa34e84ebd,base
A3BUPP17GN7I1H,2,6,retest,1,two_refs_geocentric,two_refs_geocentric_context,West,East,Mark is BLANK of Ali facing East. Ali is East of Mark facing West. Mark is facing towards Ali.,d88cd359-fee1-5421-b204-da79447cd71c,base
A3BUPP17GN7I1H,2,6,retest,1,two_refs_geocentric,two_refs_geocentric_target,South,North,Mark and Ali are both directly East of Budapest. Mark walks North. Ali is BLANK of Mark.,b4bfe01b-251a-51c6-a900-d1307f5ec5cb,base
A3BUPP17GN7I1H,2,6,retest,1,two_refs_geocentric,two_refs_geocentric_target,the same direction,different directions,Mark is facing North and Ali is facing East. Mark turns 90 degrees to his right. Mark and Ali are facing BLANK.,286ce04e-0e99-55bd-b40b-485e9a55ddc1,base
A3BUPP17GN7I1H,2,6,retest,1,two_refs_geocentric,two_refs_geocentric_target,away from,towards,Mark is East of Ali facing East. Ali is West of Mark facing West. Mark is facing BLANK Ali.,d7c6e00b-4c44-5369-ac36-15cf71d8f6b8,base
A3BUPP17GN7I1H,2,6,retest,1,two_refs_geocentric,two_refs_geocentric_target,East,West,Mark is East of Budapest and Ali is West of Budapest. Ali walks directly towards Mark. Ali is heading BLANK.,50388291-cfb1-51f5-b757-16c6ee10b4c6,base
A3BUPP17GN7I1H,2,6,retest,1,two_refs_geocentric,two_refs_geocentric_target,towards,away from,Mark is West of Ali facing East. Ali is East of Mark facing West. Mark is facing BLANK Ali.,c653d385-9060-521b-a3d2-7b3bdc386792,base
A3BUPP17GN7I1H,2,6,retest,1,two_refs_geocentric,two_refs_geocentric_context,East,West,Mark is facing South and Ali is facing BLANK. Mark turns 90 degrees to his right. Mark and Ali are facing different directions.,afb3e71e-dd5a-51dd-bdc0-e3e027d7048d,base
A3BUPP17GN7I1H,2,6,retest,1,two_refs_geocentric,two_refs_geocentric_context,East,West,Mark is facing South and Ali is facing BLANK. Mark turns 90 degrees to his right. Mark and Ali are facing different directions.,afb3e71e-dd5a-51dd-bdc0-e3e027d7048d,base
A3BUPP17GN7I1H,2,6,retest,1,two_refs_geocentric,two_refs_geocentric_context,East,West,Mark is BLANK of Ali facing East. Ali is West of Mark facing West. Mark is facing away from Ali.,a55a83e9-f5a4-5aee-907d-c7ec664911e3,base
A3BUPP17GN7I1H,2,6,retest,1,two_refs_geocentric,two_refs_geocentric_context,East,West,Mark is BLANK of Ali facing East. Ali is West of Mark facing West. Mark is facing away from Ali.,a55a83e9-f5a4-5aee-907d-c7ec664911e3,base
A3BUPP17GN7I1H,2,6,retest,1,two_refs_geocentric,two_refs_geocentric_context,East,West,Mark is facing North and Ali is facing BLANK. Mark turns 90 degrees to his right. Mark and Ali are facing the same direction.,deba861b-2296-5137-a8b7-9d7504d90d47,base
A3BUPP17GN7I1H,2,6,retest,1,two_refs_geocentric,two_refs_geocentric_context,East,West,Mark is facing North and Ali is facing BLANK. Mark turns 90 degrees to his right. Mark and Ali are facing the same direction.,deba861b-2296-5137-a8b7-9d7504d90d47,base
A3BUPP17GN7I1H,2,6,retest,1,two_refs_geocentric,two_refs_geocentric_target,North,South,Mark and Ali are both directly West of Budapest. Mark walks South. Ali is BLANK of Mark.,83b8ada3-adc0-51d6-8c2c-d39bacde7ea1,base
A3BUPP17GN7I1H,2,6,retest,1,two_refs_geocentric,two_refs_geocentric_target,North,South,Mark and Ali are both directly West of Budapest. Mark walks South. Ali is BLANK of Mark.,83b8ada3-adc0-51d6-8c2c-d39bacde7ea1,base
A3BUPP17GN7I1H,2,6,retest,1,two_refs_geocentric,two_refs_geocentric_target,Northwest,Southeast,Milwaukee is North of Mark. Mark goes East. Milwaukee is BLANK of Mark.,4ec12ad0-e7c6-511d-97e4-2c59b20c8143,base
A3BUPP17GN7I1H,2,6,retest,1,two_refs_geocentric,two_refs_geocentric_target,Northwest,Southeast,Milwaukee is North of Mark. Mark goes East. Milwaukee is BLANK of Mark.,4ec12ad0-e7c6-511d-97e4-2c59b20c8143,base
A3BUPP17GN7I1H,2,6,retest,0,two_refs_geocentric,two_refs_geocentric_target,the same direction,different directions,Mark is facing South and Ali is facing East. Mark turns 90 degrees to his right. Mark and Ali are facing BLANK.,2a3beaa8-c767-5efa-9738-2608cfab99a2,base
A3BUPP17GN7I1H,2,6,retest,0,two_refs_geocentric,two_refs_geocentric_target,the same direction,different directions,Mark is facing South and Ali is facing East. Mark turns 90 degrees to his right. Mark and Ali are facing BLANK.,2a3beaa8-c767-5efa-9738-2608cfab99a2,base
A3BUPP17GN7I1H,2,6,retest,1,two_refs_geocentric,two_refs_geocentric_context,West,East,Mark is facing East and Ali is facing BLANK. Mark turns 180 degrees. Mark and Ali are facing the same direction.,09a5259f-f1f6-5316-829f-75de35dc7fe2,base
A3BUPP17GN7I1H,2,6,retest,1,two_refs_geocentric,two_refs_geocentric_context,West,East,Mark is facing East and Ali is facing BLANK. Mark turns 180 degrees. Mark and Ali are facing the same direction.,09a5259f-f1f6-5316-829f-75de35dc7fe2,base
A3BUPP17GN7I1H,2,6,retest,0,two_refs_geocentric,two_refs_geocentric_context,East,West,Mark is BLANK of Ali. Mark turns right. Mark is East of Ali.,cb89881b-c899-5760-bd9d-f73c4ab4521c,base
A3BUPP17GN7I1H,2,6,retest,0,two_refs_geocentric,two_refs_geocentric_context,East,West,Mark is BLANK of Ali. Mark turns right. Mark is East of Ali.,cb89881b-c899-5760-bd9d-f73c4ab4521c,base
A3BUPP17GN7I1H,2,6,retest,1,two_refs_geocentric,two_refs_geocentric_context,East,West,Milwaukee is North of Mark. Mark goes BLANK. Milwaukee is Northwest of Mark.,a4e641f8-8936-52ee-87ee-a034509bc15f,base
A3BUPP17GN7I1H,2,6,retest,1,two_refs_geocentric,two_refs_geocentric_context,East,West,Milwaukee is North of Mark. Mark goes BLANK. Milwaukee is Northwest of Mark.,a4e641f8-8936-52ee-87ee-a034509bc15f,base
A3BUPP17GN7I1H,2,6,retest,0,two_refs_geocentric,two_refs_geocentric_target,Northest,Southeast,Milwaukee is South of Mark. Mark goes West. Mark is BLANK of Milwaukee.,e23f07b1-bdfa-5969-9480-74020b4ede21,base
A3BUPP17GN7I1H,2,6,retest,0,two_refs_geocentric,two_refs_geocentric_target,Northest,Southeast,Milwaukee is South of Mark. Mark goes West. Mark is BLANK of Milwaukee.,e23f07b1-bdfa-5969-9480-74020b4ede21,base
A3BUPP17GN7I1H,2,6,retest,0,two_refs_geocentric,two_refs_geocentric_context,West,East,Milwaukee is South of Mark. Mark goes BLANK. Mark is Northeast of Milwaukee.,e35d39b7-29e7-5f8f-89c1-1daa34e84ebd,base
A3BUPP17GN7I1H,2,6,retest,0,two_refs_geocentric,two_refs_geocentric_context,West,East,Milwaukee is South of Mark. Mark goes BLANK. Mark is Northeast of Milwaukee.,e35d39b7-29e7-5f8f-89c1-1daa34e84ebd,base
A3BUPP17GN7I1H,2,6,retest,1,two_refs_geocentric,two_refs_geocentric_target,away from,towards,Mark is East of Ali facing East. Ali is West of Mark facing West. Mark is facing BLANK Ali.,d7c6e00b-4c44-5369-ac36-15cf71d8f6b8,base
A3BUPP17GN7I1H,2,6,retest,1,two_refs_geocentric,two_refs_geocentric_target,away from,towards,Mark is East of Ali facing East. Ali is West of Mark facing West. Mark is facing BLANK Ali.,d7c6e00b-4c44-5369-ac36-15cf71d8f6b8,base
A3BUPP17GN7I1H,2,6,retest,1,two_refs_geocentric,two_refs_geocentric_target,East,West,Mark is East of Budapest and Ali is West of Budapest. Ali walks directly towards Mark. Ali is heading BLANK.,50388291-cfb1-51f5-b757-16c6ee10b4c6,base
A3BUPP17GN7I1H,2,6,retest,1,two_refs_geocentric,two_refs_geocentric_target,East,West,Mark is East of Budapest and Ali is West of Budapest. Ali walks directly towards Mark. Ali is heading BLANK.,50388291-cfb1-51f5-b757-16c6ee10b4c6,base
A3BUPP17GN7I1H,2,6,retest,0,two_refs_geocentric,two_refs_geocentric_target,towards,away from,Mark is West of Ali facing East. Ali is East of Mark facing West. Mark is facing BLANK Ali.,c653d385-9060-521b-a3d2-7b3bdc386792,base
A3BUPP17GN7I1H,2,6,retest,0,two_refs_geocentric,two_refs_geocentric_target,towards,away from,Mark is West of Ali facing East. Ali is East of Mark facing West. Mark is facing BLANK Ali.,c653d385-9060-521b-a3d2-7b3bdc386792,base
A3BUPP17IY7I1H,2,2,retest,0,egocentric_distant,egocentric_distant_target,right of,left of,Ali is facing Chicago. Ali turns left. Chicago is BLANK Ali.,2e25e5be-8490-556a-a672-80c670675704,base
A3BUPP17IY7I1H,2,2,retest,1,state_nonfollows,state_nonfollows_target,doesn't break,breaks,The window is behind Ali. Ali throws the baseball forward. The window BLANK.,96eb93cd-1931-5621-9a9a-b0c1f0145281,base
A3BUPP17IY7I1H,2,2,retest,1,egocentric_near,egocentric_near_target,in front of,behind,The painting is right of Ali. Ali turns right. The painting is BLANK Ali.,92ff8800-4b4e-5c66-a7d9-e034b5c0b4f7,base
A3BUPP17IY7I1H,2,2,retest,1,state_follows,state_follows_context,5 minutes,1 month,The wall was painted BLANK ago. Ali touches the wall. Ali's hand is painted.,58907312-5ecd-56cf-9d0c-b08e912cefd9,base
A3BUPP17IY7I1H,2,2,retest,1,egocentric_distant,egocentric_distant_context,right of,left of,Chicago is BLANK Ali. Ali turns around. Chicago is left of Ali.,51131205-c4fb-50ee-89c0-28f617579e69,base
A3BUPP17IY7I1H,2,2,retest,0,action_follows,action_follows_context,floor,table,The wine glass is on the BLANK. Ali bumps the wine glass. The wine spills on the floor.,09236428-50c5-59b2-90d1-53711d6c7795,base
A3BUPP17IY7I1H,2,2,retest,1,egocentric_near,egocentric_near_context,left,right,The painting is BLANK of Ali. Ali turns right. The painting is behind Ali.,1f28c430-b30e-55c9-bcff-fabf755392f2,base
A3BUPP17IY7I1H,2,2,retest,0,action_follows,action_follows_target,table,floor,The wine glass is on the table. The wine glass falls over. The wine spills on the BLANK.,8a00bd55-84cc-51cb-837b-fe6192ad4334,base
A3BUPP17IY7I1H,2,2,retest,0,egocentric_distant,egocentric_distant_context,in front of,behind,Chicago is BLANK Ali. Ali turns left. Chicago is right of Ali.,caa99020-6057-5d4a-ba54-c6262b93fbd6,base
A3BUPP17IY7I1H,2,2,retest,0,egocentric_near,egocentric_near_context,right of,left of,Ali is BLANK the painting. Ali turns around. Ali is right of the painting.,dddb2cfa-31e1-5083-8686-43d95ab369ea,base
A3BUPP17IY7I1H,2,2,retest,1,egocentric_near,egocentric_near_context,right,left,The painting is BLANK of Ali. Ali turns right. The painting is in front of Ali.,a4994f26-9ec4-577d-ba9a-8dcdae74b3a7,base
A3BUPP17IY7I1H,2,2,retest,0,egocentric_near,egocentric_near_context,right,left,The painting is to Ali's BLANK. The painting is moved right. The painting is to Ali's right.,62cd0646-56c3-54a3-b533-01c5754318f3,base
A3BUPP17IY7I1H,2,2,retest,0,egocentric_distant,egocentric_distant_target,right of,left of,Ali is facing away from Chicago. Ali turns right. Chicago is BLANK Ali.,ab3abdc8-bc90-5780-b8cb-2b0fb3ad02ff,base
A3BUPP17IY7I1H,2,2,retest,1,egocentric_distant,egocentric_distant_target,left of,right of,Ali is facing Chicago. Ali turns right. Chicago is BLANK Ali.,dd671270-af76-5c47-b413-f83302e3de3a,base
A3BUPP17IY7I1H,2,2,retest,0,egocentric_near,egocentric_near_target,right of,left of,Ali is right of the painting. Ali turns around. Ali is BLANK the painting.,ff50283a-6025-5358-9f0a-de831120e8dc,base
A3BUPP17IY7I1H,2,2,retest,1,action_nonfollows,action_nonfollows_target,doesn't spill,spills,The wine glass is on the table. Ali bumps the lamp. The wine BLANK.,44cb7648-b29b-5b98-992e-d7e249daa6b6,base
A3BUPP17IY7I1H,2,2,retest,1,state_nonfollows,state_nonfollows_context,behind,in front of,The window is BLANK Ali. Ali throws the baseball forward. The window doesn't break.,68b5a14f-4ab8-5004-be44-4f48b83e0e31,base
A3BUPP17IY7I1H,2,2,retest,1,state_nonfollows,state_nonfollows_context,table,glass,The glass is on the floor. Ali bumps the BLANK. The glass doesn't break.,873aedce-860e-576f-9741-9398d6d6f2eb,base
A3BUPP17IY7I1H,2,2,retest,1,egocentric_distant,egocentric_distant_context,away from,towards,Ali is facing BLANK Milwaukee. Ali turns around. Ali is facing towards Milwaukee.,897eee6e-d0a7-51a3-828a-bd3ec8339e5e,base
A3BUPP17IY7I1H,2,2,retest,1,egocentric_near,egocentric_near_target,behind,in front of,The painting is right of Ali. Ali turns left. The painting is BLANK Ali.,3a1992c7-e8c1-55ab-843c-616cf72ae3d9,base
A3BUPP17IY7I1H,2,2,retest,1,action_follows,action_follows_context,in front of,behind,Ali is BLANK the wagon. Ali pulls on the wagon. The wagon moves.,bf03a4f6-7f78-5d3b-935b-023b8abf081d,base
A3BUPP17IY7I1H,2,2,retest,0,egocentric_distant,egocentric_distant_context,away from,towards,Ali is facing BLANK Chicago. Ali turns left. Chicago is left of Ali.,da7ca003-81b2-5c22-8a25-edaf430f013d,base
A3BUPP17IY7I1H,2,2,retest,1,state_nonfollows,state_nonfollows_target,dry,wet,The empty glass is on the table. Ali knocks the glass over. The table is BLANK.,03be173e-02aa-5a79-968a-ce8ea00117d3,base
A3BUPP17IY7I1H,2,2,retest,1,egocentric_distant,egocentric_distant_context,right,left,Milwaukee is to Ali's BLANK. Ali turns left. Ali is facing away from Milwaukee.,c197738c-2b0f-563f-a553-cbd2456d488a,base
A3BUPP17IY7I1H,2,2,retest,0,egocentric_near,egocentric_near_context,left,right,The painting is to Ali's BLANK. The painting is moved left. The painting is to Ali's right.,5eae654e-13dc-5485-8e29-6016fcf0bcc5,base
A3BUPP17IY7I1H,2,2,retest,0,action_nonfollows,action_nonfollows_target,moves,doesn't move,The glass is on the table and the cup is on the floor. Ali picks up the glass. The cup BLANK.,aca6ce57-66cc-5a28-8b0c-b55d84cbbeb5,base
A3BUPP17IY7I1H,2,2,retest,1,action_nonfollows,action_nonfollows_target,close to,far from,The ball is close to Ali. Ali throws the box. The ball is BLANK Ali.,2afb6b5d-8e71-5ce2-97bd-e6d6b6d6e4bf,base
A3BUPP17IY7I1H,2,2,retest,1,state_nonfollows,state_nonfollows_target,doesn't break,breaks,The window is behind Ali and the wall is in front of Ali. Ali throws the baseball at the wall. The window BLANK.,93f6ca60-d035-5404-98d1-5cab22558138,base
A3BUPP17IY7I1H,2,2,retest,1,state_nonfollows,state_nonfollows_context,sand,water,The cup is empty. Ali pours BLANK in the cup. The cup is dry.,2a40e046-fe88-5ea9-b0a5-e06a55f09649,base
A3BUPP17IY7I1H,2,2,retest,0,action_nonfollows,action_nonfollows_target,close to,far from,The bowling ball is close to Ali. Ali throws the bowling ball. The bowling ball is BLANK Ali.,d7036c0b-8b82-5d23-a012-57ae1b59e7bc,base
A3BUPP17IY7I1H,2,2,retest,1,state_nonfollows,state_nonfollows_target,doesn't break,breaks,The brick is on the table. Ali bumps the brick off the table. The brick BLANK.,0a07145e-59b3-581f-bd0a-86eff289a0ce,base
A3BUPP17IY7I1H,2,2,retest,0,egocentric_distant,egocentric_distant_target,left of,right of,Chicago is in front of Ali. Ali turns right. Chicago is BLANK Ali.,b7458eb1-0f7d-5cf1-9d74-c4b391425177,base
A3BUPP17IY7I1H,2,2,retest,1,egocentric_distant,egocentric_distant_target,right of,left of,Chicago is left of Ali. Ali turns around. Chicago is BLANK Ali.,d0c74fc1-5415-5c34-82c4-0883d87ab239,base
A3BUPP17IY7I1H,2,2,retest,0,action_nonfollows,action_nonfollows_target,doesn't move,moves,The book is under the table. Ali moves the table. The book BLANK.,5859e8ff-6125-598f-b093-8490c86f6e42,base
A3BUPP17IY7I1H,2,2,retest,1,egocentric_distant,egocentric_distant_target,right of,left of,Ali is facing Chicago. Ali turns left. Chicago is BLANK Ali.,2e25e5be-8490-556a-a672-80c670675704,base
A3BUPP17IY7I1H,2,2,retest,1,egocentric_distant,egocentric_distant_target,right of,left of,Ali is facing Chicago. Ali turns left. Chicago is BLANK Ali.,2e25e5be-8490-556a-a672-80c670675704,base
A3BUPP17IY7I1H,2,2,retest,1,egocentric_near,egocentric_near_target,in front of,behind,The painting is right of Ali. Ali turns right. The painting is BLANK Ali.,92ff8800-4b4e-5c66-a7d9-e034b5c0b4f7,base
A3BUPP17IY7I1H,2,2,retest,1,egocentric_near,egocentric_near_target,in front of,behind,The painting is right of Ali. Ali turns right. The painting is BLANK Ali.,92ff8800-4b4e-5c66-a7d9-e034b5c0b4f7,base
A3BUPP17IY7I1H,2,2,retest,1,egocentric_distant,egocentric_distant_context,right of,left of,Chicago is BLANK Ali. Ali turns around. Chicago is left of Ali.,51131205-c4fb-50ee-89c0-28f617579e69,base
A3BUPP17IY7I1H,2,2,retest,1,egocentric_distant,egocentric_distant_context,right of,left of,Chicago is BLANK Ali. Ali turns around. Chicago is left of Ali.,51131205-c4fb-50ee-89c0-28f617579e69,base
A3BUPP17IY7I1H,2,2,retest,0,action_follows,action_follows_context,floor,table,The wine glass is on the BLANK. Ali bumps the wine glass. The wine spills on the floor.,09236428-50c5-59b2-90d1-53711d6c7795,base
A3BUPP17IY7I1H,2,2,retest,0,action_follows,action_follows_context,floor,table,The wine glass is on the BLANK. Ali bumps the wine glass. The wine spills on the floor.,09236428-50c5-59b2-90d1-53711d6c7795,base
A3BUPP17IY7I1H,2,2,retest,1,egocentric_near,egocentric_near_context,left,right,The painting is BLANK of Ali. Ali turns right. The painting is behind Ali.,1f28c430-b30e-55c9-bcff-fabf755392f2,base
A3BUPP17IY7I1H,2,2,retest,1,egocentric_near,egocentric_near_context,left,right,The painting is BLANK of Ali. Ali turns right. The painting is behind Ali.,1f28c430-b30e-55c9-bcff-fabf755392f2,base
A3BUPP17IY7I1H,2,2,retest,0,action_follows,action_follows_target,table,floor,The wine glass is on the table. The wine glass falls over. The wine spills on the BLANK.,8a00bd55-84cc-51cb-837b-fe6192ad4334,base
A3BUPP17IY7I1H,2,2,retest,0,action_follows,action_follows_target,table,floor,The wine glass is on the table. The wine glass falls over. The wine spills on the BLANK.,8a00bd55-84cc-51cb-837b-fe6192ad4334,base
A3BUPP17IY7I1H,2,2,retest,1,egocentric_distant,egocentric_distant_context,in front of,behind,Chicago is BLANK Ali. Ali turns left. Chicago is right of Ali.,caa99020-6057-5d4a-ba54-c6262b93fbd6,base
A3BUPP17IY7I1H,2,2,retest,1,egocentric_distant,egocentric_distant_context,in front of,behind,Chicago is BLANK Ali. Ali turns left. Chicago is right of Ali.,caa99020-6057-5d4a-ba54-c6262b93fbd6,base
A3BUPP17IY7I1H,2,2,retest,0,egocentric_near,egocentric_near_context,right of,left of,Ali is BLANK the painting. Ali turns around. Ali is right of the painting.,dddb2cfa-31e1-5083-8686-43d95ab369ea,base
A3BUPP17IY7I1H,2,2,retest,0,egocentric_near,egocentric_near_context,right of,left of,Ali is BLANK the painting. Ali turns around. Ali is right of the painting.,dddb2cfa-31e1-5083-8686-43d95ab369ea,base
A3BUPP17IY7I1H,2,2,retest,0,egocentric_near,egocentric_near_context,right,left,The painting is to Ali's BLANK. The painting is moved right. The painting is to Ali's right.,62cd0646-56c3-54a3-b533-01c5754318f3,base
A3BUPP17IY7I1H,2,2,retest,0,egocentric_near,egocentric_near_context,right,left,The painting is to Ali's BLANK. The painting is moved right. The painting is to Ali's right.,62cd0646-56c3-54a3-b533-01c5754318f3,base
A3BUPP17IY7I1H,2,2,retest,1,egocentric_distant,egocentric_distant_target,right of,left of,Ali is facing away from Chicago. Ali turns right. Chicago is BLANK Ali.,ab3abdc8-bc90-5780-b8cb-2b0fb3ad02ff,base
A3BUPP17IY7I1H,2,2,retest,1,egocentric_distant,egocentric_distant_target,right of,left of,Ali is facing away from Chicago. Ali turns right. Chicago is BLANK Ali.,ab3abdc8-bc90-5780-b8cb-2b0fb3ad02ff,base
A3BUPP17IY7I1H,2,2,retest,0,egocentric_near,egocentric_near_target,right of,left of,Ali is right of the painting. Ali turns around. Ali is BLANK the painting.,ff50283a-6025-5358-9f0a-de831120e8dc,base
A3BUPP17IY7I1H,2,2,retest,0,egocentric_near,egocentric_near_target,right of,left of,Ali is right of the painting. Ali turns around. Ali is BLANK the painting.,ff50283a-6025-5358-9f0a-de831120e8dc,base
A3BUPP17IY7I1H,2,2,retest,1,egocentric_near,egocentric_near_target,behind,in front of,The painting is right of Ali. Ali turns left. The painting is BLANK Ali.,3a1992c7-e8c1-55ab-843c-616cf72ae3d9,base
A3BUPP17IY7I1H,2,2,retest,1,egocentric_near,egocentric_near_target,behind,in front of,The painting is right of Ali. Ali turns left. The painting is BLANK Ali.,3a1992c7-e8c1-55ab-843c-616cf72ae3d9,base
A3BUPP17IY7I1H,2,2,retest,1,action_follows,action_follows_context,in front of,behind,Ali is BLANK the wagon. Ali pulls on the wagon. The wagon moves.,bf03a4f6-7f78-5d3b-935b-023b8abf081d,base
A3BUPP17IY7I1H,2,2,retest,1,action_follows,action_follows_context,in front of,behind,Ali is BLANK the wagon. Ali pulls on the wagon. The wagon moves.,bf03a4f6-7f78-5d3b-935b-023b8abf081d,base
A3BUPP17IY7I1H,2,2,retest,0,egocentric_distant,egocentric_distant_context,away from,towards,Ali is facing BLANK Chicago. Ali turns left. Chicago is left of Ali.,da7ca003-81b2-5c22-8a25-edaf430f013d,base
A3BUPP17IY7I1H,2,2,retest,0,egocentric_distant,egocentric_distant_context,away from,towards,Ali is facing BLANK Chicago. Ali turns left. Chicago is left of Ali.,da7ca003-81b2-5c22-8a25-edaf430f013d,base
A3BUPP17IY7I1H,2,2,retest,0,state_nonfollows,state_nonfollows_target,dry,wet,The empty glass is on the table. Ali knocks the glass over. The table is BLANK.,03be173e-02aa-5a79-968a-ce8ea00117d3,base
A3BUPP17IY7I1H,2,2,retest,0,state_nonfollows,state_nonfollows_target,dry,wet,The empty glass is on the table. Ali knocks the glass over. The table is BLANK.,03be173e-02aa-5a79-968a-ce8ea00117d3,base
A3BUPP17IY7I1H,2,2,retest,0,egocentric_near,egocentric_near_context,left,right,The painting is to Ali's BLANK. The painting is moved left. The painting is to Ali's right.,5eae654e-13dc-5485-8e29-6016fcf0bcc5,base
A3BUPP17IY7I1H,2,2,retest,0,egocentric_near,egocentric_near_context,left,right,The painting is to Ali's BLANK. The painting is moved left. The painting is to Ali's right.,5eae654e-13dc-5485-8e29-6016fcf0bcc5,base
A3BUPP17IY7I1H,2,2,retest,0,action_nonfollows,action_nonfollows_target,moves,doesn't move,The glass is on the table and the cup is on the floor. Ali picks up the glass. The cup BLANK.,aca6ce57-66cc-5a28-8b0c-b55d84cbbeb5,base
A3BUPP17IY7I1H,2,2,retest,0,action_nonfollows,action_nonfollows_target,moves,doesn't move,The glass is on the table and the cup is on the floor. Ali picks up the glass. The cup BLANK.,aca6ce57-66cc-5a28-8b0c-b55d84cbbeb5,base
A3BUPP17IY7I1H,2,2,retest,0,action_nonfollows,action_nonfollows_target,close to,far from,The bowling ball is close to Ali. Ali throws the bowling ball. The bowling ball is BLANK Ali.,d7036c0b-8b82-5d23-a012-57ae1b59e7bc,base
A3BUPP17IY7I1H,2,2,retest,0,action_nonfollows,action_nonfollows_target,close to,far from,The bowling ball is close to Ali. Ali throws the bowling ball. The bowling ball is BLANK Ali.,d7036c0b-8b82-5d23-a012-57ae1b59e7bc,base
A3BUPP17IY7I1H,2,2,retest,1,state_nonfollows,state_nonfollows_target,doesn't break,breaks,The brick is on the table. Ali bumps the brick off the table. The brick BLANK.,0a07145e-59b3-581f-bd0a-86eff289a0ce,base
A3BUPP17IY7I1H,2,2,retest,1,state_nonfollows,state_nonfollows_target,doesn't break,breaks,The brick is on the table. Ali bumps the brick off the table. The brick BLANK.,0a07145e-59b3-581f-bd0a-86eff289a0ce,base
A3BUPP17IY7I1H,2,2,retest,0,egocentric_distant,egocentric_distant_target,left of,right of,Chicago is in front of Ali. Ali turns right. Chicago is BLANK Ali.,b7458eb1-0f7d-5cf1-9d74-c4b391425177,base
A3BUPP17IY7I1H,2,2,retest,0,egocentric_distant,egocentric_distant_target,left of,right of,Chicago is in front of Ali. Ali turns right. Chicago is BLANK Ali.,b7458eb1-0f7d-5cf1-9d74-c4b391425177,base
A3BUPP17IY7I1H,2,2,retest,1,action_nonfollows,action_nonfollows_target,doesn't move,moves,The book is under the table. Ali moves the table. The book BLANK.,5859e8ff-6125-598f-b093-8490c86f6e42,base
A3BUPP17IY7I1H,2,2,retest,1,action_nonfollows,action_nonfollows_target,doesn't move,moves,The book is under the table. Ali moves the table. The book BLANK.,5859e8ff-6125-598f-b093-8490c86f6e42,base
A3EYPW6CQLFHWO,2,5,retest,1,geocentric_near,geocentric_near_target,West of,East of,The painting is West of Ali. Ali turns around. The painting is BLANK Ali.,f40523d5-45d1-5f96-b162-ae6520bf7202,base
A3EYPW6CQLFHWO,2,5,retest,0,geocentric_near,geocentric_near_context,West of,North of,The statue is BLANK Ali. Ali walks South. The statue is West of Ali.,53eb0547-cabf-5f87-bb4d-eeb9eb0e29ca,base
A3EYPW6CQLFHWO,2,5,retest,0,geocentric_near,geocentric_near_target,North of,West of,The painting is North of Ali. Ali turns left. The painting is BLANK Ali.,bdee18b4-ee23-5b20-bae4-65648a17a7e7,base
A3EYPW6CQLFHWO,2,5,retest,0,geocentric_near,geocentric_near_context,East of,North of,The painting is BLANK Ali. Ali turns left. The painting is East of Ali.,6739b82c-779d-5d65-91f9-d9be398a0575,base
A3EYPW6CQLFHWO,2,5,retest,0,geocentric_distant,geocentric_distant_context,East,West,Ali is BLANK of Milwaukee. Ali walks West. Ali is getting closer to Milwaukee.,ecba7770-0edf-5558-834c-89382aa91d3c,base
A3EYPW6CQLFHWO,2,5,retest,1,geocentric_near,geocentric_near_target,South,North,Mark is facing East. Mark turns 90 degrees to his right. Mark is facing BLANK.,815c9fc1-43f2-5386-90fa-6c0db0268448,base
A3EYPW6CQLFHWO,2,5,retest,1,geocentric_near,geocentric_near_context,South of,West of,The statue is BLANK Ali. Ali walks East. The statue is South of Ali.,8252c422-568f-56ae-a206-72dd86dd7b40,base
A3EYPW6CQLFHWO,2,5,retest,0,geocentric_near,geocentric_near_context,West of,East of,The painting is BLANK of Ali. Ali turns around. The painting is West of Ali.,a22b454f-f1c2-51cf-a7f3-f1d55dc1383d,base
A3EYPW6CQLFHWO,2,5,retest,0,geocentric_distant,geocentric_distant_context,West of,North of,Milwaukee is BLANK Ali. Ali turns right. Milwaukee is West of Ali.,20c122a7-ab2c-5966-b297-c5040adfe23e,base
A3EYPW6CQLFHWO,2,5,retest,0,geocentric_distant,geocentric_distant_context,West of,South of,Milwaukee is BLANK Ali. Ali turns left. Milwaukee is West of Ali.,aeefbdde-433a-5ea8-93fd-c5b5c1788a6e,base
A3EYPW6CQLFHWO,2,5,retest,0,geocentric_near,geocentric_near_context,West of,North of,The painting is BLANK Ali. Ali turns right. The painting is West of Ali.,df69c89a-abfd-5c88-b5fa-7baaa5a6d4de,base
A3EYPW6CQLFHWO,2,5,retest,1,geocentric_near,geocentric_near_target,East,West,Mark is facing North. Mark turns 90 degrees to his right. Mark is facing BLANK.,4684617b-bc66-5458-84f2-0a4ff0a561ac,base
A3EYPW6CQLFHWO,2,5,retest,1,geocentric_near,geocentric_near_target,West of,North of,The statue is West of Ali. Ali walks South. The statue is BLANK of Ali.,b98ce98d-a5c6-5c6e-92a3-473ae5b1df40,base
A3EYPW6CQLFHWO,2,5,retest,0,geocentric_distant,geocentric_distant_context,West of,East of,Milwaukee is BLANK Ali. Ali turns around. Milwaukee is West of Ali.,5971347d-237f-515b-b782-01ff47f5650a,base
A3EYPW6CQLFHWO,2,5,retest,1,geocentric_distant,geocentric_distant_target,West of,North of,Milwaukee is West of Ali. Ali turns right. Milwaukee is BLANK Ali.,ab393531-7a45-54be-8745-da5f51d0a854,base
A3EYPW6CQLFHWO,2,5,retest,0,geocentric_near,geocentric_near_target,South of,North of,The painting is South of Ali. Ali turns around. The painting is BLANK Ali.,de7d1dc5-03dc-52ca-8424-ff56dbd5e0d7,base
A3EYPW6CQLFHWO,2,5,retest,1,geocentric_near,geocentric_near_target,North of,East of,The statue is North of Ali. Ali walks West. The statue is BLANK of Ali.,509b8364-1a32-5e7f-93c8-449b551718c5,base
A3EYPW6CQLFHWO,2,5,retest,0,geocentric_near,geocentric_near_target,North of,West of,The statue is North of Ali. Ali walks East. The statue is BLANK of Ali.,53b9d39a-77d2-590e-9013-2041416cf80e,base
A3EYPW6CQLFHWO,2,5,retest,1,geocentric_near,geocentric_near_context,North of,West of,The painting is BLANK Ali. Ali turns left. The painting is North of Ali.,6e349340-1734-5b6c-94b3-79765fdef94d,base
A3EYPW6CQLFHWO,2,5,retest,0,geocentric_near,geocentric_near_context,West of,East of,The box is BLANK Ali. Ali turns around. The box is West of Ali.,54597470-4866-5387-8c1a-5629d30b67d7,base
A3EYPW6CQLFHWO,2,5,retest,1,geocentric_near,geocentric_near_context,East of,South of,The statue is BLANK Ali. Ali walks North. The statue is East of Ali.,c0571aef-9e9a-5c28-8136-16cf5969f8c4,base
A3EYPW6CQLFHWO,2,5,retest,1,geocentric_near,geocentric_near_context,South of,North of,The box is BLANK Ali. Ali turns around. The box is South of Ali.,c571fc7a-710d-59d5-a140-4564ef29503a,base
A3EYPW6CQLFHWO,2,5,retest,1,geocentric_near,geocentric_near_target,North of,South of,The box is North of Ali. Ali turns around. The box is BLANK Ali.,ba1c054b-7213-5f8e-bf33-019a9a67c091,base
A3EYPW6CQLFHWO,2,5,retest,1,geocentric_near,geocentric_near_target,East of,North of,The painting is East of Ali. Ali turns left. The painting is BLANK Ali.,1524fa21-bce4-5af0-9fdc-6a1ff52e8db6,base
A3EYPW6CQLFHWO,2,5,retest,1,geocentric_distant,geocentric_distant_target,East of,South of,Milwaukee is East of Ali. Ali turns right. Milwaukee is BLANK Ali.,ce49bac3-2edd-5319-8db6-9c23dcaffb9e,base
A3EYPW6CQLFHWO,2,5,retest,1,geocentric_near,geocentric_near_target,East of,South of,The statue is East of Ali. Ali walks North. The statue is BLANK of Ali.,84f02edd-6bd8-5f19-8279-4ada591a8a0b,base
A3EYPW6CQLFHWO,2,5,retest,1,geocentric_distant,geocentric_distant_context,South of,East of,Milwaukee is BLANK Ali. Ali turns left. Milwaukee is South of Ali.,5d911c67-0b83-55ee-8134-8ce38b110d99,base
A3EYPW6CQLFHWO,2,5,retest,1,geocentric_distant,geocentric_distant_target,North of,South of,Milwaukee is North of Ali. Ali turns around. Milwaukee is BLANK Ali.,5ee8a7e5-a2c1-5a21-b180-f0a7a538e6be,base
A3EYPW6CQLFHWO,2,5,retest,1,geocentric_near,geocentric_near_context,South of,North of,The painting is BLANK Ali. Ali turns around. The painting is South of Ali.,57cc77e0-a299-5a13-85a3-20664a0f6ef1,base
A3EYPW6CQLFHWO,2,5,retest,0,geocentric_distant,geocentric_distant_target,further from,closer to,Ali is East of Milwaukee. Ali walks East. Ali is getting BLANK Milwaukee.,322374e3-84ec-5bc6-9a25-6ed40685fec2,base
A3EYPW6CQLFHWO,2,5,retest,0,geocentric_near,geocentric_near_target,South of,West of,The painting is South of Ali. Ali turns right. The painting is BLANK Ali.,210a7a1b-215f-574d-96be-bb4575d7df97,base
A3EYPW6CQLFHWO,2,5,retest,0,geocentric_distant,geocentric_distant_target,closer to,further from,Ali is South of Milwaukee. Ali walks North. Ali is getting BLANK Milwaukee.,21a31cff-69cd-5fb6-aa15-b02b298e738a,base
A3EYPW6CQLFHWO,2,5,retest,0,geocentric_distant,geocentric_distant_context,East,West,Ali is BLANK of Milwaukee. Ali walks East. Ali is getting further from Milwaukee.,d49f1d3c-5027-5233-ac07-8710c3e3b449,base
A3EYPW6CQLFHWO,2,5,retest,0,geocentric_distant,geocentric_distant_context,South,North,Ali is BLANK of Milwaukee. Ali walks North. Ali is getting closer to Milwaukee.,10ca4a05-1305-559c-8e2c-dfbf1794f86d,base
A3EYPW6CQLFHWO,2,5,retest,1,geocentric_distant,geocentric_distant_context,East of,South of,Milwaukee is BLANK Ali. Ali turns right. Milwaukee is East of Ali.,b9877f9e-1fa9-545f-ac6d-fe640fc90d29,base
A3EYPW6CQLFHWO,2,5,retest,1,geocentric_distant,geocentric_distant_target,North of,West of,Milwaukee is North of Ali. Ali turns left. Milwaukee is BLANK Ali.,4ec6ce58-d4e5-5258-9721-9abd60a41155,base
A3EYPW6CQLFHWO,2,5,retest,1,geocentric_near,geocentric_near_target,West of,North of,The painting is West of Ali. Ali turns right. The painting is BLANK Ali.,9d469069-c214-567d-a48d-359883082244,base
A3EYPW6CQLFHWO,2,5,retest,0,geocentric_distant,geocentric_distant_context,South,North,Ali is BLANK of Milwaukee. Ali walks South. Ali is getting further from Milwaukee.,d254416b-1414-500b-a96f-e13cb28c20dc,base
A3EYPW6CQLFHWO,2,5,retest,1,geocentric_distant,geocentric_distant_context,North of,West of,Milwaukee is BLANK Ali. Ali turns left. Milwaukee is North of Ali.,77cc2803-02b1-54af-a10d-fb663433d4ec,base
A3EYPW6CQLFHWO,2,5,retest,1,geocentric_near,geocentric_near_context,North of,South of,The box is BLANK Ali. Ali turns around. The box is North of Ali.,cdb36630-3e0a-5c82-9cdf-40f72ff02544,base
A3EYPW6CQLFHWO,2,5,retest,1,geocentric_near,geocentric_near_context,South of,East of,The painting is BLANK Ali. Ali turns left. The painting is South of Ali.,b470477e-c9cf-5a97-a47c-98dd08229c8e,base
A3EYPW6CQLFHWO,2,5,retest,1,geocentric_near,geocentric_near_target,West of,East of,The painting is West of Ali. Ali turns around. The painting is BLANK Ali.,f40523d5-45d1-5f96-b162-ae6520bf7202,base
A3EYPW6CQLFHWO,2,5,retest,1,geocentric_near,geocentric_near_target,West of,East of,The painting is West of Ali. Ali turns around. The painting is BLANK Ali.,f40523d5-45d1-5f96-b162-ae6520bf7202,base
A3EYPW6CQLFHWO,2,5,retest,1,geocentric_near,geocentric_near_context,West of,North of,The statue is BLANK Ali. Ali walks South. The statue is West of Ali.,53eb0547-cabf-5f87-bb4d-eeb9eb0e29ca,base
A3EYPW6CQLFHWO,2,5,retest,1,geocentric_near,geocentric_near_context,West of,North of,The statue is BLANK Ali. Ali walks South. The statue is West of Ali.,53eb0547-cabf-5f87-bb4d-eeb9eb0e29ca,base
A3EYPW6CQLFHWO,2,5,retest,1,geocentric_near,geocentric_near_target,North of,West of,The painting is North of Ali. Ali turns left. The painting is BLANK Ali.,bdee18b4-ee23-5b20-bae4-65648a17a7e7,base
A3EYPW6CQLFHWO,2,5,retest,1,geocentric_near,geocentric_near_target,North of,West of,The painting is North of Ali. Ali turns left. The painting is BLANK Ali.,bdee18b4-ee23-5b20-bae4-65648a17a7e7,base
A3EYPW6CQLFHWO,2,5,retest,1,geocentric_near,geocentric_near_context,East of,North of,The painting is BLANK Ali. Ali turns left. The painting is East of Ali.,6739b82c-779d-5d65-91f9-d9be398a0575,base
A3EYPW6CQLFHWO,2,5,retest,1,geocentric_near,geocentric_near_context,East of,North of,The painting is BLANK Ali. Ali turns left. The painting is East of Ali.,6739b82c-779d-5d65-91f9-d9be398a0575,base
A3EYPW6CQLFHWO,2,5,retest,0,geocentric_distant,geocentric_distant_context,East,West,Ali is BLANK of Milwaukee. Ali walks West. Ali is getting closer to Milwaukee.,ecba7770-0edf-5558-834c-89382aa91d3c,base
A3EYPW6CQLFHWO,2,5,retest,0,geocentric_distant,geocentric_distant_context,East,West,Ali is BLANK of Milwaukee. Ali walks West. Ali is getting closer to Milwaukee.,ecba7770-0edf-5558-834c-89382aa91d3c,base
A3EYPW6CQLFHWO,2,5,retest,1,geocentric_near,geocentric_near_context,West of,East of,The painting is BLANK of Ali. Ali turns around. The painting is West of Ali.,a22b454f-f1c2-51cf-a7f3-f1d55dc1383d,base
A3EYPW6CQLFHWO,2,5,retest,1,geocentric_near,geocentric_near_context,West of,East of,The painting is BLANK of Ali. Ali turns around. The painting is West of Ali.,a22b454f-f1c2-51cf-a7f3-f1d55dc1383d,base
A3EYPW6CQLFHWO,2,5,retest,1,geocentric_distant,geocentric_distant_context,West of,North of,Milwaukee is BLANK Ali. Ali turns right. Milwaukee is West of Ali.,20c122a7-ab2c-5966-b297-c5040adfe23e,base
A3EYPW6CQLFHWO,2,5,retest,1,geocentric_distant,geocentric_distant_context,West of,North of,Milwaukee is BLANK Ali. Ali turns right. Milwaukee is West of Ali.,20c122a7-ab2c-5966-b297-c5040adfe23e,base
A3EYPW6CQLFHWO,2,5,retest,1,geocentric_distant,geocentric_distant_context,West of,South of,Milwaukee is BLANK Ali. Ali turns left. Milwaukee is West of Ali.,aeefbdde-433a-5ea8-93fd-c5b5c1788a6e,base
A3EYPW6CQLFHWO,2,5,retest,1,geocentric_distant,geocentric_distant_context,West of,South of,Milwaukee is BLANK Ali. Ali turns left. Milwaukee is West of Ali.,aeefbdde-433a-5ea8-93fd-c5b5c1788a6e,base
A3EYPW6CQLFHWO,2,5,retest,1,geocentric_near,geocentric_near_context,West of,North of,The painting is BLANK Ali. Ali turns right. The painting is West of Ali.,df69c89a-abfd-5c88-b5fa-7baaa5a6d4de,base
A3EYPW6CQLFHWO,2,5,retest,1,geocentric_near,geocentric_near_context,West of,North of,The painting is BLANK Ali. Ali turns right. The painting is West of Ali.,df69c89a-abfd-5c88-b5fa-7baaa5a6d4de,base
A3EYPW6CQLFHWO,2,5,retest,1,geocentric_distant,geocentric_distant_context,West of,East of,Milwaukee is BLANK Ali. Ali turns around. Milwaukee is West of Ali.,5971347d-237f-515b-b782-01ff47f5650a,base
A3EYPW6CQLFHWO,2,5,retest,1,geocentric_distant,geocentric_distant_context,West of,East of,Milwaukee is BLANK Ali. Ali turns around. Milwaukee is West of Ali.,5971347d-237f-515b-b782-01ff47f5650a,base
A3EYPW6CQLFHWO,2,5,retest,1,geocentric_distant,geocentric_distant_target,West of,North of,Milwaukee is West of Ali. Ali turns right. Milwaukee is BLANK Ali.,ab393531-7a45-54be-8745-da5f51d0a854,base
A3EYPW6CQLFHWO,2,5,retest,1,geocentric_distant,geocentric_distant_target,West of,North of,Milwaukee is West of Ali. Ali turns right. Milwaukee is BLANK Ali.,ab393531-7a45-54be-8745-da5f51d0a854,base
A3EYPW6CQLFHWO,2,5,retest,1,geocentric_near,geocentric_near_target,South of,North of,The painting is South of Ali. Ali turns around. The painting is BLANK Ali.,de7d1dc5-03dc-52ca-8424-ff56dbd5e0d7,base
A3EYPW6CQLFHWO,2,5,retest,1,geocentric_near,geocentric_near_target,South of,North of,The painting is South of Ali. Ali turns around. The painting is BLANK Ali.,de7d1dc5-03dc-52ca-8424-ff56dbd5e0d7,base
A3EYPW6CQLFHWO,2,5,retest,1,geocentric_near,geocentric_near_target,North of,East of,The statue is North of Ali. Ali walks West. The statue is BLANK of Ali.,509b8364-1a32-5e7f-93c8-449b551718c5,base
A3EYPW6CQLFHWO,2,5,retest,1,geocentric_near,geocentric_near_target,North of,East of,The statue is North of Ali. Ali walks West. The statue is BLANK of Ali.,509b8364-1a32-5e7f-93c8-449b551718c5,base
A3EYPW6CQLFHWO,2,5,retest,0,geocentric_near,geocentric_near_target,North of,West of,The statue is North of Ali. Ali walks East. The statue is BLANK of Ali.,53b9d39a-77d2-590e-9013-2041416cf80e,base
A3EYPW6CQLFHWO,2,5,retest,0,geocentric_near,geocentric_near_target,North of,West of,The statue is North of Ali. Ali walks East. The statue is BLANK of Ali.,53b9d39a-77d2-590e-9013-2041416cf80e,base
A3EYPW6CQLFHWO,2,5,retest,1,geocentric_near,geocentric_near_context,West of,East of,The box is BLANK Ali. Ali turns around. The box is West of Ali.,54597470-4866-5387-8c1a-5629d30b67d7,base
A3EYPW6CQLFHWO,2,5,retest,1,geocentric_near,geocentric_near_context,West of,East of,The box is BLANK Ali. Ali turns around. The box is West of Ali.,54597470-4866-5387-8c1a-5629d30b67d7,base
A3EYPW6CQLFHWO,2,5,retest,1,geocentric_near,geocentric_near_context,East of,South of,The statue is BLANK Ali. Ali walks North. The statue is East of Ali.,c0571aef-9e9a-5c28-8136-16cf5969f8c4,base
A3EYPW6CQLFHWO,2,5,retest,1,geocentric_near,geocentric_near_context,East of,South of,The statue is BLANK Ali. Ali walks North. The statue is East of Ali.,c0571aef-9e9a-5c28-8136-16cf5969f8c4,base
A3EYPW6CQLFHWO,2,5,retest,1,geocentric_near,geocentric_near_context,South of,North of,The box is BLANK Ali. Ali turns around. The box is South of Ali.,c571fc7a-710d-59d5-a140-4564ef29503a,base
A3EYPW6CQLFHWO,2,5,retest,1,geocentric_near,geocentric_near_context,South of,North of,The box is BLANK Ali. Ali turns around. The box is South of Ali.,c571fc7a-710d-59d5-a140-4564ef29503a,base
A3EYPW6CQLFHWO,2,5,retest,1,geocentric_near,geocentric_near_target,East of,South of,The statue is East of Ali. Ali walks North. The statue is BLANK of Ali.,84f02edd-6bd8-5f19-8279-4ada591a8a0b,base
A3EYPW6CQLFHWO,2,5,retest,1,geocentric_near,geocentric_near_target,East of,South of,The statue is East of Ali. Ali walks North. The statue is BLANK of Ali.,84f02edd-6bd8-5f19-8279-4ada591a8a0b,base
A3EYPW6CQLFHWO,2,5,retest,1,geocentric_near,geocentric_near_context,South of,North of,The painting is BLANK Ali. Ali turns around. The painting is South of Ali.,57cc77e0-a299-5a13-85a3-20664a0f6ef1,base
A3EYPW6CQLFHWO,2,5,retest,1,geocentric_near,geocentric_near_context,South of,North of,The painting is BLANK Ali. Ali turns around. The painting is South of Ali.,57cc77e0-a299-5a13-85a3-20664a0f6ef1,base
A3EYPW6CQLFHWO,2,5,retest,0,geocentric_distant,geocentric_distant_target,further from,closer to,Ali is East of Milwaukee. Ali walks East. Ali is getting BLANK Milwaukee.,322374e3-84ec-5bc6-9a25-6ed40685fec2,base
A3EYPW6CQLFHWO,2,5,retest,0,geocentric_distant,geocentric_distant_target,further from,closer to,Ali is East of Milwaukee. Ali walks East. Ali is getting BLANK Milwaukee.,322374e3-84ec-5bc6-9a25-6ed40685fec2,base
A3EYPW6CQLFHWO,2,5,retest,1,geocentric_near,geocentric_near_target,South of,West of,The painting is South of Ali. Ali turns right. The painting is BLANK Ali.,210a7a1b-215f-574d-96be-bb4575d7df97,base
A3EYPW6CQLFHWO,2,5,retest,1,geocentric_near,geocentric_near_target,South of,West of,The painting is South of Ali. Ali turns right. The painting is BLANK Ali.,210a7a1b-215f-574d-96be-bb4575d7df97,base
A3EYPW6CQLFHWO,2,5,retest,0,geocentric_distant,geocentric_distant_target,closer to,further from,Ali is South of Milwaukee. Ali walks North. Ali is getting BLANK Milwaukee.,21a31cff-69cd-5fb6-aa15-b02b298e738a,base
A3EYPW6CQLFHWO,2,5,retest,0,geocentric_distant,geocentric_distant_target,closer to,further from,Ali is South of Milwaukee. Ali walks North. Ali is getting BLANK Milwaukee.,21a31cff-69cd-5fb6-aa15-b02b298e738a,base
A3EYPW6CQLFHWO,2,5,retest,0,geocentric_distant,geocentric_distant_context,East,West,Ali is BLANK of Milwaukee. Ali walks East. Ali is getting further from Milwaukee.,d49f1d3c-5027-5233-ac07-8710c3e3b449,base
A3EYPW6CQLFHWO,2,5,retest,0,geocentric_distant,geocentric_distant_context,East,West,Ali is BLANK of Milwaukee. Ali walks East. Ali is getting further from Milwaukee.,d49f1d3c-5027-5233-ac07-8710c3e3b449,base
A3EYPW6CQLFHWO,2,5,retest,1,geocentric_distant,geocentric_distant_context,South,North,Ali is BLANK of Milwaukee. Ali walks North. Ali is getting closer to Milwaukee.,10ca4a05-1305-559c-8e2c-dfbf1794f86d,base
A3EYPW6CQLFHWO,2,5,retest,1,geocentric_distant,geocentric_distant_context,South,North,Ali is BLANK of Milwaukee. Ali walks North. Ali is getting closer to Milwaukee.,10ca4a05-1305-559c-8e2c-dfbf1794f86d,base
A3EYPW6CQLFHWO,2,5,retest,1,geocentric_distant,geocentric_distant_target,North of,West of,Milwaukee is North of Ali. Ali turns left. Milwaukee is BLANK Ali.,4ec6ce58-d4e5-5258-9721-9abd60a41155,base
A3EYPW6CQLFHWO,2,5,retest,1,geocentric_distant,geocentric_distant_target,North of,West of,Milwaukee is North of Ali. Ali turns left. Milwaukee is BLANK Ali.,4ec6ce58-d4e5-5258-9721-9abd60a41155,base
A3EYPW6CQLFHWO,2,5,retest,1,geocentric_distant,geocentric_distant_context,South,North,Ali is BLANK of Milwaukee. Ali walks South. Ali is getting further from Milwaukee.,d254416b-1414-500b-a96f-e13cb28c20dc,base
A3EYPW6CQLFHWO,2,5,retest,1,geocentric_distant,geocentric_distant_context,South,North,Ali is BLANK of Milwaukee. Ali walks South. Ali is getting further from Milwaukee.,d254416b-1414-500b-a96f-e13cb28c20dc,base
A3EYPW6CQLFHWO,2,5,retest,1,geocentric_distant,geocentric_distant_context,North of,West of,Milwaukee is BLANK Ali. Ali turns left. Milwaukee is North of Ali.,77cc2803-02b1-54af-a10d-fb663433d4ec,base
A3EYPW6CQLFHWO,2,5,retest,1,geocentric_distant,geocentric_distant_context,North of,West of,Milwaukee is BLANK Ali. Ali turns left. Milwaukee is North of Ali.,77cc2803-02b1-54af-a10d-fb663433d4ec,base
A3EYPW6CQLFHWO,2,5,retest,1,geocentric_near,geocentric_near_context,South of,East of,The painting is BLANK Ali. Ali turns left. The painting is South of Ali.,b470477e-c9cf-5a97-a47c-98dd08229c8e,base
A3EYPW6CQLFHWO,2,5,retest,1,geocentric_near,geocentric_near_context,South of,East of,The painting is BLANK Ali. Ali turns left. The painting is South of Ali.,b470477e-c9cf-5a97-a47c-98dd08229c8e,base
A3H409OOR6NJF,2,5,retest,1,geocentric_near,geocentric_near_context,West of,East of,The box is BLANK Ali. Ali turns around. The box is West of Ali.,54597470-4866-5387-8c1a-5629d30b67d7,base
A3H409OOR6NJF,2,5,retest,1,geocentric_distant,geocentric_distant_target,East of,South of,Milwaukee is East of Ali. Ali turns right. Milwaukee is BLANK Ali.,ce49bac3-2edd-5319-8db6-9c23dcaffb9e,base
A3H409OOR6NJF,2,5,retest,1,geocentric_near,geocentric_near_target,East of,South of,The statue is East of Ali. Ali walks North. The statue is BLANK of Ali.,84f02edd-6bd8-5f19-8279-4ada591a8a0b,base
A3H409OOR6NJF,2,5,retest,1,geocentric_near,geocentric_near_context,East of,North of,The painting is BLANK Ali. Ali turns left. The painting is East of Ali.,6739b82c-779d-5d65-91f9-d9be398a0575,base
A3H409OOR6NJF,2,5,retest,0,geocentric_near,geocentric_near_target,North of,South of,The box is North of Ali. Ali turns around. The box is BLANK Ali.,ba1c054b-7213-5f8e-bf33-019a9a67c091,base
A3H409OOR6NJF,2,5,retest,1,geocentric_near,geocentric_near_context,South of,West of,The statue is BLANK Ali. Ali walks East. The statue is South of Ali.,8252c422-568f-56ae-a206-72dd86dd7b40,base
A3H409OOR6NJF,2,5,retest,1,geocentric_distant,geocentric_distant_context,West of,East of,Milwaukee is BLANK Ali. Ali turns around. Milwaukee is West of Ali.,5971347d-237f-515b-b782-01ff47f5650a,base
A3H409OOR6NJF,2,5,retest,1,geocentric_near,geocentric_near_context,West of,East of,The painting is BLANK of Ali. Ali turns around. The painting is West of Ali.,a22b454f-f1c2-51cf-a7f3-f1d55dc1383d,base
A3H409OOR6NJF,2,5,retest,1,geocentric_distant,geocentric_distant_context,South of,East of,Milwaukee is BLANK Ali. Ali turns left. Milwaukee is South of Ali.,5d911c67-0b83-55ee-8134-8ce38b110d99,base
A3H409OOR6NJF,2,5,retest,0,geocentric_distant,geocentric_distant_context,South,North,Ali is BLANK of Milwaukee. Ali walks South. Ali is getting further from Milwaukee.,d254416b-1414-500b-a96f-e13cb28c20dc,base
A3H409OOR6NJF,2,5,retest,1,geocentric_distant,geocentric_distant_target,North of,West of,Milwaukee is North of Ali. Ali turns left. Milwaukee is BLANK Ali.,4ec6ce58-d4e5-5258-9721-9abd60a41155,base
A3H409OOR6NJF,2,5,retest,1,geocentric_near,geocentric_near_target,North of,West of,The statue is North of Ali. Ali walks East. The statue is BLANK of Ali.,53b9d39a-77d2-590e-9013-2041416cf80e,base
A3H409OOR6NJF,2,5,retest,1,geocentric_near,geocentric_near_context,West of,North of,The statue is BLANK Ali. Ali walks South. The statue is West of Ali.,53eb0547-cabf-5f87-bb4d-eeb9eb0e29ca,base
A3H409OOR6NJF,2,5,retest,1,geocentric_distant,geocentric_distant_target,West of,North of,Milwaukee is West of Ali. Ali turns right. Milwaukee is BLANK Ali.,ab393531-7a45-54be-8745-da5f51d0a854,base
A3H409OOR6NJF,2,5,retest,1,geocentric_distant,geocentric_distant_target,closer to,further from,Ali is South of Milwaukee. Ali walks North. Ali is getting BLANK Milwaukee.,21a31cff-69cd-5fb6-aa15-b02b298e738a,base
A3H409OOR6NJF,2,5,retest,1,geocentric_near,geocentric_near_target,West of,North of,The painting is West of Ali. Ali turns right. The painting is BLANK Ali.,9d469069-c214-567d-a48d-359883082244,base
A3H409OOR6NJF,2,5,retest,1,geocentric_near,geocentric_near_context,South of,East of,The painting is BLANK Ali. Ali turns left. The painting is South of Ali.,b470477e-c9cf-5a97-a47c-98dd08229c8e,base
A3H409OOR6NJF,2,5,retest,1,geocentric_near,geocentric_near_target,West of,East of,The painting is West of Ali. Ali turns around. The painting is BLANK Ali.,f40523d5-45d1-5f96-b162-ae6520bf7202,base
A3H409OOR6NJF,2,5,retest,1,geocentric_near,geocentric_near_target,North of,East of,The statue is North of Ali. Ali walks West. The statue is BLANK of Ali.,509b8364-1a32-5e7f-93c8-449b551718c5,base
A3H409OOR6NJF,2,5,retest,1,geocentric_near,geocentric_near_context,South of,North of,The box is BLANK Ali. Ali turns around. The box is South of Ali.,c571fc7a-710d-59d5-a140-4564ef29503a,base
A3H409OOR6NJF,2,5,retest,1,geocentric_near,geocentric_near_target,South of,North of,The painting is South of Ali. Ali turns around. The painting is BLANK Ali.,de7d1dc5-03dc-52ca-8424-ff56dbd5e0d7,base
A3H409OOR6NJF,2,5,retest,1,geocentric_distant,geocentric_distant_context,South,North,Ali is BLANK of Milwaukee. Ali walks North. Ali is getting closer to Milwaukee.,10ca4a05-1305-559c-8e2c-dfbf1794f86d,base
A3H409OOR6NJF,2,5,retest,1,geocentric_near,geocentric_near_target,East of,North of,The painting is East of Ali. Ali turns left. The painting is BLANK Ali.,1524fa21-bce4-5af0-9fdc-6a1ff52e8db6,base
A3H409OOR6NJF,2,5,retest,0,geocentric_distant,geocentric_distant_context,East,West,Ali is BLANK of Milwaukee. Ali walks East. Ali is getting further from Milwaukee.,d49f1d3c-5027-5233-ac07-8710c3e3b449,base
A3H409OOR6NJF,2,5,retest,1,geocentric_near,geocentric_near_target,North of,West of,The painting is North of Ali. Ali turns left. The painting is BLANK Ali.,bdee18b4-ee23-5b20-bae4-65648a17a7e7,base
A3H409OOR6NJF,2,5,retest,1,geocentric_near,geocentric_near_target,West of,North of,The statue is West of Ali. Ali walks South. The statue is BLANK of Ali.,b98ce98d-a5c6-5c6e-92a3-473ae5b1df40,base
A3H409OOR6NJF,2,5,retest,1,geocentric_distant,geocentric_distant_context,North of,West of,Milwaukee is BLANK Ali. Ali turns left. Milwaukee is North of Ali.,77cc2803-02b1-54af-a10d-fb663433d4ec,base
A3H409OOR6NJF,2,5,retest,1,geocentric_near,geocentric_near_target,South of,West of,The painting is South of Ali. Ali turns right. The painting is BLANK Ali.,210a7a1b-215f-574d-96be-bb4575d7df97,base
A3H409OOR6NJF,2,5,retest,1,geocentric_distant,geocentric_distant_context,East of,South of,Milwaukee is BLANK Ali. Ali turns right. Milwaukee is East of Ali.,b9877f9e-1fa9-545f-ac6d-fe640fc90d29,base
A3H409OOR6NJF,2,5,retest,1,geocentric_distant,geocentric_distant_target,further from,closer to,Ali is East of Milwaukee. Ali walks East. Ali is getting BLANK Milwaukee.,322374e3-84ec-5bc6-9a25-6ed40685fec2,base
A3H409OOR6NJF,2,5,retest,1,geocentric_distant,geocentric_distant_context,East,West,Ali is BLANK of Milwaukee. Ali walks West. Ali is getting closer to Milwaukee.,ecba7770-0edf-5558-834c-89382aa91d3c,base
A3H409OOR6NJF,2,5,retest,1,geocentric_near,geocentric_near_context,West of,North of,The painting is BLANK Ali. Ali turns right. The painting is West of Ali.,df69c89a-abfd-5c88-b5fa-7baaa5a6d4de,base
A3H409OOR6NJF,2,5,retest,1,geocentric_distant,geocentric_distant_target,North of,South of,Milwaukee is North of Ali. Ali turns around. Milwaukee is BLANK Ali.,5ee8a7e5-a2c1-5a21-b180-f0a7a538e6be,base
A3H409OOR6NJF,2,5,retest,1,geocentric_near,geocentric_near_target,East,West,Mark is facing North. Mark turns 90 degrees to his right. Mark is facing BLANK.,4684617b-bc66-5458-84f2-0a4ff0a561ac,base
A3H409OOR6NJF,2,5,retest,1,geocentric_near,geocentric_near_context,South of,North of,The painting is BLANK Ali. Ali turns around. The painting is South of Ali.,57cc77e0-a299-5a13-85a3-20664a0f6ef1,base
A3H409OOR6NJF,2,5,retest,1,geocentric_near,geocentric_near_target,South,North,Mark is facing East. Mark turns 90 degrees to his right. Mark is facing BLANK.,815c9fc1-43f2-5386-90fa-6c0db0268448,base
A3H409OOR6NJF,2,5,retest,1,geocentric_near,geocentric_near_context,East of,South of,The statue is BLANK Ali. Ali walks North. The statue is East of Ali.,c0571aef-9e9a-5c28-8136-16cf5969f8c4,base
A3H409OOR6NJF,2,5,retest,1,geocentric_distant,geocentric_distant_context,West of,North of,Milwaukee is BLANK Ali. Ali turns right. Milwaukee is West of Ali.,20c122a7-ab2c-5966-b297-c5040adfe23e,base
A3H409OOR6NJF,2,5,retest,1,geocentric_near,geocentric_near_context,North of,South of,The box is BLANK Ali. Ali turns around. The box is North of Ali.,cdb36630-3e0a-5c82-9cdf-40f72ff02544,base
A3H409OOR6NJF,2,5,retest,1,geocentric_near,geocentric_near_context,North of,West of,The painting is BLANK Ali. Ali turns left. The painting is North of Ali.,6e349340-1734-5b6c-94b3-79765fdef94d,base
A3H409OOR6NJF,2,5,retest,1,geocentric_distant,geocentric_distant_context,West of,South of,Milwaukee is BLANK Ali. Ali turns left. Milwaukee is West of Ali.,aeefbdde-433a-5ea8-93fd-c5b5c1788a6e,base
A3H409OOR6NJF,2,5,retest,1,geocentric_distant,geocentric_distant_target,East of,South of,Milwaukee is East of Ali. Ali turns right. Milwaukee is BLANK Ali.,ce49bac3-2edd-5319-8db6-9c23dcaffb9e,base
A3H409OOR6NJF,2,5,retest,1,geocentric_distant,geocentric_distant_target,East of,South of,Milwaukee is East of Ali. Ali turns right. Milwaukee is BLANK Ali.,ce49bac3-2edd-5319-8db6-9c23dcaffb9e,base
A3H409OOR6NJF,2,5,retest,1,geocentric_near,geocentric_near_target,North of,South of,The box is North of Ali. Ali turns around. The box is BLANK Ali.,ba1c054b-7213-5f8e-bf33-019a9a67c091,base
A3H409OOR6NJF,2,5,retest,1,geocentric_near,geocentric_near_target,North of,South of,The box is North of Ali. Ali turns around. The box is BLANK Ali.,ba1c054b-7213-5f8e-bf33-019a9a67c091,base
A3H409OOR6NJF,2,5,retest,1,geocentric_distant,geocentric_distant_context,South,North,Ali is BLANK of Milwaukee. Ali walks South. Ali is getting further from Milwaukee.,d254416b-1414-500b-a96f-e13cb28c20dc,base
A3H409OOR6NJF,2,5,retest,1,geocentric_distant,geocentric_distant_context,South,North,Ali is BLANK of Milwaukee. Ali walks South. Ali is getting further from Milwaukee.,d254416b-1414-500b-a96f-e13cb28c20dc,base
A3H409OOR6NJF,2,5,retest,1,geocentric_distant,geocentric_distant_target,North of,West of,Milwaukee is North of Ali. Ali turns left. Milwaukee is BLANK Ali.,4ec6ce58-d4e5-5258-9721-9abd60a41155,base
A3H409OOR6NJF,2,5,retest,1,geocentric_distant,geocentric_distant_target,North of,West of,Milwaukee is North of Ali. Ali turns left. Milwaukee is BLANK Ali.,4ec6ce58-d4e5-5258-9721-9abd60a41155,base
A3H409OOR6NJF,2,5,retest,1,geocentric_near,geocentric_near_target,North of,West of,The statue is North of Ali. Ali walks East. The statue is BLANK of Ali.,53b9d39a-77d2-590e-9013-2041416cf80e,base
A3H409OOR6NJF,2,5,retest,1,geocentric_near,geocentric_near_target,North of,West of,The statue is North of Ali. Ali walks East. The statue is BLANK of Ali.,53b9d39a-77d2-590e-9013-2041416cf80e,base
A3H409OOR6NJF,2,5,retest,1,geocentric_distant,geocentric_distant_target,closer to,further from,Ali is South of Milwaukee. Ali walks North. Ali is getting BLANK Milwaukee.,21a31cff-69cd-5fb6-aa15-b02b298e738a,base
A3H409OOR6NJF,2,5,retest,1,geocentric_distant,geocentric_distant_target,closer to,further from,Ali is South of Milwaukee. Ali walks North. Ali is getting BLANK Milwaukee.,21a31cff-69cd-5fb6-aa15-b02b298e738a,base
A3H409OOR6NJF,2,5,retest,1,geocentric_near,geocentric_near_target,West of,North of,The painting is West of Ali. Ali turns right. The painting is BLANK Ali.,9d469069-c214-567d-a48d-359883082244,base
A3H409OOR6NJF,2,5,retest,1,geocentric_near,geocentric_near_target,West of,North of,The painting is West of Ali. Ali turns right. The painting is BLANK Ali.,9d469069-c214-567d-a48d-359883082244,base
A3H409OOR6NJF,2,5,retest,1,geocentric_near,geocentric_near_target,West of,East of,The painting is West of Ali. Ali turns around. The painting is BLANK Ali.,f40523d5-45d1-5f96-b162-ae6520bf7202,base
A3H409OOR6NJF,2,5,retest,1,geocentric_near,geocentric_near_target,West of,East of,The painting is West of Ali. Ali turns around. The painting is BLANK Ali.,f40523d5-45d1-5f96-b162-ae6520bf7202,base
A3H409OOR6NJF,2,5,retest,1,geocentric_distant,geocentric_distant_context,South,North,Ali is BLANK of Milwaukee. Ali walks North. Ali is getting closer to Milwaukee.,10ca4a05-1305-559c-8e2c-dfbf1794f86d,base
A3H409OOR6NJF,2,5,retest,1,geocentric_distant,geocentric_distant_context,South,North,Ali is BLANK of Milwaukee. Ali walks North. Ali is getting closer to Milwaukee.,10ca4a05-1305-559c-8e2c-dfbf1794f86d,base
A3H409OOR6NJF,2,5,retest,1,geocentric_near,geocentric_near_target,East of,North of,The painting is East of Ali. Ali turns left. The painting is BLANK Ali.,1524fa21-bce4-5af0-9fdc-6a1ff52e8db6,base
A3H409OOR6NJF,2,5,retest,1,geocentric_near,geocentric_near_target,East of,North of,The painting is East of Ali. Ali turns left. The painting is BLANK Ali.,1524fa21-bce4-5af0-9fdc-6a1ff52e8db6,base
A3H409OOR6NJF,2,5,retest,1,geocentric_distant,geocentric_distant_context,East,West,Ali is BLANK of Milwaukee. Ali walks East. Ali is getting further from Milwaukee.,d49f1d3c-5027-5233-ac07-8710c3e3b449,base
A3H409OOR6NJF,2,5,retest,1,geocentric_distant,geocentric_distant_context,East,West,Ali is BLANK of Milwaukee. Ali walks East. Ali is getting further from Milwaukee.,d49f1d3c-5027-5233-ac07-8710c3e3b449,base
A3H409OOR6NJF,2,5,retest,1,geocentric_near,geocentric_near_target,West of,North of,The statue is West of Ali. Ali walks South. The statue is BLANK of Ali.,b98ce98d-a5c6-5c6e-92a3-473ae5b1df40,base
A3H409OOR6NJF,2,5,retest,1,geocentric_near,geocentric_near_target,West of,North of,The statue is West of Ali. Ali walks South. The statue is BLANK of Ali.,b98ce98d-a5c6-5c6e-92a3-473ae5b1df40,base
A3H409OOR6NJF,2,5,retest,1,geocentric_near,geocentric_near_target,South of,West of,The painting is South of Ali. Ali turns right. The painting is BLANK Ali.,210a7a1b-215f-574d-96be-bb4575d7df97,base
A3H409OOR6NJF,2,5,retest,1,geocentric_near,geocentric_near_target,South of,West of,The painting is South of Ali. Ali turns right. The painting is BLANK Ali.,210a7a1b-215f-574d-96be-bb4575d7df97,base
A3H409OOR6NJF,2,5,retest,1,geocentric_distant,geocentric_distant_target,further from,closer to,Ali is East of Milwaukee. Ali walks East. Ali is getting BLANK Milwaukee.,322374e3-84ec-5bc6-9a25-6ed40685fec2,base
A3H409OOR6NJF,2,5,retest,1,geocentric_distant,geocentric_distant_target,further from,closer to,Ali is East of Milwaukee. Ali walks East. Ali is getting BLANK Milwaukee.,322374e3-84ec-5bc6-9a25-6ed40685fec2,base
A3H409OOR6NJF,2,5,retest,1,geocentric_near,geocentric_near_target,East,West,Mark is facing North. Mark turns 90 degrees to his right. Mark is facing BLANK.,4684617b-bc66-5458-84f2-0a4ff0a561ac,base
A3H409OOR6NJF,2,5,retest,1,geocentric_near,geocentric_near_target,East,West,Mark is facing North. Mark turns 90 degrees to his right. Mark is facing BLANK.,4684617b-bc66-5458-84f2-0a4ff0a561ac,base
A3H409OOR6NJF,2,5,retest,1,geocentric_near,geocentric_near_context,North of,South of,The box is BLANK Ali. Ali turns around. The box is North of Ali.,cdb36630-3e0a-5c82-9cdf-40f72ff02544,base
A3H409OOR6NJF,2,5,retest,1,geocentric_near,geocentric_near_context,North of,South of,The box is BLANK Ali. Ali turns around. The box is North of Ali.,cdb36630-3e0a-5c82-9cdf-40f72ff02544,base
A3HFZPC8QR1Y54,2,4,retest,0,geocentric_distant,geocentric_distant_target,South,East of,Milwaukee is South of Ali. Ali turns left. Milwaukee is BLANK Ali.,244dbf50-7c56-53b3-a5e2-96526647c538,base
A3HFZPC8QR1Y54,2,4,retest,0,geocentric_distant,geocentric_distant_context,North of,South of,Milwaukee is BLANK Ali. Ali turns around. Milwaukee is North of Ali.,1c80ade4-3063-5830-8934-448a2e3ccdb3,base
A3HFZPC8QR1Y54,2,4,retest,0,geocentric_distant,geocentric_distant_context,South of,West of,Milwaukee is BLANK Ali. Ali turns right. Milwaukee is South of Ali.,bf2af8a4-eb41-5828-869b-c6b1138f2890,base
A3HFZPC8QR1Y54,2,4,retest,0,geocentric_near,geocentric_near_context,West of,South of,The statue is BLANK Ali. Ali walks North. The statue is West of Ali.,f5993fbe-e095-503a-8913-5bae1684dcbb,base
A3HFZPC8QR1Y54,2,4,retest,1,geocentric_distant,geocentric_distant_target,Northeast,Southwest,Ali is directly North of Milwaukee. Ali walks East. Ali is BLANK Milwaukee.,6de916f2-8e10-52d0-8e30-7ae3dcd5aa73,base
A3HFZPC8QR1Y54,2,4,retest,0,geocentric_near,geocentric_near_context,East of,North of,The statue is BLANK Ali. Ali walks South. The statue is East of Ali.,654f3246-8a02-5b35-998c-05ad57e525bc,base
A3HFZPC8QR1Y54,2,4,retest,0,geocentric_near,geocentric_near_context,East of,West of,The box is BLANK Ali. Ali turns around. The box is East of Ali.,4ff80aaf-24a6-56a6-8436-4aafd349574d,base
A3HFZPC8QR1Y54,2,4,retest,0,geocentric_distant,geocentric_distant_target,East of,West of,Milwaukee is East of Ali. Ali turns around. Milwaukee is BLANK Ali.,e71a3a3e-4266-5822-8098-4001479aa3d8,base
A3HFZPC8QR1Y54,2,4,retest,1,geocentric_near,geocentric_near_context,North of,East of,The painting is BLANK Ali. Ali turns right. The painting is North of Ali.,27cfaf60-c6de-5209-b4bb-2abcd703a542,base
A3HFZPC8QR1Y54,2,4,retest,1,geocentric_distant,geocentric_distant_context,South,North,Ali is directly BLANK of Milwaukee. Ali walks West. Ali is Southwest of Milwaukee.,6fc3e325-93ce-5aec-bf73-393a4cdad0fd,base
A3HFZPC8QR1Y54,2,4,retest,1,geocentric_distant,geocentric_distant_target,North of,East of,Milwaukee is North of Ali. Ali turns right. Milwaukee is BLANK Ali.,477d44eb-6672-5eae-bebc-bd944786e92c,base
A3HFZPC8QR1Y54,2,4,retest,1,geocentric_near,geocentric_near_context,East of,South of,The painting is BLANK Ali. Ali turns right. The painting is East of Ali.,bbe1c4e0-6ae6-53c2-8e3d-2d90016d6cde,base
A3HFZPC8QR1Y54,2,4,retest,1,geocentric_near,geocentric_near_context,North of,East of,The statue is BLANK Ali. Ali walks West. The statue is North of Ali.,c8c0fe33-a72d-5683-9846-b72cf18312aa,base
A3HFZPC8QR1Y54,2,4,retest,0,geocentric_distant,geocentric_distant_context,South of,North of,Milwaukee is BLANK Ali. Ali turns around. Milwaukee is South of Ali.,6f6037ad-89d1-53c6-9b58-e857b51d6d83,base
A3HFZPC8QR1Y54,2,4,retest,0,geocentric_near,geocentric_near_target,East of,West of,The box is East of Ali. Ali turns around. The box is BLANK Ali.,d85b86e6-538e-59bf-9eb9-7d30d754f01d,base
A3HFZPC8QR1Y54,2,4,retest,1,geocentric_near,geocentric_near_target,East of,West of,The painting is East of Ali. Ali turns around. The painting is BLANK Ali.,039eef21-48ea-5f03-97a8-50099c8411f3,base
A3HFZPC8QR1Y54,2,4,retest,1,geocentric_near,geocentric_near_target,South of,West of,The statue is South of Ali. Ali walks East. The statue is BLANK of Ali.,b41b1558-d83e-5607-b398-f85601d40e7e,base
A3HFZPC8QR1Y54,2,4,retest,1,geocentric_near,geocentric_near_context,South,North,Mark is facing BLANK. Mark turns 90 degrees to his right. Mark is facing West.,71d55d9d-7f72-50e7-9a53-e410341ef56d,base
A3HFZPC8QR1Y54,2,4,retest,1,geocentric_near,geocentric_near_target,South of,East of,The painting is South of Ali. Ali turns left. The painting is BLANK Ali.,3d1c523b-903d-52c2-a5ef-c6868cafe157,base
A3HFZPC8QR1Y54,2,4,retest,1,geocentric_distant,geocentric_distant_context,North of,East of,Milwaukee is BLANK Ali. Ali turns right. Milwaukee is North of Ali.,d1003ff7-62f8-5266-b577-0992f8f5f4a6,base
A3HFZPC8QR1Y54,2,4,retest,1,geocentric_distant,geocentric_distant_target,South of,North of,Milwaukee is South of Ali. Ali turns around. Milwaukee is BLANK Ali.,0a0053eb-14a6-5355-ba4c-111aa119ddba,base
A3HFZPC8QR1Y54,2,4,retest,1,geocentric_distant,geocentric_distant_target,West of,East of,Milwaukee is West of Ali. Ali turns around. Milwaukee is BLANK Ali.,e6dd6cf2-8418-56eb-be84-4808492be4b9,base
A3HFZPC8QR1Y54,2,4,retest,0,geocentric_distant,geocentric_distant_context,East of,North of,Milwaukee is BLANK Ali. Ali turns left. Milwaukee is East of Ali.,b1c9a0f0-680c-58c2-8a69-4c63ee969cad,base
A3HFZPC8QR1Y54,2,4,retest,0,geocentric_near,geocentric_near_context,South of,West of,The painting is BLANK Ali. Ali turns right. The painting is South of Ali.,9066630c-6525-5574-b5bc-3cbff1f62ccd,base
A3HFZPC8QR1Y54,2,4,retest,0,geocentric_distant,geocentric_distant_target,closer to,further from,Ali is East of Milwaukee. Ali walks West. Ali is getting BLANK Milwaukee.,074db133-5b7c-5b64-bf17-595f0672a13e,base
A3HFZPC8QR1Y54,2,4,retest,1,geocentric_near,geocentric_near_context,West of,South of,The painting is BLANK Ali. Ali turns left. The painting is West of Ali.,6748370c-52c8-5597-b79f-c9a2e0e485d4,base
A3HFZPC8QR1Y54,2,4,retest,0,geocentric_near,geocentric_near_target,West of,South of,The statue is West of Ali. Ali walks North. The statue is BLANK of Ali.,b9f30b99-3fb3-5807-a2ec-bbe349b45d3a,base
A3HFZPC8QR1Y54,2,4,retest,1,geocentric_near,geocentric_near_target,South of,North of,The box is South of Ali. Ali turns around. The box is BLANK Ali.,87863690-da01-5035-a227-bad8f7e6a8a3,base
A3HFZPC8QR1Y54,2,4,retest,1,geocentric_distant,geocentric_distant_context,West,East,Milwaukee is BLANK of Ali. Ali walks West. Ali is getting closer to Milwaukee.,6cb3e4e3-1a79-542e-80fc-c7618ababd10,base
A3HFZPC8QR1Y54,2,4,retest,1,geocentric_near,geocentric_near_target,West of,East of,The box is West of Ali. Ali turns around. The box is BLANK Ali.,424089ec-6146-5b3f-bd32-9565a5513fe0,base
A3HFZPC8QR1Y54,2,4,retest,1,geocentric_near,geocentric_near_context,North of,West of,The statue is BLANK Ali. Ali walks East. The statue is North of Ali.,d07fd4d0-1e85-5fc3-8eeb-e7144e7bb5b6,base
A3HFZPC8QR1Y54,2,4,retest,1,geocentric_near,geocentric_near_target,West of,South of,The painting is West of Ali. Ali turns left. The painting is BLANK Ali.,f296bfa3-3f6c-55b1-b35b-190dfe359ebd,base
A3HFZPC8QR1Y54,2,4,retest,1,geocentric_near,geocentric_near_context,North of,South of,The painting is BLANK Ali. Ali turns around. The painting is North of Ali.,6f999144-fcd0-52e0-acea-ca152a4a32a9,base
A3HFZPC8QR1Y54,2,4,retest,1,geocentric_near,geocentric_near_target,West,East,Mark is facing South. Mark turns 90 degrees to his right. Mark is facing BLANK.,6cfeef00-729e-52ba-985d-1252fd2428ed,base
A3HFZPC8QR1Y54,2,4,retest,1,geocentric_distant,geocentric_distant_target,West of,South of,Milwaukee is West of Ali. Ali turns left. Milwaukee is BLANK Ali.,1dfa5edb-b651-5e4f-84d7-cbc32c618e98,base
A3HFZPC8QR1Y54,2,4,retest,1,geocentric_near,geocentric_near_target,North of,South of,The painting is North of Ali. Ali turns around. The painting is BLANK Ali.,64e3f33d-f1bb-5469-960d-6b974ada7e0a,base
A3HFZPC8QR1Y54,2,4,retest,1,geocentric_near,geocentric_near_context,East of,West of,The painting is BLANK of Ali. Ali turns around. The painting is East of Ali.,617ce912-b692-5ce2-acf4-9eabd9adc7e8,base
A3HFZPC8QR1Y54,2,4,retest,1,geocentric_near,geocentric_near_target,East of,South of,The painting is East of Ali. Ali turns right. The painting is BLANK Ali.,47856cd0-4034-58db-b6c8-09eef76a40e4,base
A3HFZPC8QR1Y54,2,4,retest,1,geocentric_near,geocentric_near_context,West,East,Mark is facing BLANK. Mark turns 90 degrees to his right. Mark is facing North.,bfd08d04-41bc-5f32-a1fd-873972891edb,base
A3HFZPC8QR1Y54,2,4,retest,1,geocentric_distant,geocentric_distant_context,East of,West of,Milwaukee is BLANK Ali. Ali turns around. Milwaukee is East of Ali.,01d5a51d-7378-576b-aafc-5a45a1ffab63,base
A3HFZPC8QR1Y54,2,4,retest,1,geocentric_near,geocentric_near_target,North of,East of,The painting is North of Ali. Ali turns right. The painting is BLANK Ali.,83aaa4c2-ac51-5fc1-bda3-12bea9d4ee43,base
A3HFZPC8QR1Y54,2,4,retest,0,geocentric_near,geocentric_near_target,East of,North of,The statue is East of Ali. Ali walks South. The statue is BLANK of Ali.,4e2ccb54-af98-56e1-8eb8-74bc46abf088,base
A3HFZPC8QR1Y54,2,4,retest,1,geocentric_distant,geocentric_distant_target,South,East of,Milwaukee is South of Ali. Ali turns left. Milwaukee is BLANK Ali.,244dbf50-7c56-53b3-a5e2-96526647c538,base
A3HFZPC8QR1Y54,2,4,retest,1,geocentric_distant,geocentric_distant_target,South,East of,Milwaukee is South of Ali. Ali turns left. Milwaukee is BLANK Ali.,244dbf50-7c56-53b3-a5e2-96526647c538,base
A3HFZPC8QR1Y54,2,4,retest,0,geocentric_distant,geocentric_distant_context,North of,South of,Milwaukee is BLANK Ali. Ali turns around. Milwaukee is North of Ali.,1c80ade4-3063-5830-8934-448a2e3ccdb3,base
A3HFZPC8QR1Y54,2,4,retest,0,geocentric_distant,geocentric_distant_context,North of,South of,Milwaukee is BLANK Ali. Ali turns around. Milwaukee is North of Ali.,1c80ade4-3063-5830-8934-448a2e3ccdb3,base
A3HFZPC8QR1Y54,2,4,retest,1,geocentric_distant,geocentric_distant_context,South of,West of,Milwaukee is BLANK Ali. Ali turns right. Milwaukee is South of Ali.,bf2af8a4-eb41-5828-869b-c6b1138f2890,base
A3HFZPC8QR1Y54,2,4,retest,1,geocentric_distant,geocentric_distant_context,South of,West of,Milwaukee is BLANK Ali. Ali turns right. Milwaukee is South of Ali.,bf2af8a4-eb41-5828-869b-c6b1138f2890,base
A3HFZPC8QR1Y54,2,4,retest,1,geocentric_near,geocentric_near_context,West of,South of,The statue is BLANK Ali. Ali walks North. The statue is West of Ali.,f5993fbe-e095-503a-8913-5bae1684dcbb,base
A3HFZPC8QR1Y54,2,4,retest,1,geocentric_near,geocentric_near_context,West of,South of,The statue is BLANK Ali. Ali walks North. The statue is West of Ali.,f5993fbe-e095-503a-8913-5bae1684dcbb,base
A3HFZPC8QR1Y54,2,4,retest,0,geocentric_distant,geocentric_distant_target,Northeast,Southwest,Ali is directly North of Milwaukee. Ali walks East. Ali is BLANK Milwaukee.,6de916f2-8e10-52d0-8e30-7ae3dcd5aa73,base
A3HFZPC8QR1Y54,2,4,retest,0,geocentric_distant,geocentric_distant_target,Northeast,Southwest,Ali is directly North of Milwaukee. Ali walks East. Ali is BLANK Milwaukee.,6de916f2-8e10-52d0-8e30-7ae3dcd5aa73,base
A3HFZPC8QR1Y54,2,4,retest,1,geocentric_near,geocentric_near_context,East of,North of,The statue is BLANK Ali. Ali walks South. The statue is East of Ali.,654f3246-8a02-5b35-998c-05ad57e525bc,base
A3HFZPC8QR1Y54,2,4,retest,1,geocentric_near,geocentric_near_context,East of,North of,The statue is BLANK Ali. Ali walks South. The statue is East of Ali.,654f3246-8a02-5b35-998c-05ad57e525bc,base
A3HFZPC8QR1Y54,2,4,retest,1,geocentric_near,geocentric_near_context,East of,West of,The box is BLANK Ali. Ali turns around. The box is East of Ali.,4ff80aaf-24a6-56a6-8436-4aafd349574d,base
A3HFZPC8QR1Y54,2,4,retest,1,geocentric_near,geocentric_near_context,East of,West of,The box is BLANK Ali. Ali turns around. The box is East of Ali.,4ff80aaf-24a6-56a6-8436-4aafd349574d,base
A3HFZPC8QR1Y54,2,4,retest,0,geocentric_distant,geocentric_distant_target,East of,West of,Milwaukee is East of Ali. Ali turns around. Milwaukee is BLANK Ali.,e71a3a3e-4266-5822-8098-4001479aa3d8,base
A3HFZPC8QR1Y54,2,4,retest,0,geocentric_distant,geocentric_distant_target,East of,West of,Milwaukee is East of Ali. Ali turns around. Milwaukee is BLANK Ali.,e71a3a3e-4266-5822-8098-4001479aa3d8,base
A3HFZPC8QR1Y54,2,4,retest,1,geocentric_distant,geocentric_distant_target,North of,East of,Milwaukee is North of Ali. Ali turns right. Milwaukee is BLANK Ali.,477d44eb-6672-5eae-bebc-bd944786e92c,base
A3HFZPC8QR1Y54,2,4,retest,1,geocentric_distant,geocentric_distant_target,North of,East of,Milwaukee is North of Ali. Ali turns right. Milwaukee is BLANK Ali.,477d44eb-6672-5eae-bebc-bd944786e92c,base
A3HFZPC8QR1Y54,2,4,retest,1,geocentric_distant,geocentric_distant_context,South of,North of,Milwaukee is BLANK Ali. Ali turns around. Milwaukee is South of Ali.,6f6037ad-89d1-53c6-9b58-e857b51d6d83,base
A3HFZPC8QR1Y54,2,4,retest,1,geocentric_distant,geocentric_distant_context,South of,North of,Milwaukee is BLANK Ali. Ali turns around. Milwaukee is South of Ali.,6f6037ad-89d1-53c6-9b58-e857b51d6d83,base
A3HFZPC8QR1Y54,2,4,retest,0,geocentric_near,geocentric_near_target,East of,West of,The box is East of Ali. Ali turns around. The box is BLANK Ali.,d85b86e6-538e-59bf-9eb9-7d30d754f01d,base
A3HFZPC8QR1Y54,2,4,retest,0,geocentric_near,geocentric_near_target,East of,West of,The box is East of Ali. Ali turns around. The box is BLANK Ali.,d85b86e6-538e-59bf-9eb9-7d30d754f01d,base
A3HFZPC8QR1Y54,2,4,retest,1,geocentric_near,geocentric_near_target,South of,East of,The painting is South of Ali. Ali turns left. The painting is BLANK Ali.,3d1c523b-903d-52c2-a5ef-c6868cafe157,base
A3HFZPC8QR1Y54,2,4,retest,1,geocentric_near,geocentric_near_target,South of,East of,The painting is South of Ali. Ali turns left. The painting is BLANK Ali.,3d1c523b-903d-52c2-a5ef-c6868cafe157,base
A3HFZPC8QR1Y54,2,4,retest,1,geocentric_distant,geocentric_distant_target,West of,East of,Milwaukee is West of Ali. Ali turns around. Milwaukee is BLANK Ali.,e6dd6cf2-8418-56eb-be84-4808492be4b9,base
A3HFZPC8QR1Y54,2,4,retest,1,geocentric_distant,geocentric_distant_target,West of,East of,Milwaukee is West of Ali. Ali turns around. Milwaukee is BLANK Ali.,e6dd6cf2-8418-56eb-be84-4808492be4b9,base
A3HFZPC8QR1Y54,2,4,retest,0,geocentric_distant,geocentric_distant_context,East of,North of,Milwaukee is BLANK Ali. Ali turns left. Milwaukee is East of Ali.,b1c9a0f0-680c-58c2-8a69-4c63ee969cad,base
A3HFZPC8QR1Y54,2,4,retest,0,geocentric_distant,geocentric_distant_context,East of,North of,Milwaukee is BLANK Ali. Ali turns left. Milwaukee is East of Ali.,b1c9a0f0-680c-58c2-8a69-4c63ee969cad,base
A3HFZPC8QR1Y54,2,4,retest,1,geocentric_near,geocentric_near_context,South of,West of,The painting is BLANK Ali. Ali turns right. The painting is South of Ali.,9066630c-6525-5574-b5bc-3cbff1f62ccd,base
A3HFZPC8QR1Y54,2,4,retest,1,geocentric_near,geocentric_near_context,South of,West of,The painting is BLANK Ali. Ali turns right. The painting is South of Ali.,9066630c-6525-5574-b5bc-3cbff1f62ccd,base
A3HFZPC8QR1Y54,2,4,retest,0,geocentric_distant,geocentric_distant_target,closer to,further from,Ali is East of Milwaukee. Ali walks West. Ali is getting BLANK Milwaukee.,074db133-5b7c-5b64-bf17-595f0672a13e,base
A3HFZPC8QR1Y54,2,4,retest,0,geocentric_distant,geocentric_distant_target,closer to,further from,Ali is East of Milwaukee. Ali walks West. Ali is getting BLANK Milwaukee.,074db133-5b7c-5b64-bf17-595f0672a13e,base
A3HFZPC8QR1Y54,2,4,retest,0,geocentric_near,geocentric_near_context,West of,South of,The painting is BLANK Ali. Ali turns left. The painting is West of Ali.,6748370c-52c8-5597-b79f-c9a2e0e485d4,base
A3HFZPC8QR1Y54,2,4,retest,0,geocentric_near,geocentric_near_context,West of,South of,The painting is BLANK Ali. Ali turns left. The painting is West of Ali.,6748370c-52c8-5597-b79f-c9a2e0e485d4,base
A3HFZPC8QR1Y54,2,4,retest,0,geocentric_near,geocentric_near_target,West of,South of,The statue is West of Ali. Ali walks North. The statue is BLANK of Ali.,b9f30b99-3fb3-5807-a2ec-bbe349b45d3a,base
A3HFZPC8QR1Y54,2,4,retest,0,geocentric_near,geocentric_near_target,West of,South of,The statue is West of Ali. Ali walks North. The statue is BLANK of Ali.,b9f30b99-3fb3-5807-a2ec-bbe349b45d3a,base
A3HFZPC8QR1Y54,2,4,retest,1,geocentric_near,geocentric_near_context,North of,West of,The statue is BLANK Ali. Ali walks East. The statue is North of Ali.,d07fd4d0-1e85-5fc3-8eeb-e7144e7bb5b6,base
A3HFZPC8QR1Y54,2,4,retest,1,geocentric_near,geocentric_near_context,North of,West of,The statue is BLANK Ali. Ali walks East. The statue is North of Ali.,d07fd4d0-1e85-5fc3-8eeb-e7144e7bb5b6,base
A3HFZPC8QR1Y54,2,4,retest,0,geocentric_near,geocentric_near_target,West of,South of,The painting is West of Ali. Ali turns left. The painting is BLANK Ali.,f296bfa3-3f6c-55b1-b35b-190dfe359ebd,base
A3HFZPC8QR1Y54,2,4,retest,0,geocentric_near,geocentric_near_target,West of,South of,The painting is West of Ali. Ali turns left. The painting is BLANK Ali.,f296bfa3-3f6c-55b1-b35b-190dfe359ebd,base
A3HFZPC8QR1Y54,2,4,retest,1,geocentric_near,geocentric_near_context,North of,South of,The painting is BLANK Ali. Ali turns around. The painting is North of Ali.,6f999144-fcd0-52e0-acea-ca152a4a32a9,base
A3HFZPC8QR1Y54,2,4,retest,1,geocentric_near,geocentric_near_context,North of,South of,The painting is BLANK Ali. Ali turns around. The painting is North of Ali.,6f999144-fcd0-52e0-acea-ca152a4a32a9,base
A3HFZPC8QR1Y54,2,4,retest,1,geocentric_distant,geocentric_distant_target,West of,South of,Milwaukee is West of Ali. Ali turns left. Milwaukee is BLANK Ali.,1dfa5edb-b651-5e4f-84d7-cbc32c618e98,base
A3HFZPC8QR1Y54,2,4,retest,1,geocentric_distant,geocentric_distant_target,West of,South of,Milwaukee is West of Ali. Ali turns left. Milwaukee is BLANK Ali.,1dfa5edb-b651-5e4f-84d7-cbc32c618e98,base
A3HFZPC8QR1Y54,2,4,retest,1,geocentric_near,geocentric_near_context,East of,West of,The painting is BLANK of Ali. Ali turns around. The painting is East of Ali.,617ce912-b692-5ce2-acf4-9eabd9adc7e8,base
A3HFZPC8QR1Y54,2,4,retest,1,geocentric_near,geocentric_near_context,East of,West of,The painting is BLANK of Ali. Ali turns around. The painting is East of Ali.,617ce912-b692-5ce2-acf4-9eabd9adc7e8,base
A3HFZPC8QR1Y54,2,4,retest,0,geocentric_near,geocentric_near_target,East of,North of,The statue is East of Ali. Ali walks South. The statue is BLANK of Ali.,4e2ccb54-af98-56e1-8eb8-74bc46abf088,base
A3HFZPC8QR1Y54,2,4,retest,0,geocentric_near,geocentric_near_target,East of,North of,The statue is East of Ali. Ali walks South. The statue is BLANK of Ali.,4e2ccb54-af98-56e1-8eb8-74bc46abf088,base
A3PIHDC8LXVQ4H,2,7,retest,0,two_refs_egocentric,two_refs_egocentric_target,closer to,further from,Mark is behind Ali. Mark walks fowards. Mark is getting BLANK Ali.,95034e79-b705-587b-9cd2-41aa02e2609b,base
A3PIHDC8LXVQ4H,2,7,retest,1,relative_pos,relative_pos_target,larger than,smaller than,The box is next to the ball. Ali puts the box inside the ball. the ball is BLANK the box.,e9cd54e4-b0c0-5fb6-b31f-9d48dd2f95be,base
A3PIHDC8LXVQ4H,2,7,retest,0,two_refs_egocentric,two_refs_egocentric_context,Mark,Ali,Ali and Mark are facing eachother. BLANK turns around. Ali is facing towards Mark.,554eecfd-5f36-53a1-a69b-9db494809329,base
A3PIHDC8LXVQ4H,2,7,retest,1,two_refs_egocentric,two_refs_egocentric_target,away from,towards,Mark and Ali are both facing left. Ali turns to his right. Ali is facing BLANK Mark.,b95f9817-6f0f-52e4-917e-5e53b7e08502,base
A3PIHDC8LXVQ4H,2,7,retest,0,two_refs_egocentric,two_refs_egocentric_target,towards,away from,Ali and Mark are facing eachother. Mark turns around. Ali is facing BLANK Mark.,0f27ed08-ff9a-593c-a9d7-a3c11c3fa063,base
A3PIHDC8LXVQ4H,2,7,retest,1,two_refs_egocentric,two_refs_egocentric_context,behind,in front of,Mark is BLANK Ali. Mark walks forwards. Mark is getting closer to Ali.,c2e3cc6a-24a4-5d9e-9c86-9aa843019959,base
A3PIHDC8LXVQ4H,2,7,retest,0,two_refs_egocentric,two_refs_egocentric_context,away from,towards,Mark and Ali are facing BLANK eachother. Mark turns around. Ali is facing away from Mark.,7639e22f-157b-54af-bc89-d24f4f594fbc,base
A3PIHDC8LXVQ4H,2,7,retest,0,two_refs_egocentric,two_refs_egocentric_context,right,left,Mark is facing BLANK and Ali is facing left. Mark turns to his left. Mark is facing towards Ali.,7de47fb4-c4b1-5b47-be35-ade455a74837,base
A3PIHDC8LXVQ4H,2,7,retest,0,relative_pos,relative_pos_context,touching,far from,The tennis ball is BLANK the bowling ball. Ali rolls the bowling ball. The bowling ball is further from the tennis ball.,4da6b0a2-fbd8-5d77-8b6a-05110a23606c,base
A3PIHDC8LXVQ4H,2,7,retest,1,two_refs_egocentric,two_refs_egocentric_target,away from,towards,Ali is to the right of Mark. Mark looks to his left and Ali looks to his right. Ali is facing BLANK Mark.,55e95efb-f247-5bea-8540-4b6bee6c11de,base
A3PIHDC8LXVQ4H,2,7,retest,0,two_refs_egocentric,two_refs_egocentric_context,towards,away from,Ali is facing BLANK Mark. Ali turns around. Ali is facing away from Mark.,f4266518-1793-5186-bc8d-ae526e9a43f9,base
A3PIHDC8LXVQ4H,2,7,retest,0,relative_pos,relative_pos_target,touching,not touching,The box is next to the ball. Ali puts the ball inside the box. The ball is BLANK the box.,8b324b61-eae2-5fb9-a533-4edc94fc8959,base
A3PIHDC8LXVQ4H,2,7,retest,1,relative_pos,relative_pos_target,closer to,further from,Ali is holding the tennis ball and the ping pong ball is on the floor. Ali picks up the ping pong ball. The ping pong ball is BLANK the tennis ball.,af77a546-4fb5-5490-b4db-cac9fd597078,base
A3PIHDC8LXVQ4H,2,7,retest,1,relative_pos,relative_pos_target,higher than,lower than,The ball and the box are on the table. Ali picks up the ball. The ball is BLANK the box.,86bdb97e-1aa8-54ef-91f1-a041c3184f9e,base
A3PIHDC8LXVQ4H,2,7,retest,1,relative_pos,relative_pos_context,drops,picks up,Ali is holding the tennis ball and the ping pong ball. Ali BLANK the ping pong ball. The ping pong ball is further from the tennis ball.,e0a90fc5-4ebc-567a-bbc8-8bd5d3b008ec,base
A3PIHDC8LXVQ4H,2,7,retest,1,two_refs_egocentric,two_refs_egocentric_context,right of,left of,Ali is to the BLANK Mark. Mark looks to his right. Mark see Ali.,162a2775-ee11-5113-88b7-2c0428ec9880,base
A3PIHDC8LXVQ4H,2,7,retest,0,two_refs_egocentric,two_refs_egocentric_target,right,left,Ali is to Mark's right. Ali turns around. Ali is to Mark's BLANK.,fb50aa4f-e1a5-5502-b6c5-af9ac29e973f,base
A3PIHDC8LXVQ4H,2,7,retest,1,two_refs_egocentric,two_refs_egocentric_target,towards,away from,Mark is facing right and Ali is facing left. Mark turns to his left. Mark is facing BLANK Ali.,fd16ce5b-b6ff-590c-8c7d-97dea24f49f2,base
A3PIHDC8LXVQ4H,2,7,retest,1,two_refs_egocentric,two_refs_egocentric_context,left,right,Mark and Ali are both facing BLANK. Ali turns to his right. Ali is facing away from Mark.,e558cc86-f7fb-53e8-a6d0-b663f3736066,base
A3PIHDC8LXVQ4H,2,7,retest,0,two_refs_egocentric,two_refs_egocentric_context,right of,left of,Ali is to the BLANK Mark. Mark looks to his left and Ali looks to his right. Ali is facing away from Mark.,5042a6f6-7c11-5467-85b5-0ab828d3c5d1,base
A3PIHDC8LXVQ4H,2,7,retest,1,two_refs_egocentric,two_refs_egocentric_context,away from,towards,Ali is facing BLANK Mark. Ali turns around. Ali is facing towards Mark.,449d83b2-712b-5aac-8c22-00d1bb07b0f7,base
A3PIHDC8LXVQ4H,2,7,retest,1,relative_pos,relative_pos_target,not touching,touching,The ball is inside the box. Ali picks up the ball. The ball is BLANK the box.,5a02c0af-7a58-5836-894b-de2e4b5c22df,base
A3PIHDC8LXVQ4H,2,7,retest,1,relative_pos,relative_pos_target,lower than,higher than,The ball and the box are on top of the ramp. The ball rolls down the ramp. The ball is BLANK the box.,43ee992d-ffc4-5dbd-9aa3-d6017f8b92d1,base
A3PIHDC8LXVQ4H,2,7,retest,1,two_refs_egocentric,two_refs_egocentric_target,away from,towards,Mark and Ali are both facing right. Ali turns to his left. Ali is facing BLANK Mark.,313894db-d76b-5163-8db3-6e5c4869a7c2,base
A3PIHDC8LXVQ4H,2,7,retest,1,two_refs_egocentric,two_refs_egocentric_context,in front of,behind,Mark is BLANK Ali. Mark walks forwards. Mark is getting further from Ali.,65c476d8-7b46-50ad-9fa1-ba59c9300205,base
A3PIHDC8LXVQ4H,2,7,retest,0,two_refs_egocentric,two_refs_egocentric_target,further from,closer to,Mark is in front of Ali. Mark walks forwards. Mark is getting BLANK Ali.,2829a666-eb26-5378-b0eb-cfd72cc8b03f,base
A3PIHDC8LXVQ4H,2,7,retest,0,two_refs_egocentric,two_refs_egocentric_target,away from,towards,Mark and Ali are facing away from eachother. Mark turns around. Ali is facing BLANK Mark.,be5f74e8-5413-5aa2-97f3-17a48d7c1398,base
A3PIHDC8LXVQ4H,2,7,retest,1,two_refs_egocentric,two_refs_egocentric_target,away from,towards,Mark is to the left of Ali. Mark looks to his left and Ali looks to his right. Ali is facing BLANK Mark.,d2172169-bc46-53a4-b15d-1427bee617a3,base
A3PIHDC8LXVQ4H,2,7,retest,0,relative_pos,relative_pos_context,desk on the box,box on the desk,The box is next to the desk. Ali stacks the BLANK. The box is below the desk.,c2788238-3365-5292-9d47-fe45ebf9d292,base
A3PIHDC8LXVQ4H,2,7,retest,1,relative_pos,relative_pos_target,below,above,The box is next to the desk. Ali stacks the desk on the box. The box is BLANK the desk.,8aeff28e-26ae-521e-82a2-2e601a18054c,base
A3PIHDC8LXVQ4H,2,7,retest,1,two_refs_egocentric,two_refs_egocentric_context,right,left,Mark and Ali are both facing BLANK. Ali turns to his left. Ali is facing away from Mark.,6b81874a-94f4-52ac-8699-24e6582fc7e8,base
A3PIHDC8LXVQ4H,2,7,retest,0,two_refs_egocentric,two_refs_egocentric_context,left of,right of,Mark is to the BLANK Ali. Mark looks to his left and Ali looks to his left. Ali is facing towards Mark.,32e2f418-ea5f-51a7-b0a7-31dc7b546d0d,base
A3PIHDC8LXVQ4H,2,7,retest,1,two_refs_egocentric,two_refs_egocentric_target,towards,away from,Mark is to the left of Ali. Mark looks to his left and Ali looks to his left. Ali is facing BLANK Mark.,3b349749-0956-5093-b528-ea281f998710,base
A3PIHDC8LXVQ4H,2,7,retest,1,relative_pos,relative_pos_context,drops,picks up,Ali is holding the tennis ball and the ping pong ball is on the floor. Ali BLANK the ping pong ball. The ping pong ball is closer to the tennis ball.,e9045eb2-8977-5b55-a497-b208a72d84e3,base
A3PIHDC8LXVQ4H,2,7,retest,1,two_refs_egocentric,two_refs_egocentric_target,away,towards,Ali is facing towards Mark. Ali turns around. Ali is facing BLANK Mark.,03aa1fc7-369b-5dbc-a94e-7d6f36d60ff7,base
A3PIHDC8LXVQ4H,2,7,retest,0,two_refs_egocentric,two_refs_egocentric_context,right,left,Ali is to Mark's BLANK. Mark turns around. Ali is to Mark's left.,0d41b0d1-a40c-52ae-8a94-0328e70ebb21,base
A3PIHDC8LXVQ4H,2,7,retest,0,two_refs_egocentric,two_refs_egocentric_context,away from,towards,Mark is facing BLANK Ali. Ali turns around. Mark is facing away Ali.,895de9d1-e0d1-5c72-8735-26632183eb17,base
A3PIHDC8LXVQ4H,2,7,retest,0,two_refs_egocentric,two_refs_egocentric_target,left,right,Ali is to Mark's right. Mark turns around. Ali is to Mark's BLANK.,2206d693-156b-580d-a926-7c9dd845f0df,base
A3PIHDC8LXVQ4H,2,7,retest,0,two_refs_egocentric,two_refs_egocentric_context,behind,in front of,Mark is BLANK Ali. Mark walks backwards. Mark is getting further from Ali.,ecf7b885-f68f-5217-ad5e-060cd2931386,base
A3PIHDC8LXVQ4H,2,7,retest,0,two_refs_egocentric,two_refs_egocentric_target,can't see,sees,Ali is to the right of Mark. Mark looks to his left. Mark BLANK Ali.,fbf592f6-8ba1-5c3c-9621-b9b115f14b45,base
A3PIHDC8LXVQ4H,2,7,retest,0,two_refs_egocentric,two_refs_egocentric_target,further from,closer to,Mark is behind Ali. Mark walks backwards. Mark is getting BLANK Ali.,48bff914-3c65-5b87-a359-0a1184e0384a,base
A3PIHDC8LXVQ4H,2,7,retest,1,two_refs_egocentric,two_refs_egocentric_target,away,towards,Mark is facing away from Ali. Ali turns around. Mark is facing BLANK Ali.,b76b8738-c1c0-51f3-a9d3-afd39d7b27de,base
A3PIHDC8LXVQ4H,2,7,retest,1,relative_pos,relative_pos_context,box inside the ball,ball inside the box,The box is next to the ball. Ali puts the BLANK. the ball is larger than the box.,d0f6e14f-c11f-5129-a06d-757d2ef1f3e0,base
A3PIHDC8LXVQ4H,2,7,retest,1,two_refs_egocentric,two_refs_egocentric_context,right,left,Ali is to Mark's BLANK. Ali turns around. Ali is to Mark's right.,3d9a8209-4859-5626-ae60-7106a591cf7d,base
A3PIHDC8LXVQ4H,2,7,retest,0,two_refs_egocentric,two_refs_egocentric_target,closer to,further from,Mark is behind Ali. Mark walks fowards. Mark is getting BLANK Ali.,95034e79-b705-587b-9cd2-41aa02e2609b,base
A3PIHDC8LXVQ4H,2,7,retest,0,two_refs_egocentric,two_refs_egocentric_target,closer to,further from,Mark is behind Ali. Mark walks fowards. Mark is getting BLANK Ali.,95034e79-b705-587b-9cd2-41aa02e2609b,base
A3PIHDC8LXVQ4H,2,7,retest,1,relative_pos,relative_pos_target,larger than,smaller than,The box is next to the ball. Ali puts the box inside the ball. the ball is BLANK the box.,e9cd54e4-b0c0-5fb6-b31f-9d48dd2f95be,base
A3PIHDC8LXVQ4H,2,7,retest,1,relative_pos,relative_pos_target,larger than,smaller than,The box is next to the ball. Ali puts the box inside the ball. the ball is BLANK the box.,e9cd54e4-b0c0-5fb6-b31f-9d48dd2f95be,base
A3PIHDC8LXVQ4H,2,7,retest,0,two_refs_egocentric,two_refs_egocentric_context,Mark,Ali,Ali and Mark are facing eachother. BLANK turns around. Ali is facing towards Mark.,554eecfd-5f36-53a1-a69b-9db494809329,base
A3PIHDC8LXVQ4H,2,7,retest,0,two_refs_egocentric,two_refs_egocentric_context,Mark,Ali,Ali and Mark are facing eachother. BLANK turns around. Ali is facing towards Mark.,554eecfd-5f36-53a1-a69b-9db494809329,base
A3PIHDC8LXVQ4H,2,7,retest,0,two_refs_egocentric,two_refs_egocentric_target,towards,away from,Ali and Mark are facing eachother. Mark turns around. Ali is facing BLANK Mark.,0f27ed08-ff9a-593c-a9d7-a3c11c3fa063,base
A3PIHDC8LXVQ4H,2,7,retest,0,two_refs_egocentric,two_refs_egocentric_target,towards,away from,Ali and Mark are facing eachother. Mark turns around. Ali is facing BLANK Mark.,0f27ed08-ff9a-593c-a9d7-a3c11c3fa063,base
A3PIHDC8LXVQ4H,2,7,retest,0,two_refs_egocentric,two_refs_egocentric_context,away from,towards,Mark and Ali are facing BLANK eachother. Mark turns around. Ali is facing away from Mark.,7639e22f-157b-54af-bc89-d24f4f594fbc,base
A3PIHDC8LXVQ4H,2,7,retest,0,two_refs_egocentric,two_refs_egocentric_context,away from,towards,Mark and Ali are facing BLANK eachother. Mark turns around. Ali is facing away from Mark.,7639e22f-157b-54af-bc89-d24f4f594fbc,base
A3PIHDC8LXVQ4H,2,7,retest,1,two_refs_egocentric,two_refs_egocentric_context,right,left,Mark is facing BLANK and Ali is facing left. Mark turns to his left. Mark is facing towards Ali.,7de47fb4-c4b1-5b47-be35-ade455a74837,base
A3PIHDC8LXVQ4H,2,7,retest,1,two_refs_egocentric,two_refs_egocentric_context,right,left,Mark is facing BLANK and Ali is facing left. Mark turns to his left. Mark is facing towards Ali.,7de47fb4-c4b1-5b47-be35-ade455a74837,base
A3PIHDC8LXVQ4H,2,7,retest,1,relative_pos,relative_pos_context,touching,far from,The tennis ball is BLANK the bowling ball. Ali rolls the bowling ball. The bowling ball is further from the tennis ball.,4da6b0a2-fbd8-5d77-8b6a-05110a23606c,base
A3PIHDC8LXVQ4H,2,7,retest,1,relative_pos,relative_pos_context,touching,far from,The tennis ball is BLANK the bowling ball. Ali rolls the bowling ball. The bowling ball is further from the tennis ball.,4da6b0a2-fbd8-5d77-8b6a-05110a23606c,base
A3PIHDC8LXVQ4H,2,7,retest,1,two_refs_egocentric,two_refs_egocentric_context,towards,away from,Ali is facing BLANK Mark. Ali turns around. Ali is facing away from Mark.,f4266518-1793-5186-bc8d-ae526e9a43f9,base
A3PIHDC8LXVQ4H,2,7,retest,1,two_refs_egocentric,two_refs_egocentric_context,towards,away from,Ali is facing BLANK Mark. Ali turns around. Ali is facing away from Mark.,f4266518-1793-5186-bc8d-ae526e9a43f9,base
A3PIHDC8LXVQ4H,2,7,retest,1,relative_pos,relative_pos_target,touching,not touching,The box is next to the ball. Ali puts the ball inside the box. The ball is BLANK the box.,8b324b61-eae2-5fb9-a533-4edc94fc8959,base
A3PIHDC8LXVQ4H,2,7,retest,1,relative_pos,relative_pos_target,touching,not touching,The box is next to the ball. Ali puts the ball inside the box. The ball is BLANK the box.,8b324b61-eae2-5fb9-a533-4edc94fc8959,base
A3PIHDC8LXVQ4H,2,7,retest,1,relative_pos,relative_pos_target,closer to,further from,Ali is holding the tennis ball and the ping pong ball is on the floor. Ali picks up the ping pong ball. The ping pong ball is BLANK the tennis ball.,af77a546-4fb5-5490-b4db-cac9fd597078,base
A3PIHDC8LXVQ4H,2,7,retest,1,relative_pos,relative_pos_target,closer to,further from,Ali is holding the tennis ball and the ping pong ball is on the floor. Ali picks up the ping pong ball. The ping pong ball is BLANK the tennis ball.,af77a546-4fb5-5490-b4db-cac9fd597078,base
A3PIHDC8LXVQ4H,2,7,retest,1,two_refs_egocentric,two_refs_egocentric_context,right of,left of,Ali is to the BLANK Mark. Mark looks to his right. Mark see Ali.,162a2775-ee11-5113-88b7-2c0428ec9880,base
A3PIHDC8LXVQ4H,2,7,retest,1,two_refs_egocentric,two_refs_egocentric_context,right of,left of,Ali is to the BLANK Mark. Mark looks to his right. Mark see Ali.,162a2775-ee11-5113-88b7-2c0428ec9880,base
A3PIHDC8LXVQ4H,2,7,retest,1,two_refs_egocentric,two_refs_egocentric_target,right,left,Ali is to Mark's right. Ali turns around. Ali is to Mark's BLANK.,fb50aa4f-e1a5-5502-b6c5-af9ac29e973f,base
A3PIHDC8LXVQ4H,2,7,retest,1,two_refs_egocentric,two_refs_egocentric_target,right,left,Ali is to Mark's right. Ali turns around. Ali is to Mark's BLANK.,fb50aa4f-e1a5-5502-b6c5-af9ac29e973f,base
A3PIHDC8LXVQ4H,2,7,retest,0,two_refs_egocentric,two_refs_egocentric_context,right of,left of,Ali is to the BLANK Mark. Mark looks to his left and Ali looks to his right. Ali is facing away from Mark.,5042a6f6-7c11-5467-85b5-0ab828d3c5d1,base
A3PIHDC8LXVQ4H,2,7,retest,0,two_refs_egocentric,two_refs_egocentric_context,right of,left of,Ali is to the BLANK Mark. Mark looks to his left and Ali looks to his right. Ali is facing away from Mark.,5042a6f6-7c11-5467-85b5-0ab828d3c5d1,base
A3PIHDC8LXVQ4H,2,7,retest,1,two_refs_egocentric,two_refs_egocentric_context,away from,towards,Ali is facing BLANK Mark. Ali turns around. Ali is facing towards Mark.,449d83b2-712b-5aac-8c22-00d1bb07b0f7,base
A3PIHDC8LXVQ4H,2,7,retest,1,two_refs_egocentric,two_refs_egocentric_context,away from,towards,Ali is facing BLANK Mark. Ali turns around. Ali is facing towards Mark.,449d83b2-712b-5aac-8c22-00d1bb07b0f7,base
A3PIHDC8LXVQ4H,2,7,retest,0,two_refs_egocentric,two_refs_egocentric_context,in front of,behind,Mark is BLANK Ali. Mark walks forwards. Mark is getting further from Ali.,65c476d8-7b46-50ad-9fa1-ba59c9300205,base
A3PIHDC8LXVQ4H,2,7,retest,0,two_refs_egocentric,two_refs_egocentric_context,in front of,behind,Mark is BLANK Ali. Mark walks forwards. Mark is getting further from Ali.,65c476d8-7b46-50ad-9fa1-ba59c9300205,base
A3PIHDC8LXVQ4H,2,7,retest,1,two_refs_egocentric,two_refs_egocentric_target,further from,closer to,Mark is in front of Ali. Mark walks forwards. Mark is getting BLANK Ali.,2829a666-eb26-5378-b0eb-cfd72cc8b03f,base
A3PIHDC8LXVQ4H,2,7,retest,1,two_refs_egocentric,two_refs_egocentric_target,further from,closer to,Mark is in front of Ali. Mark walks forwards. Mark is getting BLANK Ali.,2829a666-eb26-5378-b0eb-cfd72cc8b03f,base
A3PIHDC8LXVQ4H,2,7,retest,1,two_refs_egocentric,two_refs_egocentric_target,away from,towards,Mark and Ali are facing away from eachother. Mark turns around. Ali is facing BLANK Mark.,be5f74e8-5413-5aa2-97f3-17a48d7c1398,base
A3PIHDC8LXVQ4H,2,7,retest,1,two_refs_egocentric,two_refs_egocentric_target,away from,towards,Mark and Ali are facing away from eachother. Mark turns around. Ali is facing BLANK Mark.,be5f74e8-5413-5aa2-97f3-17a48d7c1398,base
A3PIHDC8LXVQ4H,2,7,retest,1,relative_pos,relative_pos_context,desk on the box,box on the desk,The box is next to the desk. Ali stacks the BLANK. The box is below the desk.,c2788238-3365-5292-9d47-fe45ebf9d292,base
A3PIHDC8LXVQ4H,2,7,retest,1,relative_pos,relative_pos_context,desk on the box,box on the desk,The box is next to the desk. Ali stacks the BLANK. The box is below the desk.,c2788238-3365-5292-9d47-fe45ebf9d292,base
A3RR85PK3AV9TU,2,4,retest,0,geocentric_near,geocentric_near_context,North of,East of,The statue is BLANK Ali. Ali walks West. The statue is North of Ali.,c8c0fe33-a72d-5683-9846-b72cf18312aa,base
A3RR85PK3AV9TU,2,4,retest,1,geocentric_near,geocentric_near_target,North of,South of,The painting is North of Ali. Ali turns around. The painting is BLANK Ali.,64e3f33d-f1bb-5469-960d-6b974ada7e0a,base
A3RR85PK3AV9TU,2,4,retest,1,geocentric_distant,geocentric_distant_target,East of,West of,Milwaukee is East of Ali. Ali turns around. Milwaukee is BLANK Ali.,e71a3a3e-4266-5822-8098-4001479aa3d8,base
A3RR85PK3AV9TU,2,4,retest,1,geocentric_distant,geocentric_distant_context,South of,West of,Milwaukee is BLANK Ali. Ali turns right. Milwaukee is South of Ali.,bf2af8a4-eb41-5828-869b-c6b1138f2890,base
A3RR85PK3AV9TU,2,4,retest,1,geocentric_near,geocentric_near_context,South,North,Mark is facing BLANK. Mark turns 90 degrees to his right. Mark is facing West.,71d55d9d-7f72-50e7-9a53-e410341ef56d,base
A3RR85PK3AV9TU,2,4,retest,1,geocentric_distant,geocentric_distant_context,East of,North of,Milwaukee is BLANK Ali. Ali turns left. Milwaukee is East of Ali.,b1c9a0f0-680c-58c2-8a69-4c63ee969cad,base
A3RR85PK3AV9TU,2,4,retest,1,geocentric_near,geocentric_near_target,South of,North of,The box is South of Ali. Ali turns around. The box is BLANK Ali.,87863690-da01-5035-a227-bad8f7e6a8a3,base
A3RR85PK3AV9TU,2,4,retest,1,geocentric_near,geocentric_near_target,West of,South of,The painting is West of Ali. Ali turns left. The painting is BLANK Ali.,f296bfa3-3f6c-55b1-b35b-190dfe359ebd,base
A3RR85PK3AV9TU,2,4,retest,1,geocentric_distant,geocentric_distant_context,North of,South of,Milwaukee is BLANK Ali. Ali turns around. Milwaukee is North of Ali.,1c80ade4-3063-5830-8934-448a2e3ccdb3,base
A3RR85PK3AV9TU,2,4,retest,1,geocentric_near,geocentric_near_target,East of,West of,The box is East of Ali. Ali turns around. The box is BLANK Ali.,d85b86e6-538e-59bf-9eb9-7d30d754f01d,base
A3RR85PK3AV9TU,2,4,retest,1,geocentric_distant,geocentric_distant_target,West of,South of,Milwaukee is West of Ali. Ali turns left. Milwaukee is BLANK Ali.,1dfa5edb-b651-5e4f-84d7-cbc32c618e98,base
A3RR85PK3AV9TU,2,4,retest,1,geocentric_near,geocentric_near_target,West,East,Mark is facing South. Mark turns 90 degrees to his right. Mark is facing BLANK.,6cfeef00-729e-52ba-985d-1252fd2428ed,base
A3RR85PK3AV9TU,2,4,retest,1,geocentric_near,geocentric_near_context,North of,East of,The painting is BLANK Ali. Ali turns right. The painting is North of Ali.,27cfaf60-c6de-5209-b4bb-2abcd703a542,base
A3RR85PK3AV9TU,2,4,retest,1,geocentric_near,geocentric_near_target,West of,East of,The box is West of Ali. Ali turns around. The box is BLANK Ali.,424089ec-6146-5b3f-bd32-9565a5513fe0,base
A3RR85PK3AV9TU,2,4,retest,1,geocentric_near,geocentric_near_target,East of,South of,The painting is East of Ali. Ali turns right. The painting is BLANK Ali.,47856cd0-4034-58db-b6c8-09eef76a40e4,base
A3RR85PK3AV9TU,2,4,retest,1,geocentric_distant,geocentric_distant_target,Northeast,Southwest,Ali is directly North of Milwaukee. Ali walks East. Ali is BLANK Milwaukee.,6de916f2-8e10-52d0-8e30-7ae3dcd5aa73,base
A3RR85PK3AV9TU,2,4,retest,0,geocentric_distant,geocentric_distant_target,North of,East of,Milwaukee is North of Ali. Ali turns right. Milwaukee is BLANK Ali.,477d44eb-6672-5eae-bebc-bd944786e92c,base
A3RR85PK3AV9TU,2,4,retest,1,geocentric_near,geocentric_near_context,East of,West of,The box is BLANK Ali. Ali turns around. The box is East of Ali.,4ff80aaf-24a6-56a6-8436-4aafd349574d,base
A3RR85PK3AV9TU,2,4,retest,1,geocentric_distant,geocentric_distant_context,South,North,Ali is directly BLANK of Milwaukee. Ali walks West. Ali is Southwest of Milwaukee.,6fc3e325-93ce-5aec-bf73-393a4cdad0fd,base
A3RR85PK3AV9TU,2,4,retest,1,geocentric_near,geocentric_near_context,North of,South of,The painting is BLANK Ali. Ali turns around. The painting is North of Ali.,6f999144-fcd0-52e0-acea-ca152a4a32a9,base
A3RR85PK3AV9TU,2,4,retest,1,geocentric_distant,geocentric_distant_target,closer to,further from,Ali is East of Milwaukee. Ali walks West. Ali is getting BLANK Milwaukee.,074db133-5b7c-5b64-bf17-595f0672a13e,base
A3RR85PK3AV9TU,2,4,retest,0,geocentric_distant,geocentric_distant_context,West,East,Milwaukee is BLANK of Ali. Ali walks West. Ali is getting closer to Milwaukee.,6cb3e4e3-1a79-542e-80fc-c7618ababd10,base
A3RR85PK3AV9TU,2,4,retest,1,geocentric_distant,geocentric_distant_target,South of,North of,Milwaukee is South of Ali. Ali turns around. Milwaukee is BLANK Ali.,0a0053eb-14a6-5355-ba4c-111aa119ddba,base
A3RR85PK3AV9TU,2,4,retest,1,geocentric_near,geocentric_near_context,East of,South of,The painting is BLANK Ali. Ali turns right. The painting is East of Ali.,bbe1c4e0-6ae6-53c2-8e3d-2d90016d6cde,base
A3RR85PK3AV9TU,2,4,retest,1,geocentric_near,geocentric_near_target,West of,South of,The statue is West of Ali. Ali walks North. The statue is BLANK of Ali.,b9f30b99-3fb3-5807-a2ec-bbe349b45d3a,base
A3RR85PK3AV9TU,2,4,retest,1,geocentric_near,geocentric_near_target,East of,West of,The painting is East of Ali. Ali turns around. The painting is BLANK Ali.,039eef21-48ea-5f03-97a8-50099c8411f3,base
A3RR85PK3AV9TU,2,4,retest,0,geocentric_near,geocentric_near_context,North of,West of,The statue is BLANK Ali. Ali walks East. The statue is North of Ali.,d07fd4d0-1e85-5fc3-8eeb-e7144e7bb5b6,base
A3RR85PK3AV9TU,2,4,retest,1,geocentric_distant,geocentric_distant_context,North of,East of,Milwaukee is BLANK Ali. Ali turns right. Milwaukee is North of Ali.,d1003ff7-62f8-5266-b577-0992f8f5f4a6,base
A3RR85PK3AV9TU,2,4,retest,1,geocentric_near,geocentric_near_target,South of,East of,The painting is South of Ali. Ali turns left. The painting is BLANK Ali.,3d1c523b-903d-52c2-a5ef-c6868cafe157,base
A3RR85PK3AV9TU,2,4,retest,1,geocentric_distant,geocentric_distant_target,West of,East of,Milwaukee is West of Ali. Ali turns around. Milwaukee is BLANK Ali.,e6dd6cf2-8418-56eb-be84-4808492be4b9,base
A3RR85PK3AV9TU,2,4,retest,1,geocentric_near,geocentric_near_context,East of,North of,The statue is BLANK Ali. Ali walks South. The statue is East of Ali.,654f3246-8a02-5b35-998c-05ad57e525bc,base
A3RR85PK3AV9TU,2,4,retest,1,geocentric_near,geocentric_near_target,South of,West of,The statue is South of Ali. Ali walks East. The statue is BLANK of Ali.,b41b1558-d83e-5607-b398-f85601d40e7e,base
A3RR85PK3AV9TU,2,4,retest,1,geocentric_distant,geocentric_distant_context,South of,North of,Milwaukee is BLANK Ali. Ali turns around. Milwaukee is South of Ali.,6f6037ad-89d1-53c6-9b58-e857b51d6d83,base
A3RR85PK3AV9TU,2,4,retest,1,geocentric_near,geocentric_near_context,West of,South of,The statue is BLANK Ali. Ali walks North. The statue is West of Ali.,f5993fbe-e095-503a-8913-5bae1684dcbb,base
A3RR85PK3AV9TU,2,4,retest,1,geocentric_near,geocentric_near_context,South of,West of,The painting is BLANK Ali. Ali turns right. The painting is South of Ali.,9066630c-6525-5574-b5bc-3cbff1f62ccd,base
A3RR85PK3AV9TU,2,4,retest,1,geocentric_near,geocentric_near_context,West,East,Mark is facing BLANK. Mark turns 90 degrees to his right. Mark is facing North.,bfd08d04-41bc-5f32-a1fd-873972891edb,base
A3RR85PK3AV9TU,2,4,retest,1,geocentric_near,geocentric_near_target,North of,East of,The painting is North of Ali. Ali turns right. The painting is BLANK Ali.,83aaa4c2-ac51-5fc1-bda3-12bea9d4ee43,base
A3RR85PK3AV9TU,2,4,retest,1,geocentric_distant,geocentric_distant_context,East of,West of,Milwaukee is BLANK Ali. Ali turns around. Milwaukee is East of Ali.,01d5a51d-7378-576b-aafc-5a45a1ffab63,base
A3RR85PK3AV9TU,2,4,retest,1,geocentric_distant,geocentric_distant_target,South,East of,Milwaukee is South of Ali. Ali turns left. Milwaukee is BLANK Ali.,244dbf50-7c56-53b3-a5e2-96526647c538,base
A3RR85PK3AV9TU,2,4,retest,1,geocentric_near,geocentric_near_context,East of,West of,The painting is BLANK of Ali. Ali turns around. The painting is East of Ali.,617ce912-b692-5ce2-acf4-9eabd9adc7e8,base
A3RR85PK3AV9TU,2,4,retest,1,geocentric_near,geocentric_near_context,West of,South of,The painting is BLANK Ali. Ali turns left. The painting is West of Ali.,6748370c-52c8-5597-b79f-c9a2e0e485d4,base
A3RR85PK3AV9TU,2,4,retest,1,geocentric_near,geocentric_near_target,East of,North of,The statue is East of Ali. Ali walks South. The statue is BLANK of Ali.,4e2ccb54-af98-56e1-8eb8-74bc46abf088,base
A3RR85PK3AV9TU,2,4,retest,1,geocentric_near,geocentric_near_context,North of,East of,The statue is BLANK Ali. Ali walks West. The statue is North of Ali.,c8c0fe33-a72d-5683-9846-b72cf18312aa,base
A3RR85PK3AV9TU,2,4,retest,1,geocentric_near,geocentric_near_context,North of,East of,The statue is BLANK Ali. Ali walks West. The statue is North of Ali.,c8c0fe33-a72d-5683-9846-b72cf18312aa,base
A3RR85PK3AV9TU,2,4,retest,1,geocentric_distant,geocentric_distant_context,South of,West of,Milwaukee is BLANK Ali. Ali turns right. Milwaukee is South of Ali.,bf2af8a4-eb41-5828-869b-c6b1138f2890,base
A3RR85PK3AV9TU,2,4,retest,1,geocentric_distant,geocentric_distant_context,South of,West of,Milwaukee is BLANK Ali. Ali turns right. Milwaukee is South of Ali.,bf2af8a4-eb41-5828-869b-c6b1138f2890,base
A3RR85PK3AV9TU,2,4,retest,1,geocentric_near,geocentric_near_target,South of,North of,The box is South of Ali. Ali turns around. The box is BLANK Ali.,87863690-da01-5035-a227-bad8f7e6a8a3,base
A3RR85PK3AV9TU,2,4,retest,1,geocentric_near,geocentric_near_target,South of,North of,The box is South of Ali. Ali turns around. The box is BLANK Ali.,87863690-da01-5035-a227-bad8f7e6a8a3,base
A3RR85PK3AV9TU,2,4,retest,1,geocentric_distant,geocentric_distant_target,West of,South of,Milwaukee is West of Ali. Ali turns left. Milwaukee is BLANK Ali.,1dfa5edb-b651-5e4f-84d7-cbc32c618e98,base
A3RR85PK3AV9TU,2,4,retest,1,geocentric_distant,geocentric_distant_target,West of,South of,Milwaukee is West of Ali. Ali turns left. Milwaukee is BLANK Ali.,1dfa5edb-b651-5e4f-84d7-cbc32c618e98,base
A3RR85PK3AV9TU,2,4,retest,1,geocentric_near,geocentric_near_target,East of,South of,The painting is East of Ali. Ali turns right. The painting is BLANK Ali.,47856cd0-4034-58db-b6c8-09eef76a40e4,base
A3RR85PK3AV9TU,2,4,retest,1,geocentric_near,geocentric_near_target,East of,South of,The painting is East of Ali. Ali turns right. The painting is BLANK Ali.,47856cd0-4034-58db-b6c8-09eef76a40e4,base
A3RR85PK3AV9TU,2,4,retest,1,geocentric_distant,geocentric_distant_target,North of,East of,Milwaukee is North of Ali. Ali turns right. Milwaukee is BLANK Ali.,477d44eb-6672-5eae-bebc-bd944786e92c,base
A3RR85PK3AV9TU,2,4,retest,1,geocentric_distant,geocentric_distant_target,North of,East of,Milwaukee is North of Ali. Ali turns right. Milwaukee is BLANK Ali.,477d44eb-6672-5eae-bebc-bd944786e92c,base
A3RR85PK3AV9TU,2,4,retest,1,geocentric_distant,geocentric_distant_context,South,North,Ali is directly BLANK of Milwaukee. Ali walks West. Ali is Southwest of Milwaukee.,6fc3e325-93ce-5aec-bf73-393a4cdad0fd,base
A3RR85PK3AV9TU,2,4,retest,1,geocentric_distant,geocentric_distant_context,South,North,Ali is directly BLANK of Milwaukee. Ali walks West. Ali is Southwest of Milwaukee.,6fc3e325-93ce-5aec-bf73-393a4cdad0fd,base
A3RR85PK3AV9TU,2,4,retest,1,geocentric_distant,geocentric_distant_target,closer to,further from,Ali is East of Milwaukee. Ali walks West. Ali is getting BLANK Milwaukee.,074db133-5b7c-5b64-bf17-595f0672a13e,base
A3RR85PK3AV9TU,2,4,retest,1,geocentric_distant,geocentric_distant_target,closer to,further from,Ali is East of Milwaukee. Ali walks West. Ali is getting BLANK Milwaukee.,074db133-5b7c-5b64-bf17-595f0672a13e,base
A3RR85PK3AV9TU,2,4,retest,0,geocentric_distant,geocentric_distant_context,West,East,Milwaukee is BLANK of Ali. Ali walks West. Ali is getting closer to Milwaukee.,6cb3e4e3-1a79-542e-80fc-c7618ababd10,base
A3RR85PK3AV9TU,2,4,retest,0,geocentric_distant,geocentric_distant_context,West,East,Milwaukee is BLANK of Ali. Ali walks West. Ali is getting closer to Milwaukee.,6cb3e4e3-1a79-542e-80fc-c7618ababd10,base
A3RR85PK3AV9TU,2,4,retest,1,geocentric_distant,geocentric_distant_target,South of,North of,Milwaukee is South of Ali. Ali turns around. Milwaukee is BLANK Ali.,0a0053eb-14a6-5355-ba4c-111aa119ddba,base
A3RR85PK3AV9TU,2,4,retest,1,geocentric_distant,geocentric_distant_target,South of,North of,Milwaukee is South of Ali. Ali turns around. Milwaukee is BLANK Ali.,0a0053eb-14a6-5355-ba4c-111aa119ddba,base
A3RR85PK3AV9TU,2,4,retest,1,geocentric_near,geocentric_near_context,East of,South of,The painting is BLANK Ali. Ali turns right. The painting is East of Ali.,bbe1c4e0-6ae6-53c2-8e3d-2d90016d6cde,base
A3RR85PK3AV9TU,2,4,retest,1,geocentric_near,geocentric_near_context,East of,South of,The painting is BLANK Ali. Ali turns right. The painting is East of Ali.,bbe1c4e0-6ae6-53c2-8e3d-2d90016d6cde,base
A3RR85PK3AV9TU,2,4,retest,1,geocentric_near,geocentric_near_context,North of,West of,The statue is BLANK Ali. Ali walks East. The statue is North of Ali.,d07fd4d0-1e85-5fc3-8eeb-e7144e7bb5b6,base
A3RR85PK3AV9TU,2,4,retest,1,geocentric_near,geocentric_near_context,North of,West of,The statue is BLANK Ali. Ali walks East. The statue is North of Ali.,d07fd4d0-1e85-5fc3-8eeb-e7144e7bb5b6,base
A3RR85PK3AV9TU,2,4,retest,1,geocentric_near,geocentric_near_target,South of,East of,The painting is South of Ali. Ali turns left. The painting is BLANK Ali.,3d1c523b-903d-52c2-a5ef-c6868cafe157,base
A3RR85PK3AV9TU,2,4,retest,1,geocentric_near,geocentric_near_target,South of,East of,The painting is South of Ali. Ali turns left. The painting is BLANK Ali.,3d1c523b-903d-52c2-a5ef-c6868cafe157,base
A3RR85PK3AV9TU,2,4,retest,1,geocentric_near,geocentric_near_context,West of,South of,The statue is BLANK Ali. Ali walks North. The statue is West of Ali.,f5993fbe-e095-503a-8913-5bae1684dcbb,base
A3RR85PK3AV9TU,2,4,retest,1,geocentric_near,geocentric_near_context,West of,South of,The statue is BLANK Ali. Ali walks North. The statue is West of Ali.,f5993fbe-e095-503a-8913-5bae1684dcbb,base
A3RR85PK3AV9TU,2,4,retest,1,geocentric_near,geocentric_near_context,South of,West of,The painting is BLANK Ali. Ali turns right. The painting is South of Ali.,9066630c-6525-5574-b5bc-3cbff1f62ccd,base
A3RR85PK3AV9TU,2,4,retest,1,geocentric_near,geocentric_near_context,South of,West of,The painting is BLANK Ali. Ali turns right. The painting is South of Ali.,9066630c-6525-5574-b5bc-3cbff1f62ccd,base
A3RR85PK3AV9TU,2,4,retest,1,geocentric_near,geocentric_near_target,North of,East of,The painting is North of Ali. Ali turns right. The painting is BLANK Ali.,83aaa4c2-ac51-5fc1-bda3-12bea9d4ee43,base
A3RR85PK3AV9TU,2,4,retest,1,geocentric_near,geocentric_near_target,North of,East of,The painting is North of Ali. Ali turns right. The painting is BLANK Ali.,83aaa4c2-ac51-5fc1-bda3-12bea9d4ee43,base
A3RR85PK3AV9TU,2,4,retest,0,geocentric_distant,geocentric_distant_context,East of,West of,Milwaukee is BLANK Ali. Ali turns around. Milwaukee is East of Ali.,01d5a51d-7378-576b-aafc-5a45a1ffab63,base
A3RR85PK3AV9TU,2,4,retest,0,geocentric_distant,geocentric_distant_context,East of,West of,Milwaukee is BLANK Ali. Ali turns around. Milwaukee is East of Ali.,01d5a51d-7378-576b-aafc-5a45a1ffab63,base
A3RR85PK3AV9TU,2,4,retest,1,geocentric_near,geocentric_near_context,East of,West of,The painting is BLANK of Ali. Ali turns around. The painting is East of Ali.,617ce912-b692-5ce2-acf4-9eabd9adc7e8,base
A3RR85PK3AV9TU,2,4,retest,1,geocentric_near,geocentric_near_context,East of,West of,The painting is BLANK of Ali. Ali turns around. The painting is East of Ali.,617ce912-b692-5ce2-acf4-9eabd9adc7e8,base
A3RT3B73TLJBO1,2,6,retest,1,two_refs_geocentric,two_refs_geocentric_target,away from,towards,Mark is East of Ali facing East. Ali is West of Mark facing West. Mark is facing BLANK Ali.,d7c6e00b-4c44-5369-ac36-15cf71d8f6b8,base
A3RT3B73TLJBO1,2,6,retest,1,two_refs_geocentric,two_refs_geocentric_context,West,East,Mark is BLANK of Ali facing East. Ali is East of Mark facing West. Mark is facing towards Ali.,d88cd359-fee1-5421-b204-da79447cd71c,base
A3RT3B73TLJBO1,2,6,retest,0,two_refs_geocentric,two_refs_geocentric_target,towards,away from,Mark is West of Ali facing East. Ali is East of Mark facing West. Mark is facing BLANK Ali.,c653d385-9060-521b-a3d2-7b3bdc386792,base
A3RT3B73TLJBO1,2,6,retest,1,two_refs_geocentric,two_refs_geocentric_target,East,West,Mark is East of Budapest and Ali is West of Budapest. Ali walks directly towards Mark. Ali is heading BLANK.,50388291-cfb1-51f5-b757-16c6ee10b4c6,base
A3RT3B73TLJBO1,2,6,retest,1,two_refs_geocentric,two_refs_geocentric_target,North,South,Mark and Ali are both directly West of Budapest. Mark walks South. Ali is BLANK of Mark.,83b8ada3-adc0-51d6-8c2c-d39bacde7ea1,base
A3RT3B73TLJBO1,2,6,retest,0,two_refs_geocentric,two_refs_geocentric_context,West,East,Mark is facing East and Ali is facing BLANK. Mark turns 180 degrees. Mark and Ali are facing the same direction.,09a5259f-f1f6-5316-829f-75de35dc7fe2,base
A3RT3B73TLJBO1,2,6,retest,0,two_refs_geocentric,two_refs_geocentric_target,the same direction,different directions,Mark is facing South and Ali is facing East. Mark turns 90 degrees to his right. Mark and Ali are facing BLANK.,2a3beaa8-c767-5efa-9738-2608cfab99a2,base
A3RT3B73TLJBO1,2,6,retest,0,two_refs_geocentric,two_refs_geocentric_target,the same direction,different directions,Mark is facing North and Ali is facing East. Mark turns 90 degrees to his right. Mark and Ali are facing BLANK.,286ce04e-0e99-55bd-b40b-485e9a55ddc1,base
A3RT3B73TLJBO1,2,6,retest,1,two_refs_geocentric,two_refs_geocentric_context,East,West,Mark is facing North and Ali is facing BLANK. Mark turns 90 degrees to his right. Mark and Ali are facing the same direction.,deba861b-2296-5137-a8b7-9d7504d90d47,base
A3RT3B73TLJBO1,2,6,retest,1,two_refs_geocentric,two_refs_geocentric_target,South,North,Mark and Ali are both directly East of Budapest. Mark walks North. Ali is BLANK of Mark.,b4bfe01b-251a-51c6-a900-d1307f5ec5cb,base
A3RT3B73TLJBO1,2,6,retest,1,two_refs_geocentric,two_refs_geocentric_target,South,North,Mark is North of Budapest and Ali is South of Budapest. Ali walks directly away from Mark. Ali is walking BLANK.,2c8f684c-1ce8-521c-8d68-9c703b78727d,base
A3RT3B73TLJBO1,2,6,retest,0,two_refs_geocentric,two_refs_geocentric_context,West,East,Milwaukee is South of Mark. Mark goes BLANK. Mark is Northeast of Milwaukee.,e35d39b7-29e7-5f8f-89c1-1daa34e84ebd,base
A3RT3B73TLJBO1,2,6,retest,1,two_refs_geocentric,two_refs_geocentric_context,West,East,Milwaukee is South of Mark. Mark goes BLANK. Milwaukee is Southeast of Mark.,d8873371-c599-505f-a895-9df8ff3d5ebd,base
A3RT3B73TLJBO1,2,6,retest,1,two_refs_geocentric,two_refs_geocentric_context,away from,towards,Mark is North of Budapest and Ali is South of Budapest. Ali walks directly BLANK Mark. Ali is walking South.,51d41ac1-cf08-5458-8208-4162c1e865f6,base
A3RT3B73TLJBO1,2,6,retest,1,two_refs_geocentric,two_refs_geocentric_context,East,West,Milwaukee is North of Mark. Mark goes BLANK. Milwaukee is Northwest of Mark.,a4e641f8-8936-52ee-87ee-a034509bc15f,base
A3RT3B73TLJBO1,2,6,retest,0,two_refs_geocentric,two_refs_geocentric_context,East,West,Mark is BLANK of Ali. Mark turns right. Mark is East of Ali.,cb89881b-c899-5760-bd9d-f73c4ab4521c,base
A3RT3B73TLJBO1,2,6,retest,1,two_refs_geocentric,two_refs_geocentric_context,towards,away from,Mark is East of Budapest and Ali is West of Budapest. Mark walks directly BLANK Ali. Mark is heading West.,07d45d86-9d5e-5f76-a281-81fd6837ef87,base
A3RT3B73TLJBO1,2,6,retest,1,two_refs_geocentric,two_refs_geocentric_target,Northest,Southeast,Milwaukee is South of Mark. Mark goes West. Mark is BLANK of Milwaukee.,e23f07b1-bdfa-5969-9480-74020b4ede21,base
A3RT3B73TLJBO1,2,6,retest,1,two_refs_geocentric,two_refs_geocentric_context,East,West,Mark is BLANK of Ali facing East. Ali is West of Mark facing West. Mark is facing away from Ali.,a55a83e9-f5a4-5aee-907d-c7ec664911e3,base
A3RT3B73TLJBO1,2,6,retest,1,two_refs_geocentric,two_refs_geocentric_context,East,West,Mark is facing South and Ali is facing BLANK. Mark turns 90 degrees to his right. Mark and Ali are facing different directions.,afb3e71e-dd5a-51dd-bdc0-e3e027d7048d,base
A3RT3B73TLJBO1,2,6,retest,0,two_refs_geocentric,two_refs_geocentric_target,Northwest,Southeast,Milwaukee is North of Mark. Mark goes East. Milwaukee is BLANK of Mark.,4ec12ad0-e7c6-511d-97e4-2c59b20c8143,base
A3RT3B73TLJBO1,2,6,retest,1,two_refs_geocentric,two_refs_geocentric_context,East,West,Mark is facing BLANK and Ali is facing West. Mark turns around. Mark is facing West.,e7a0ff83-cb27-54fe-bcf5-24d5d5f5b950,base
A3RT3B73TLJBO1,2,6,retest,1,two_refs_geocentric,two_refs_geocentric_target,towards,away from,Mark is West of Ali facing East. Ali is East of Mark facing West. Mark is facing BLANK Ali.,c653d385-9060-521b-a3d2-7b3bdc386792,base
A3RT3B73TLJBO1,2,6,retest,1,two_refs_geocentric,two_refs_geocentric_target,towards,away from,Mark is West of Ali facing East. Ali is East of Mark facing West. Mark is facing BLANK Ali.,c653d385-9060-521b-a3d2-7b3bdc386792,base
A3RT3B73TLJBO1,2,6,retest,0,two_refs_geocentric,two_refs_geocentric_context,West,East,Mark is facing East and Ali is facing BLANK. Mark turns 180 degrees. Mark and Ali are facing the same direction.,09a5259f-f1f6-5316-829f-75de35dc7fe2,base
A3RT3B73TLJBO1,2,6,retest,0,two_refs_geocentric,two_refs_geocentric_context,West,East,Mark is facing East and Ali is facing BLANK. Mark turns 180 degrees. Mark and Ali are facing the same direction.,09a5259f-f1f6-5316-829f-75de35dc7fe2,base
A3RT3B73TLJBO1,2,6,retest,1,two_refs_geocentric,two_refs_geocentric_target,the same direction,different directions,Mark is facing South and Ali is facing East. Mark turns 90 degrees to his right. Mark and Ali are facing BLANK.,2a3beaa8-c767-5efa-9738-2608cfab99a2,base
A3RT3B73TLJBO1,2,6,retest,1,two_refs_geocentric,two_refs_geocentric_target,the same direction,different directions,Mark is facing South and Ali is facing East. Mark turns 90 degrees to his right. Mark and Ali are facing BLANK.,2a3beaa8-c767-5efa-9738-2608cfab99a2,base
A3RT3B73TLJBO1,2,6,retest,1,two_refs_geocentric,two_refs_geocentric_target,the same direction,different directions,Mark is facing North and Ali is facing East. Mark turns 90 degrees to his right. Mark and Ali are facing BLANK.,286ce04e-0e99-55bd-b40b-485e9a55ddc1,base
A3RT3B73TLJBO1,2,6,retest,1,two_refs_geocentric,two_refs_geocentric_target,the same direction,different directions,Mark is facing North and Ali is facing East. Mark turns 90 degrees to his right. Mark and Ali are facing BLANK.,286ce04e-0e99-55bd-b40b-485e9a55ddc1,base
A3RT3B73TLJBO1,2,6,retest,1,two_refs_geocentric,two_refs_geocentric_target,South,North,Mark is North of Budapest and Ali is South of Budapest. Ali walks directly away from Mark. Ali is walking BLANK.,2c8f684c-1ce8-521c-8d68-9c703b78727d,base
A3RT3B73TLJBO1,2,6,retest,1,two_refs_geocentric,two_refs_geocentric_target,South,North,Mark is North of Budapest and Ali is South of Budapest. Ali walks directly away from Mark. Ali is walking BLANK.,2c8f684c-1ce8-521c-8d68-9c703b78727d,base
A3RT3B73TLJBO1,2,6,retest,0,two_refs_geocentric,two_refs_geocentric_context,West,East,Milwaukee is South of Mark. Mark goes BLANK. Mark is Northeast of Milwaukee.,e35d39b7-29e7-5f8f-89c1-1daa34e84ebd,base
A3RT3B73TLJBO1,2,6,retest,0,two_refs_geocentric,two_refs_geocentric_context,West,East,Milwaukee is South of Mark. Mark goes BLANK. Mark is Northeast of Milwaukee.,e35d39b7-29e7-5f8f-89c1-1daa34e84ebd,base
A3RT3B73TLJBO1,2,6,retest,1,two_refs_geocentric,two_refs_geocentric_context,West,East,Milwaukee is South of Mark. Mark goes BLANK. Milwaukee is Southeast of Mark.,d8873371-c599-505f-a895-9df8ff3d5ebd,base
A3RT3B73TLJBO1,2,6,retest,1,two_refs_geocentric,two_refs_geocentric_context,West,East,Milwaukee is South of Mark. Mark goes BLANK. Milwaukee is Southeast of Mark.,d8873371-c599-505f-a895-9df8ff3d5ebd,base
A3RT3B73TLJBO1,2,6,retest,1,two_refs_geocentric,two_refs_geocentric_context,East,West,Mark is BLANK of Ali. Mark turns right. Mark is East of Ali.,cb89881b-c899-5760-bd9d-f73c4ab4521c,base
A3RT3B73TLJBO1,2,6,retest,1,two_refs_geocentric,two_refs_geocentric_context,East,West,Mark is BLANK of Ali. Mark turns right. Mark is East of Ali.,cb89881b-c899-5760-bd9d-f73c4ab4521c,base
A3RT3B73TLJBO1,2,6,retest,1,two_refs_geocentric,two_refs_geocentric_context,towards,away from,Mark is East of Budapest and Ali is West of Budapest. Mark walks directly BLANK Ali. Mark is heading West.,07d45d86-9d5e-5f76-a281-81fd6837ef87,base
A3RT3B73TLJBO1,2,6,retest,1,two_refs_geocentric,two_refs_geocentric_context,towards,away from,Mark is East of Budapest and Ali is West of Budapest. Mark walks directly BLANK Ali. Mark is heading West.,07d45d86-9d5e-5f76-a281-81fd6837ef87,base
A3RT3B73TLJBO1,2,6,retest,1,two_refs_geocentric,two_refs_geocentric_context,East,West,Mark is BLANK of Ali facing East. Ali is West of Mark facing West. Mark is facing away from Ali.,a55a83e9-f5a4-5aee-907d-c7ec664911e3,base
A3RT3B73TLJBO1,2,6,retest,1,two_refs_geocentric,two_refs_geocentric_context,East,West,Mark is BLANK of Ali facing East. Ali is West of Mark facing West. Mark is facing away from Ali.,a55a83e9-f5a4-5aee-907d-c7ec664911e3,base
A3RT3B73TLJBO1,2,6,retest,0,two_refs_geocentric,two_refs_geocentric_context,East,West,Mark is facing South and Ali is facing BLANK. Mark turns 90 degrees to his right. Mark and Ali are facing different directions.,afb3e71e-dd5a-51dd-bdc0-e3e027d7048d,base
A3RT3B73TLJBO1,2,6,retest,0,two_refs_geocentric,two_refs_geocentric_context,East,West,Mark is facing South and Ali is facing BLANK. Mark turns 90 degrees to his right. Mark and Ali are facing different directions.,afb3e71e-dd5a-51dd-bdc0-e3e027d7048d,base
A3RT3B73TLJBO1,2,6,retest,1,two_refs_geocentric,two_refs_geocentric_target,Northwest,Southeast,Milwaukee is North of Mark. Mark goes East. Milwaukee is BLANK of Mark.,4ec12ad0-e7c6-511d-97e4-2c59b20c8143,base
A3RT3B73TLJBO1,2,6,retest,1,two_refs_geocentric,two_refs_geocentric_target,Northwest,Southeast,Milwaukee is North of Mark. Mark goes East. Milwaukee is BLANK of Mark.,4ec12ad0-e7c6-511d-97e4-2c59b20c8143,base
ABS46BM5878BW,2,1,retest,0,state_nonfollows,state_nonfollows_target,doesn't break,breaks,The glass is on the floor. Ali bumps the table. The glass BLANK.,2a5f6d9c-8b03-5fe5-8a19-87971947d204,base
ABS46BM5878BW,2,1,retest,0,action_nonfollows,action_nonfollows_target,floats,sinks,The box is floating in the water. Ali puts a tennis ball in the box. The box BLANK.,15a162c3-7638-5144-a4a3-f9a13b33f485,base
ABS46BM5878BW,2,1,retest,0,action_nonfollows,action_nonfollows_target,doesn't move,moves,The ball is five feet from the box. Ali moves the box. The ball BLANK.,eae220a6-b112-595b-8808-41aaec2e4f3d,base
ABS46BM5878BW,2,1,retest,1,action_nonfollows,action_nonfollows_target,close to,far from,The box is close to Ali. Ali throws the ball. The box is BLANK Ali.,27bc3da0-29e8-5aff-8cdc-aebfdecd2412,base
ABS46BM5878BW,2,1,retest,0,egocentric_near,egocentric_near_target,right,left,The painting is to Ali's left. The painting is moved left. The painting is to Ali's BLANK.,77bdedf3-bae1-5250-9280-746344392bdd,base
ABS46BM5878BW,2,1,retest,1,action_follows,action_follows_context,right,left,The seesaw is balanced. Ali tilts the BLANK side of the seesaw. The left side goes up.,9ce7fedd-cd4e-5e5e-8af4-7c87b269dcf9,base
ABS46BM5878BW,2,1,retest,1,egocentric_near,egocentric_near_target,left of,right of,The painting is behind Ali. Ali turns left. The painting is BLANK Ali.,2f6ac9c5-17f9-5a23-ab8d-9d0d3d3335c4,base
ABS46BM5878BW,2,1,retest,1,egocentric_near,egocentric_near_target,right,left,The painting is to Ali's right. The painting is moved right. The painting is to Ali's BLANK.,ead989ef-2c5a-5676-a32c-f2f2055cae2d,base
ABS46BM5878BW,2,1,retest,0,egocentric_near,egocentric_near_context,behind,in front of,The painting is BLANK Ali. Ali turns right. The painting is right of Ali.,1916451f-868a-5f58-9e6c-6033ca77e634,base
ABS46BM5878BW,2,1,retest,1,egocentric_near,egocentric_near_context,in front of,behind,The painting is BLANK of Ali. Ali turns left. The painting is right of Ali.,805deedd-d47e-54f8-b7e7-81318f8435b7,base
ABS46BM5878BW,2,1,retest,1,egocentric_near,egocentric_near_context,behind,in front of,The painting is BLANK Ali. Ali turns left. The painting is left of Ali.,8c63c6ea-38dc-5bb2-a95b-c1b63865bdaf,base
ABS46BM5878BW,2,1,retest,1,action_nonfollows,action_nonfollows_target,doesn't move,moves,The box is in the bin. Ali moves the box. The bin BLANK.,ba5435e7-cc12-557d-be71-b241947e2f6c,base
ABS46BM5878BW,2,1,retest,0,action_nonfollows,action_nonfollows_context,under,above,The ball is BLANK the box. The ball moves right. The ball is lower than the box.,f7886140-c3a9-5bb0-9dc4-99612c3e3180,base
ABS46BM5878BW,2,1,retest,0,action_nonfollows,action_nonfollows_context,under,above,The ball is BLANK the box. Ali pushes the ball forward. The ball is under the box.,11b9c7f0-ecb6-5489-b941-2a3815cb66ce,base
ABS46BM5878BW,2,1,retest,1,state_nonfollows,state_nonfollows_target,dry,wet,The glass is on the table. Ali fills the glass halfway. The table is BLANK.,b8aeb728-ce96-53b4-a022-80902bd4ed2d,base
ABS46BM5878BW,2,1,retest,0,action_nonfollows,action_nonfollows_context,in,outside,Ali is BLANK the wagon. Ali pulls on the wagon. The wagon doesn't move.,d68fd4fa-114f-58ff-922b-8ba73bc38c68,base
ABS46BM5878BW,2,1,retest,0,egocentric_near,egocentric_near_target,behind,in front of,Ali is behind the painting. Ali turns around. Ali is BLANK the painting.,cb0d70bb-d9f6-5100-902d-21fd6221cecf,base
ABS46BM5878BW,2,1,retest,1,action_follows,action_follows_target,moves,doesn't move,The book is on the table. Ali moves the table. The book BLANK.,bf93e811-9a49-58b7-b6dc-6a47ece87d9f,base
ABS46BM5878BW,2,1,retest,1,egocentric_distant,egocentric_distant_target,right of,left of,Chicago is behind Ali. Ali turns right. Chicago is BLANK Ali.,ecf1bbc5-92d2-5b77-9ebe-7090991e3b5d,base
ABS46BM5878BW,2,1,retest,0,action_nonfollows,action_nonfollows_target,behind the statue,in front of the statue,Ali is behind the statue. Ali turns around. Ali is BLANK.,527fdd15-db92-57e8-bc5c-09d9964e45b1,base
ABS46BM5878BW,2,1,retest,0,egocentric_distant,egocentric_distant_context,left,right,Chicago is to Ali's BLANK. Ali turns left. Ali is facing towards Chicago.,29c5b0e8-2242-5aa6-ad05-0a8b33bc7aec,base
ABS46BM5878BW,2,1,retest,1,egocentric_distant,egocentric_distant_target,left of,right of,Ali is facing away from Chicago. Ali turns left. Chicago is BLANK Ali.,9f9092b3-4ed3-5b54-92bb-a68e83301300,base
ABS46BM5878BW,2,1,retest,0,egocentric_near,egocentric_near_context,behind,in front of,Ali is BLANK painting. Ali turns around. Ali is behind the painting.,d91e34a1-58ec-5efe-bd1d-3da56dfe0d5c,base
ABS46BM5878BW,2,1,retest,1,egocentric_distant,egocentric_distant_target,in front of,behind,Ali is facing away from Chicago. Ali turns around. Chicago is BLANK Ali.,1710b645-2bb2-54c6-8ac1-62f03525d880,base
ABS46BM5878BW,2,1,retest,0,action_nonfollows,action_nonfollows_context,in front of the statue,behind the statue,Ali is BLANK. Ali turns around. Ali is in front of the statue.,7cfd7bad-4e38-507a-a6d8-243e8c667d1b,base
ABS46BM5878BW,2,1,retest,1,egocentric_distant,egocentric_distant_context,towards,away from,Ali is facing BLANK Chicago. Ali turns left. Chicago is right of Ali.,fe65df9a-14f6-5a27-8f01-1a0bed69b8e5,base
ABS46BM5878BW,2,1,retest,0,action_follows,action_follows_context,behind,in front of,Ali is BLANK the wagon. Ali pushes on the wagon. The wagon moves.,40d46345-fe82-5f5a-82a0-f24d259674d7,base
ABS46BM5878BW,2,1,retest,0,state_nonfollows,state_nonfollows_context,cup,glass,The glass and the cup are on the table. Ali pushes the BLANK off the table. The glass doesn't break.,88e4c11a-0766-534e-843f-4d59c387d497,base
ABS46BM5878BW,2,1,retest,1,egocentric_distant,egocentric_distant_context,in front of,behind,Chicago is BLANK Ali. Ali turns right. Chicago is left of Ali.,27c72cf7-5d80-526d-9ace-d6625063dfe0,base
ABS46BM5878BW,2,1,retest,0,egocentric_near,egocentric_near_context,right of,left of,The painting is BLANK Ali. Ali turns around. The painting is left of Ali.,a350fecf-cf01-5eef-a227-25028fad7f14,base
ABS46BM5878BW,2,1,retest,1,action_follows,action_follows_context,top,bottom,The wagon is on the BLANK of the hill. Ali pushes the wagon. The wagon rolls.,96c0978e-4433-5d7f-b561-cee41daa8875,base
ABS46BM5878BW,2,1,retest,1,state_nonfollows,state_nonfollows_context,banana,ice cube,The ice cube and the banana are in the fridge. Ali takes the BLANK out of the fridge. The ice cube doesn't melt.,36c076db-ae0e-5966-819d-9d048054999d,base
ABS46BM5878BW,2,1,retest,0,state_nonfollows,state_nonfollows_target,doesn't break,breaks,The glass is on the floor. Ali bumps the table. The glass BLANK.,2a5f6d9c-8b03-5fe5-8a19-87971947d204,base
ABS46BM5878BW,2,1,retest,0,state_nonfollows,state_nonfollows_target,doesn't break,breaks,The glass is on the floor. Ali bumps the table. The glass BLANK.,2a5f6d9c-8b03-5fe5-8a19-87971947d204,base
ABS46BM5878BW,2,1,retest,0,action_nonfollows,action_nonfollows_target,floats,sinks,The box is floating in the water. Ali puts a tennis ball in the box. The box BLANK.,15a162c3-7638-5144-a4a3-f9a13b33f485,base
ABS46BM5878BW,2,1,retest,0,action_nonfollows,action_nonfollows_target,floats,sinks,The box is floating in the water. Ali puts a tennis ball in the box. The box BLANK.,15a162c3-7638-5144-a4a3-f9a13b33f485,base
ABS46BM5878BW,2,1,retest,1,action_nonfollows,action_nonfollows_target,doesn't move,moves,The ball is five feet from the box. Ali moves the box. The ball BLANK.,eae220a6-b112-595b-8808-41aaec2e4f3d,base
ABS46BM5878BW,2,1,retest,1,action_nonfollows,action_nonfollows_target,doesn't move,moves,The ball is five feet from the box. Ali moves the box. The ball BLANK.,eae220a6-b112-595b-8808-41aaec2e4f3d,base
ABS46BM5878BW,2,1,retest,0,egocentric_near,egocentric_near_target,right,left,The painting is to Ali's left. The painting is moved left. The painting is to Ali's BLANK.,77bdedf3-bae1-5250-9280-746344392bdd,base
ABS46BM5878BW,2,1,retest,0,egocentric_near,egocentric_near_target,right,left,The painting is to Ali's left. The painting is moved left. The painting is to Ali's BLANK.,77bdedf3-bae1-5250-9280-746344392bdd,base
ABS46BM5878BW,2,1,retest,1,egocentric_near,egocentric_near_target,right,left,The painting is to Ali's right. The painting is moved right. The painting is to Ali's BLANK.,ead989ef-2c5a-5676-a32c-f2f2055cae2d,base
ABS46BM5878BW,2,1,retest,1,egocentric_near,egocentric_near_target,right,left,The painting is to Ali's right. The painting is moved right. The painting is to Ali's BLANK.,ead989ef-2c5a-5676-a32c-f2f2055cae2d,base
ABS46BM5878BW,2,1,retest,1,egocentric_near,egocentric_near_context,behind,in front of,The painting is BLANK Ali. Ali turns right. The painting is right of Ali.,1916451f-868a-5f58-9e6c-6033ca77e634,base
ABS46BM5878BW,2,1,retest,1,egocentric_near,egocentric_near_context,behind,in front of,The painting is BLANK Ali. Ali turns right. The painting is right of Ali.,1916451f-868a-5f58-9e6c-6033ca77e634,base
ABS46BM5878BW,2,1,retest,0,egocentric_near,egocentric_near_context,behind,in front of,The painting is BLANK Ali. Ali turns left. The painting is left of Ali.,8c63c6ea-38dc-5bb2-a95b-c1b63865bdaf,base
ABS46BM5878BW,2,1,retest,0,egocentric_near,egocentric_near_context,behind,in front of,The painting is BLANK Ali. Ali turns left. The painting is left of Ali.,8c63c6ea-38dc-5bb2-a95b-c1b63865bdaf,base
ABS46BM5878BW,2,1,retest,1,action_nonfollows,action_nonfollows_context,under,above,The ball is BLANK the box. The ball moves right. The ball is lower than the box.,f7886140-c3a9-5bb0-9dc4-99612c3e3180,base
ABS46BM5878BW,2,1,retest,1,action_nonfollows,action_nonfollows_context,under,above,The ball is BLANK the box. The ball moves right. The ball is lower than the box.,f7886140-c3a9-5bb0-9dc4-99612c3e3180,base
ABS46BM5878BW,2,1,retest,1,action_nonfollows,action_nonfollows_context,under,above,The ball is BLANK the box. Ali pushes the ball forward. The ball is under the box.,11b9c7f0-ecb6-5489-b941-2a3815cb66ce,base
ABS46BM5878BW,2,1,retest,1,action_nonfollows,action_nonfollows_context,under,above,The ball is BLANK the box. Ali pushes the ball forward. The ball is under the box.,11b9c7f0-ecb6-5489-b941-2a3815cb66ce,base
ABS46BM5878BW,2,1,retest,1,action_nonfollows,action_nonfollows_context,in,outside,Ali is BLANK the wagon. Ali pulls on the wagon. The wagon doesn't move.,d68fd4fa-114f-58ff-922b-8ba73bc38c68,base
ABS46BM5878BW,2,1,retest,1,action_nonfollows,action_nonfollows_context,in,outside,Ali is BLANK the wagon. Ali pulls on the wagon. The wagon doesn't move.,d68fd4fa-114f-58ff-922b-8ba73bc38c68,base
ABS46BM5878BW,2,1,retest,1,egocentric_near,egocentric_near_target,behind,in front of,Ali is behind the painting. Ali turns around. Ali is BLANK the painting.,cb0d70bb-d9f6-5100-902d-21fd6221cecf,base
ABS46BM5878BW,2,1,retest,1,egocentric_near,egocentric_near_target,behind,in front of,Ali is behind the painting. Ali turns around. Ali is BLANK the painting.,cb0d70bb-d9f6-5100-902d-21fd6221cecf,base
ABS46BM5878BW,2,1,retest,1,action_follows,action_follows_target,moves,doesn't move,The book is on the table. Ali moves the table. The book BLANK.,bf93e811-9a49-58b7-b6dc-6a47ece87d9f,base
ABS46BM5878BW,2,1,retest,1,action_follows,action_follows_target,moves,doesn't move,The book is on the table. Ali moves the table. The book BLANK.,bf93e811-9a49-58b7-b6dc-6a47ece87d9f,base
ABS46BM5878BW,2,1,retest,1,action_nonfollows,action_nonfollows_target,behind the statue,in front of the statue,Ali is behind the statue. Ali turns around. Ali is BLANK.,527fdd15-db92-57e8-bc5c-09d9964e45b1,base
ABS46BM5878BW,2,1,retest,1,action_nonfollows,action_nonfollows_target,behind the statue,in front of the statue,Ali is behind the statue. Ali turns around. Ali is BLANK.,527fdd15-db92-57e8-bc5c-09d9964e45b1,base
ABS46BM5878BW,2,1,retest,0,egocentric_distant,egocentric_distant_context,left,right,Chicago is to Ali's BLANK. Ali turns left. Ali is facing towards Chicago.,29c5b0e8-2242-5aa6-ad05-0a8b33bc7aec,base
ABS46BM5878BW,2,1,retest,0,egocentric_distant,egocentric_distant_context,left,right,Chicago is to Ali's BLANK. Ali turns left. Ali is facing towards Chicago.,29c5b0e8-2242-5aa6-ad05-0a8b33bc7aec,base
ABS46BM5878BW,2,1,retest,0,egocentric_near,egocentric_near_context,behind,in front of,Ali is BLANK painting. Ali turns around. Ali is behind the painting.,d91e34a1-58ec-5efe-bd1d-3da56dfe0d5c,base
ABS46BM5878BW,2,1,retest,0,egocentric_near,egocentric_near_context,behind,in front of,Ali is BLANK painting. Ali turns around. Ali is behind the painting.,d91e34a1-58ec-5efe-bd1d-3da56dfe0d5c,base
ABS46BM5878BW,2,1,retest,1,egocentric_distant,egocentric_distant_target,in front of,behind,Ali is facing away from Chicago. Ali turns around. Chicago is BLANK Ali.,1710b645-2bb2-54c6-8ac1-62f03525d880,base
ABS46BM5878BW,2,1,retest,1,egocentric_distant,egocentric_distant_target,in front of,behind,Ali is facing away from Chicago. Ali turns around. Chicago is BLANK Ali.,1710b645-2bb2-54c6-8ac1-62f03525d880,base
ABS46BM5878BW,2,1,retest,0,action_nonfollows,action_nonfollows_context,in front of the statue,behind the statue,Ali is BLANK. Ali turns around. Ali is in front of the statue.,7cfd7bad-4e38-507a-a6d8-243e8c667d1b,base
ABS46BM5878BW,2,1,retest,0,action_nonfollows,action_nonfollows_context,in front of the statue,behind the statue,Ali is BLANK. Ali turns around. Ali is in front of the statue.,7cfd7bad-4e38-507a-a6d8-243e8c667d1b,base
ABS46BM5878BW,2,1,retest,0,egocentric_distant,egocentric_distant_context,towards,away from,Ali is facing BLANK Chicago. Ali turns left. Chicago is right of Ali.,fe65df9a-14f6-5a27-8f01-1a0bed69b8e5,base
ABS46BM5878BW,2,1,retest,0,egocentric_distant,egocentric_distant_context,towards,away from,Ali is facing BLANK Chicago. Ali turns left. Chicago is right of Ali.,fe65df9a-14f6-5a27-8f01-1a0bed69b8e5,base
ABS46BM5878BW,2,1,retest,1,action_follows,action_follows_context,behind,in front of,Ali is BLANK the wagon. Ali pushes on the wagon. The wagon moves.,40d46345-fe82-5f5a-82a0-f24d259674d7,base
ABS46BM5878BW,2,1,retest,1,action_follows,action_follows_context,behind,in front of,Ali is BLANK the wagon. Ali pushes on the wagon. The wagon moves.,40d46345-fe82-5f5a-82a0-f24d259674d7,base
ABS46BM5878BW,2,1,retest,1,state_nonfollows,state_nonfollows_context,cup,glass,The glass and the cup are on the table. Ali pushes the BLANK off the table. The glass doesn't break.,88e4c11a-0766-534e-843f-4d59c387d497,base
ABS46BM5878BW,2,1,retest,1,state_nonfollows,state_nonfollows_context,cup,glass,The glass and the cup are on the table. Ali pushes the BLANK off the table. The glass doesn't break.,88e4c11a-0766-534e-843f-4d59c387d497,base
ABS46BM5878BW,2,1,retest,0,egocentric_near,egocentric_near_context,right of,left of,The painting is BLANK Ali. Ali turns around. The painting is left of Ali.,a350fecf-cf01-5eef-a227-25028fad7f14,base
ABS46BM5878BW,2,1,retest,0,egocentric_near,egocentric_near_context,right of,left of,The painting is BLANK Ali. Ali turns around. The painting is left of Ali.,a350fecf-cf01-5eef-a227-25028fad7f14,base
AD72VY8GLM8E2,2,6,retest,0,two_refs_geocentric,two_refs_geocentric_context,West,East,Milwaukee is South of Mark. Mark goes BLANK. Milwaukee is Southeast of Mark.,d8873371-c599-505f-a895-9df8ff3d5ebd,base
AD72VY8GLM8E2,2,6,retest,0,two_refs_geocentric,two_refs_geocentric_target,East,West,Mark is East of Budapest and Ali is West of Budapest. Ali walks directly towards Mark. Ali is heading BLANK.,50388291-cfb1-51f5-b757-16c6ee10b4c6,base
AD72VY8GLM8E2,2,6,retest,1,two_refs_geocentric,two_refs_geocentric_context,East,West,Mark is BLANK of Ali. Mark turns right. Mark is East of Ali.,cb89881b-c899-5760-bd9d-f73c4ab4521c,base
AD72VY8GLM8E2,2,6,retest,1,two_refs_geocentric,two_refs_geocentric_context,West,East,Mark is facing East and Ali is facing BLANK. Mark turns 180 degrees. Mark and Ali are facing the same direction.,09a5259f-f1f6-5316-829f-75de35dc7fe2,base
AD72VY8GLM8E2,2,6,retest,0,two_refs_geocentric,two_refs_geocentric_context,East,West,Mark is facing South and Ali is facing BLANK. Mark turns 90 degrees to his right. Mark and Ali are facing different directions.,afb3e71e-dd5a-51dd-bdc0-e3e027d7048d,base
AD72VY8GLM8E2,2,6,retest,1,two_refs_geocentric,two_refs_geocentric_context,East,West,Mark is facing BLANK and Ali is facing West. Mark turns around. Mark is facing West.,e7a0ff83-cb27-54fe-bcf5-24d5d5f5b950,base
AD72VY8GLM8E2,2,6,retest,1,two_refs_geocentric,two_refs_geocentric_target,North,South,Mark and Ali are both directly West of Budapest. Mark walks South. Ali is BLANK of Mark.,83b8ada3-adc0-51d6-8c2c-d39bacde7ea1,base
AD72VY8GLM8E2,2,6,retest,1,two_refs_geocentric,two_refs_geocentric_target,South,North,Mark and Ali are both directly East of Budapest. Mark walks North. Ali is BLANK of Mark.,b4bfe01b-251a-51c6-a900-d1307f5ec5cb,base
AD72VY8GLM8E2,2,6,retest,0,two_refs_geocentric,two_refs_geocentric_context,West,East,Mark is BLANK of Ali facing East. Ali is East of Mark facing West. Mark is facing towards Ali.,d88cd359-fee1-5421-b204-da79447cd71c,base
AD72VY8GLM8E2,2,6,retest,0,two_refs_geocentric,two_refs_geocentric_context,West,East,Milwaukee is South of Mark. Mark goes BLANK. Mark is Northeast of Milwaukee.,e35d39b7-29e7-5f8f-89c1-1daa34e84ebd,base
AD72VY8GLM8E2,2,6,retest,1,two_refs_geocentric,two_refs_geocentric_target,Northwest,Southeast,Milwaukee is North of Mark. Mark goes East. Milwaukee is BLANK of Mark.,4ec12ad0-e7c6-511d-97e4-2c59b20c8143,base
AD72VY8GLM8E2,2,6,retest,1,two_refs_geocentric,two_refs_geocentric_target,towards,away from,Mark is West of Ali facing East. Ali is East of Mark facing West. Mark is facing BLANK Ali.,c653d385-9060-521b-a3d2-7b3bdc386792,base
AD72VY8GLM8E2,2,6,retest,1,two_refs_geocentric,two_refs_geocentric_target,South,North,Mark is North of Budapest and Ali is South of Budapest. Ali walks directly away from Mark. Ali is walking BLANK.,2c8f684c-1ce8-521c-8d68-9c703b78727d,base
AD72VY8GLM8E2,2,6,retest,1,two_refs_geocentric,two_refs_geocentric_context,away from,towards,Mark is North of Budapest and Ali is South of Budapest. Ali walks directly BLANK Mark. Ali is walking South.,51d41ac1-cf08-5458-8208-4162c1e865f6,base
AD72VY8GLM8E2,2,6,retest,1,two_refs_geocentric,two_refs_geocentric_context,East,West,Milwaukee is North of Mark. Mark goes BLANK. Milwaukee is Northwest of Mark.,a4e641f8-8936-52ee-87ee-a034509bc15f,base
AD72VY8GLM8E2,2,6,retest,1,two_refs_geocentric,two_refs_geocentric_target,away from,towards,Mark is East of Ali facing East. Ali is West of Mark facing West. Mark is facing BLANK Ali.,d7c6e00b-4c44-5369-ac36-15cf71d8f6b8,base
AD72VY8GLM8E2,2,6,retest,1,two_refs_geocentric,two_refs_geocentric_context,towards,away from,Mark is East of Budapest and Ali is West of Budapest. Mark walks directly BLANK Ali. Mark is heading West.,07d45d86-9d5e-5f76-a281-81fd6837ef87,base
AD72VY8GLM8E2,2,6,retest,1,two_refs_geocentric,two_refs_geocentric_context,East,West,Mark is BLANK of Ali facing East. Ali is West of Mark facing West. Mark is facing away from Ali.,a55a83e9-f5a4-5aee-907d-c7ec664911e3,base
AD72VY8GLM8E2,2,6,retest,1,two_refs_geocentric,two_refs_geocentric_target,Northest,Southeast,Milwaukee is South of Mark. Mark goes West. Mark is BLANK of Milwaukee.,e23f07b1-bdfa-5969-9480-74020b4ede21,base
AD72VY8GLM8E2,2,6,retest,1,two_refs_geocentric,two_refs_geocentric_context,East,West,Mark is facing North and Ali is facing BLANK. Mark turns 90 degrees to his right. Mark and Ali are facing the same direction.,deba861b-2296-5137-a8b7-9d7504d90d47,base
AD72VY8GLM8E2,2,6,retest,0,two_refs_geocentric,two_refs_geocentric_target,the same direction,different directions,Mark is facing South and Ali is facing East. Mark turns 90 degrees to his right. Mark and Ali are facing BLANK.,2a3beaa8-c767-5efa-9738-2608cfab99a2,base
AD72VY8GLM8E2,2,6,retest,1,two_refs_geocentric,two_refs_geocentric_context,West,East,Milwaukee is South of Mark. Mark goes BLANK. Milwaukee is Southeast of Mark.,d8873371-c599-505f-a895-9df8ff3d5ebd,base
AD72VY8GLM8E2,2,6,retest,1,two_refs_geocentric,two_refs_geocentric_context,West,East,Milwaukee is South of Mark. Mark goes BLANK. Milwaukee is Southeast of Mark.,d8873371-c599-505f-a895-9df8ff3d5ebd,base
AD72VY8GLM8E2,2,6,retest,1,two_refs_geocentric,two_refs_geocentric_target,East,West,Mark is East of Budapest and Ali is West of Budapest. Ali walks directly towards Mark. Ali is heading BLANK.,50388291-cfb1-51f5-b757-16c6ee10b4c6,base
AD72VY8GLM8E2,2,6,retest,1,two_refs_geocentric,two_refs_geocentric_target,East,West,Mark is East of Budapest and Ali is West of Budapest. Ali walks directly towards Mark. Ali is heading BLANK.,50388291-cfb1-51f5-b757-16c6ee10b4c6,base
AD72VY8GLM8E2,2,6,retest,1,two_refs_geocentric,two_refs_geocentric_context,East,West,Mark is facing South and Ali is facing BLANK. Mark turns 90 degrees to his right. Mark and Ali are facing different directions.,afb3e71e-dd5a-51dd-bdc0-e3e027d7048d,base
AD72VY8GLM8E2,2,6,retest,1,two_refs_geocentric,two_refs_geocentric_context,East,West,Mark is facing South and Ali is facing BLANK. Mark turns 90 degrees to his right. Mark and Ali are facing different directions.,afb3e71e-dd5a-51dd-bdc0-e3e027d7048d,base
AD72VY8GLM8E2,2,6,retest,1,two_refs_geocentric,two_refs_geocentric_context,West,East,Mark is BLANK of Ali facing East. Ali is East of Mark facing West. Mark is facing towards Ali.,d88cd359-fee1-5421-b204-da79447cd71c,base
AD72VY8GLM8E2,2,6,retest,1,two_refs_geocentric,two_refs_geocentric_context,West,East,Mark is BLANK of Ali facing East. Ali is East of Mark facing West. Mark is facing towards Ali.,d88cd359-fee1-5421-b204-da79447cd71c,base
AD72VY8GLM8E2,2,6,retest,1,two_refs_geocentric,two_refs_geocentric_context,West,East,Milwaukee is South of Mark. Mark goes BLANK. Mark is Northeast of Milwaukee.,e35d39b7-29e7-5f8f-89c1-1daa34e84ebd,base
AD72VY8GLM8E2,2,6,retest,1,two_refs_geocentric,two_refs_geocentric_context,West,East,Milwaukee is South of Mark. Mark goes BLANK. Mark is Northeast of Milwaukee.,e35d39b7-29e7-5f8f-89c1-1daa34e84ebd,base
AD72VY8GLM8E2,2,6,retest,1,two_refs_geocentric,two_refs_geocentric_target,Northwest,Southeast,Milwaukee is North of Mark. Mark goes East. Milwaukee is BLANK of Mark.,4ec12ad0-e7c6-511d-97e4-2c59b20c8143,base
AD72VY8GLM8E2,2,6,retest,1,two_refs_geocentric,two_refs_geocentric_target,Northwest,Southeast,Milwaukee is North of Mark. Mark goes East. Milwaukee is BLANK of Mark.,4ec12ad0-e7c6-511d-97e4-2c59b20c8143,base
AD72VY8GLM8E2,2,6,retest,1,two_refs_geocentric,two_refs_geocentric_context,away from,towards,Mark is North of Budapest and Ali is South of Budapest. Ali walks directly BLANK Mark. Ali is walking South.,51d41ac1-cf08-5458-8208-4162c1e865f6,base
AD72VY8GLM8E2,2,6,retest,1,two_refs_geocentric,two_refs_geocentric_context,away from,towards,Mark is North of Budapest and Ali is South of Budapest. Ali walks directly BLANK Mark. Ali is walking South.,51d41ac1-cf08-5458-8208-4162c1e865f6,base
AD72VY8GLM8E2,2,6,retest,1,two_refs_geocentric,two_refs_geocentric_context,towards,away from,Mark is East of Budapest and Ali is West of Budapest. Mark walks directly BLANK Ali. Mark is heading West.,07d45d86-9d5e-5f76-a281-81fd6837ef87,base
AD72VY8GLM8E2,2,6,retest,1,two_refs_geocentric,two_refs_geocentric_context,towards,away from,Mark is East of Budapest and Ali is West of Budapest. Mark walks directly BLANK Ali. Mark is heading West.,07d45d86-9d5e-5f76-a281-81fd6837ef87,base
AD72VY8GLM8E2,2,6,retest,1,two_refs_geocentric,two_refs_geocentric_target,Northest,Southeast,Milwaukee is South of Mark. Mark goes West. Mark is BLANK of Milwaukee.,e23f07b1-bdfa-5969-9480-74020b4ede21,base
AD72VY8GLM8E2,2,6,retest,1,two_refs_geocentric,two_refs_geocentric_target,Northest,Southeast,Milwaukee is South of Mark. Mark goes West. Mark is BLANK of Milwaukee.,e23f07b1-bdfa-5969-9480-74020b4ede21,base
AD72VY8GLM8E2,2,6,retest,1,two_refs_geocentric,two_refs_geocentric_target,the same direction,different directions,Mark is facing North and Ali is facing East. Mark turns 90 degrees to his right. Mark and Ali are facing BLANK.,286ce04e-0e99-55bd-b40b-485e9a55ddc1,base
AD72VY8GLM8E2,2,6,retest,1,two_refs_geocentric,two_refs_geocentric_target,the same direction,different directions,Mark is facing North and Ali is facing East. Mark turns 90 degrees to his right. Mark and Ali are facing BLANK.,286ce04e-0e99-55bd-b40b-485e9a55ddc1,base
AD72VY8GLM8E2,2,6,retest,1,two_refs_geocentric,two_refs_geocentric_context,East,West,Mark is facing North and Ali is facing BLANK. Mark turns 90 degrees to his right. Mark and Ali are facing the same direction.,deba861b-2296-5137-a8b7-9d7504d90d47,base
AD72VY8GLM8E2,2,6,retest,1,two_refs_geocentric,two_refs_geocentric_context,East,West,Mark is facing North and Ali is facing BLANK. Mark turns 90 degrees to his right. Mark and Ali are facing the same direction.,deba861b-2296-5137-a8b7-9d7504d90d47,base
AD72VY8GLM8E2,2,6,retest,0,two_refs_geocentric,two_refs_geocentric_target,the same direction,different directions,Mark is facing South and Ali is facing East. Mark turns 90 degrees to his right. Mark and Ali are facing BLANK.,2a3beaa8-c767-5efa-9738-2608cfab99a2,base
AD72VY8GLM8E2,2,6,retest,0,two_refs_geocentric,two_refs_geocentric_target,the same direction,different directions,Mark is facing South and Ali is facing East. Mark turns 90 degrees to his right. Mark and Ali are facing BLANK.,2a3beaa8-c767-5efa-9738-2608cfab99a2,base
AHDW0M4017Z8K,2,3,retest,1,action_nonfollows,action_nonfollows_context,ball,box,The box is close to Ali. Ali throws the BLANK. The box is close to Ali.,97f1b8d8-8f88-575a-a82e-5557d245f329,base
AHDW0M4017Z8K,2,3,retest,1,egocentric_distant,egocentric_distant_target,left of,right of,Chicago is right of Ali. Ali turns around. Chicago is BLANK Ali.,02ed9d8b-8be8-5d09-8e50-1c31eed01911,base
AHDW0M4017Z8K,2,3,retest,1,egocentric_near,egocentric_near_target,left of,right of,The painting is right of Ali. Ali turns around. The painting is BLANK Ali.,6a7ee4a1-5db3-5076-ac24-2230ea37aa9e,base
AHDW0M4017Z8K,2,3,retest,1,action_nonfollows,action_nonfollows_target,in front of the statue,behind the statue,Ali is in front of the statue. Ali turns around. Ali is BLANK.,a32ed162-2be9-5aa8-93bc-ead31fd7049b,base
AHDW0M4017Z8K,2,3,retest,1,egocentric_distant,egocentric_distant_context,behind,in front of,Chicago is BLANK Ali. Ali turns right. Chicago is right of Ali.,dcec3e75-40eb-54de-bb48-ea58e65342e2,base
AHDW0M4017Z8K,2,3,retest,1,action_nonfollows,action_nonfollows_context,above,under,The ball is BLANK the box. The ball moves right. The ball is higher than the box.,ee32b476-c535-542e-91e6-7f3a2a64fe12,base
AHDW0M4017Z8K,2,3,retest,1,state_nonfollows,state_nonfollows_context,sink,glass,The empty glass is on the table. Ali fills the BLANK halfway. The glass is dry.,19257184-707f-5809-ae07-f015d47b973f,base
AHDW0M4017Z8K,2,3,retest,1,action_follows,action_follows_target,far from,close to,The baseball is close to Ali. Ali throws the baseball. The baseball is BLANK Ali.,b9e80e51-f4e6-5c6f-b976-6140e86b35a1,base
AHDW0M4017Z8K,2,3,retest,0,action_nonfollows,action_nonfollows_context,behind the statue,in front of the statue,Ali is BLANK. Ali turns around. Ali is behind the statue.,7d17626f-d7ad-50f5-8804-948780e275ec,base
AHDW0M4017Z8K,2,3,retest,1,state_follows,state_follows_target,breaks,doesn't break,The glass is on the table. Ali bumps the table. The glass BLANK.,6dce2e1a-b2fc-56ae-a304-0378aec4ff7b,base
AHDW0M4017Z8K,2,3,retest,1,state_nonfollows,state_nonfollows_target,doesn't break,breaks,The glass and the cup are on the table. Ali pushes the cup off the table. The glass BLANK.,8dc99dd8-2eac-5a2a-bc48-48d899f2d287,base
AHDW0M4017Z8K,2,3,retest,0,egocentric_distant,egocentric_distant_context,towards,away from,Ali is facing BLANK Chicago. Ali turns right. Chicago is left of Ali.,58361726-9384-5c8e-b9f5-34e514fbfb2c,base
AHDW0M4017Z8K,2,3,retest,1,action_nonfollows,action_nonfollows_context,box,ball,The ball is close to Ali. Ali throws the BLANK. The ball is close to Ali.,f7802c6b-6603-57cf-876b-586d4f097a2f,base
AHDW0M4017Z8K,2,3,retest,1,action_nonfollows,action_nonfollows_context,inside,outside,The ball is BLANK the box. Ali pushes the box forward. The ball is inside the box.,a4774963-8e72-50a3-bd53-59fc8a24d0f9,base
AHDW0M4017Z8K,2,3,retest,1,egocentric_distant,egocentric_distant_target,towards,away from,Ali is facing away from Milwaukee. Ali turns 180 degrees. Ali is facing BLANK Milwaukee.,5dcfd461-7fc1-571b-a376-3585ca034a0e,base
AHDW0M4017Z8K,2,3,retest,1,egocentric_distant,egocentric_distant_context,left of,right of,Chicago is BLANK Ali. Ali turns around. Chicago is right of Ali.,e5deed13-5822-5717-897b-4a0ac2a78615,base
AHDW0M4017Z8K,2,3,retest,1,egocentric_near,egocentric_near_target,left of,right of,The painting is in front of Ali. Ali turns right. The painting is BLANK Ali.,0e4f4e87-15d0-5112-9419-f448e5fefa0a,base
AHDW0M4017Z8K,2,3,retest,0,action_nonfollows,action_nonfollows_context,under,on,The book is BLANK the table. Ali moves the table. The book doesn't move.,daae5815-074e-5b9c-a1b7-d2704748305c,base
AHDW0M4017Z8K,2,3,retest,1,state_nonfollows,state_nonfollows_target,colder,warmer,The soup is on the table. Ali turns on the stove. The soup gets BLANK.,43bffc24-3955-522c-a74b-5fd4b204d283,base
AHDW0M4017Z8K,2,3,retest,1,egocentric_distant,egocentric_distant_context,away from,towards,Ali is facing BLANK Milwaukee. Ali turns 180 degrees. Ali is facing towards Milwaukee.,6dd46ce3-4a45-5c9f-b40d-27839337750b,base
AHDW0M4017Z8K,2,3,retest,1,action_nonfollows,action_nonfollows_target,on top of,below,The ball is resting on top of the box. Ali pushes the box forward. The ball is BLANK the box.,e370550d-ab15-5ae2-b47f-7b94238ca644,base
AHDW0M4017Z8K,2,3,retest,1,egocentric_near,egocentric_near_context,in front of,behind,The painting is BLANK Ali. Ali turns right. The painting is left of Ali.,0e01e057-85b8-55f1-aa7c-67aa83d13493,base
AHDW0M4017Z8K,2,3,retest,1,action_nonfollows,action_nonfollows_target,doesn't move,moves,The book is under the table. Ali moves the book. The table BLANK.,0db7dd2a-b02c-5034-9735-67371cfe2717,base
AHDW0M4017Z8K,2,3,retest,1,state_nonfollows,state_nonfollows_context,1 month,5 minutes,The wall was painted BLANK ago. Ali touches the wall. Ali's hand is clean.,3912f615-9518-5062-bfe9-b9deae98b3cc,base
AHDW0M4017Z8K,2,3,retest,1,action_nonfollows,action_nonfollows_context,lamp,table,The wine glass is on the table. Ali bumps the BLANK. The wine doesn't spill.,c2bfe739-1139-5eac-a500-bf7cde68550a,base
AHDW0M4017Z8K,2,3,retest,1,action_nonfollows,action_nonfollows_target,bottom,top of,The ball is at the bottom of the ramp. Ali pushes the ball. The ball is at the BLANK of the ramp.,4638c94d-5d90-536c-8392-2529e12efbd1,base
AHDW0M4017Z8K,2,3,retest,0,action_nonfollows,action_nonfollows_target,doesn't move,moves,Ali is in the wagon. Ali pulls on the wagon. The wagon BLANK.,9794199e-e300-558b-b9ec-95fcbc93544f,base
AHDW0M4017Z8K,2,3,retest,1,egocentric_distant,egocentric_distant_context,behind,in front of,Chicago is BLANK Ali. Ali turns left. Chicago is left of Ali.,67a9f12e-deda-5f51-b5e2-d24f0caec230,base
AHDW0M4017Z8K,2,3,retest,0,action_nonfollows,action_nonfollows_target,doesn't move,moves,Ali is in the wagon. Ali pushes on the wagon. The wagon BLANK.,a8981c8e-2d19-5659-ab76-8a4c027c51e5,base
AHDW0M4017Z8K,2,3,retest,0,action_nonfollows,action_nonfollows_context,in,outside,Ali is BLANK the wagon. Ali pushes on the wagon. The wagon doesn't move.,313607e6-5da0-5cda-9e5c-816f8b002988,base
AHDW0M4017Z8K,2,3,retest,1,action_nonfollows,action_nonfollows_context,far from,touching,The ball is BLANK the box. Ali moves the box. The ball doesn't move.,c3650617-8199-590c-8d8b-d16df14b77b1,base
AHDW0M4017Z8K,2,3,retest,1,egocentric_near,egocentric_near_target,right of,left of,The painting is left of Ali. Ali turns around. The painting is BLANK Ali.,65d0a958-c00d-5c1f-8f9a-c3732b584548,base
AHDW0M4017Z8K,2,3,retest,1,egocentric_distant,egocentric_distant_target,left of,right of,Chicago is right of Ali. Ali turns around. Chicago is BLANK Ali.,02ed9d8b-8be8-5d09-8e50-1c31eed01911,base
AHDW0M4017Z8K,2,3,retest,1,egocentric_distant,egocentric_distant_target,left of,right of,Chicago is right of Ali. Ali turns around. Chicago is BLANK Ali.,02ed9d8b-8be8-5d09-8e50-1c31eed01911,base
AHDW0M4017Z8K,2,3,retest,1,egocentric_distant,egocentric_distant_context,behind,in front of,Chicago is BLANK Ali. Ali turns right. Chicago is right of Ali.,dcec3e75-40eb-54de-bb48-ea58e65342e2,base
AHDW0M4017Z8K,2,3,retest,1,egocentric_distant,egocentric_distant_context,behind,in front of,Chicago is BLANK Ali. Ali turns right. Chicago is right of Ali.,dcec3e75-40eb-54de-bb48-ea58e65342e2,base
AHDW0M4017Z8K,2,3,retest,1,action_nonfollows,action_nonfollows_context,above,under,The ball is BLANK the box. The ball moves right. The ball is higher than the box.,ee32b476-c535-542e-91e6-7f3a2a64fe12,base
AHDW0M4017Z8K,2,3,retest,1,action_nonfollows,action_nonfollows_context,above,under,The ball is BLANK the box. The ball moves right. The ball is higher than the box.,ee32b476-c535-542e-91e6-7f3a2a64fe12,base
AHDW0M4017Z8K,2,3,retest,1,action_follows,action_follows_target,far from,close to,The baseball is close to Ali. Ali throws the baseball. The baseball is BLANK Ali.,b9e80e51-f4e6-5c6f-b976-6140e86b35a1,base
AHDW0M4017Z8K,2,3,retest,1,action_follows,action_follows_target,far from,close to,The baseball is close to Ali. Ali throws the baseball. The baseball is BLANK Ali.,b9e80e51-f4e6-5c6f-b976-6140e86b35a1,base
AHDW0M4017Z8K,2,3,retest,1,action_nonfollows,action_nonfollows_context,behind the statue,in front of the statue,Ali is BLANK. Ali turns around. Ali is behind the statue.,7d17626f-d7ad-50f5-8804-948780e275ec,base
AHDW0M4017Z8K,2,3,retest,1,action_nonfollows,action_nonfollows_context,behind the statue,in front of the statue,Ali is BLANK. Ali turns around. Ali is behind the statue.,7d17626f-d7ad-50f5-8804-948780e275ec,base
AHDW0M4017Z8K,2,3,retest,1,egocentric_distant,egocentric_distant_context,towards,away from,Ali is facing BLANK Chicago. Ali turns right. Chicago is left of Ali.,58361726-9384-5c8e-b9f5-34e514fbfb2c,base
AHDW0M4017Z8K,2,3,retest,1,egocentric_distant,egocentric_distant_context,towards,away from,Ali is facing BLANK Chicago. Ali turns right. Chicago is left of Ali.,58361726-9384-5c8e-b9f5-34e514fbfb2c,base
AHDW0M4017Z8K,2,3,retest,1,egocentric_distant,egocentric_distant_context,left of,right of,Chicago is BLANK Ali. Ali turns around. Chicago is right of Ali.,e5deed13-5822-5717-897b-4a0ac2a78615,base
AHDW0M4017Z8K,2,3,retest,1,egocentric_distant,egocentric_distant_context,left of,right of,Chicago is BLANK Ali. Ali turns around. Chicago is right of Ali.,e5deed13-5822-5717-897b-4a0ac2a78615,base
AHDW0M4017Z8K,2,3,retest,1,egocentric_near,egocentric_near_target,left of,right of,The painting is in front of Ali. Ali turns right. The painting is BLANK Ali.,0e4f4e87-15d0-5112-9419-f448e5fefa0a,base
AHDW0M4017Z8K,2,3,retest,1,egocentric_near,egocentric_near_target,left of,right of,The painting is in front of Ali. Ali turns right. The painting is BLANK Ali.,0e4f4e87-15d0-5112-9419-f448e5fefa0a,base
AHDW0M4017Z8K,2,3,retest,1,action_nonfollows,action_nonfollows_context,under,on,The book is BLANK the table. Ali moves the table. The book doesn't move.,daae5815-074e-5b9c-a1b7-d2704748305c,base
AHDW0M4017Z8K,2,3,retest,1,action_nonfollows,action_nonfollows_context,under,on,The book is BLANK the table. Ali moves the table. The book doesn't move.,daae5815-074e-5b9c-a1b7-d2704748305c,base
AHDW0M4017Z8K,2,3,retest,1,action_nonfollows,action_nonfollows_target,on top of,below,The ball is resting on top of the box. Ali pushes the box forward. The ball is BLANK the box.,e370550d-ab15-5ae2-b47f-7b94238ca644,base
AHDW0M4017Z8K,2,3,retest,1,action_nonfollows,action_nonfollows_target,on top of,below,The ball is resting on top of the box. Ali pushes the box forward. The ball is BLANK the box.,e370550d-ab15-5ae2-b47f-7b94238ca644,base
AHDW0M4017Z8K,2,3,retest,1,egocentric_near,egocentric_near_context,in front of,behind,The painting is BLANK Ali. Ali turns right. The painting is left of Ali.,0e01e057-85b8-55f1-aa7c-67aa83d13493,base
AHDW0M4017Z8K,2,3,retest,1,egocentric_near,egocentric_near_context,in front of,behind,The painting is BLANK Ali. Ali turns right. The painting is left of Ali.,0e01e057-85b8-55f1-aa7c-67aa83d13493,base
AHDW0M4017Z8K,2,3,retest,1,action_nonfollows,action_nonfollows_context,lamp,table,The wine glass is on the table. Ali bumps the BLANK. The wine doesn't spill.,c2bfe739-1139-5eac-a500-bf7cde68550a,base
AHDW0M4017Z8K,2,3,retest,1,action_nonfollows,action_nonfollows_context,lamp,table,The wine glass is on the table. Ali bumps the BLANK. The wine doesn't spill.,c2bfe739-1139-5eac-a500-bf7cde68550a,base
AHDW0M4017Z8K,2,3,retest,1,action_nonfollows,action_nonfollows_target,bottom,top of,The ball is at the bottom of the ramp. Ali pushes the ball. The ball is at the BLANK of the ramp.,4638c94d-5d90-536c-8392-2529e12efbd1,base
AHDW0M4017Z8K,2,3,retest,1,action_nonfollows,action_nonfollows_target,bottom,top of,The ball is at the bottom of the ramp. Ali pushes the ball. The ball is at the BLANK of the ramp.,4638c94d-5d90-536c-8392-2529e12efbd1,base
AHDW0M4017Z8K,2,3,retest,1,action_nonfollows,action_nonfollows_target,doesn't move,moves,Ali is in the wagon. Ali pulls on the wagon. The wagon BLANK.,9794199e-e300-558b-b9ec-95fcbc93544f,base
AHDW0M4017Z8K,2,3,retest,1,action_nonfollows,action_nonfollows_target,doesn't move,moves,Ali is in the wagon. Ali pulls on the wagon. The wagon BLANK.,9794199e-e300-558b-b9ec-95fcbc93544f,base
AHDW0M4017Z8K,2,3,retest,1,egocentric_distant,egocentric_distant_context,behind,in front of,Chicago is BLANK Ali. Ali turns left. Chicago is left of Ali.,67a9f12e-deda-5f51-b5e2-d24f0caec230,base
AHDW0M4017Z8K,2,3,retest,1,egocentric_distant,egocentric_distant_context,behind,in front of,Chicago is BLANK Ali. Ali turns left. Chicago is left of Ali.,67a9f12e-deda-5f51-b5e2-d24f0caec230,base
AHDW0M4017Z8K,2,3,retest,1,action_nonfollows,action_nonfollows_target,doesn't move,moves,Ali is in the wagon. Ali pushes on the wagon. The wagon BLANK.,a8981c8e-2d19-5659-ab76-8a4c027c51e5,base
AHDW0M4017Z8K,2,3,retest,1,action_nonfollows,action_nonfollows_target,doesn't move,moves,Ali is in the wagon. Ali pushes on the wagon. The wagon BLANK.,a8981c8e-2d19-5659-ab76-8a4c027c51e5,base
AHDW0M4017Z8K,2,3,retest,1,action_nonfollows,action_nonfollows_context,in,outside,Ali is BLANK the wagon. Ali pushes on the wagon. The wagon doesn't move.,313607e6-5da0-5cda-9e5c-816f8b002988,base
AHDW0M4017Z8K,2,3,retest,1,action_nonfollows,action_nonfollows_context,in,outside,Ali is BLANK the wagon. Ali pushes on the wagon. The wagon doesn't move.,313607e6-5da0-5cda-9e5c-816f8b002988,base
AJKKN6QZB1V07,2,3,retest,0,action_nonfollows,action_nonfollows_context,lamp,table,The wine glass is on the table. Ali bumps the BLANK. The wine doesn't spill.,c2bfe739-1139-5eac-a500-bf7cde68550a,base
AJKKN6QZB1V07,2,3,retest,0,egocentric_distant,egocentric_distant_context,behind,in front of,Chicago is BLANK Ali. Ali turns right. Chicago is right of Ali.,dcec3e75-40eb-54de-bb48-ea58e65342e2,base
AJKKN6QZB1V07,2,3,retest,1,egocentric_distant,egocentric_distant_context,behind,in front of,Chicago is BLANK Ali. Ali turns left. Chicago is left of Ali.,67a9f12e-deda-5f51-b5e2-d24f0caec230,base
AJKKN6QZB1V07,2,3,retest,1,action_nonfollows,action_nonfollows_target,doesn't move,moves,The book is under the table. Ali moves the book. The table BLANK.,0db7dd2a-b02c-5034-9735-67371cfe2717,base
AJKKN6QZB1V07,2,3,retest,0,egocentric_near,egocentric_near_target,left of,right of,The painting is in front of Ali. Ali turns right. The painting is BLANK Ali.,0e4f4e87-15d0-5112-9419-f448e5fefa0a,base
AJKKN6QZB1V07,2,3,retest,0,state_nonfollows,state_nonfollows_target,doesn't break,breaks,The glass and the cup are on the table. Ali pushes the cup off the table. The glass BLANK.,8dc99dd8-2eac-5a2a-bc48-48d899f2d287,base
AJKKN6QZB1V07,2,3,retest,0,action_nonfollows,action_nonfollows_context,behind the statue,in front of the statue,Ali is BLANK. Ali turns around. Ali is behind the statue.,7d17626f-d7ad-50f5-8804-948780e275ec,base
AJKKN6QZB1V07,2,3,retest,1,egocentric_distant,egocentric_distant_context,towards,away from,Ali is facing BLANK Chicago. Ali turns right. Chicago is left of Ali.,58361726-9384-5c8e-b9f5-34e514fbfb2c,base
AJKKN6QZB1V07,2,3,retest,0,state_nonfollows,state_nonfollows_target,colder,warmer,The soup is on the table. Ali turns on the stove. The soup gets BLANK.,43bffc24-3955-522c-a74b-5fd4b204d283,base
AJKKN6QZB1V07,2,3,retest,1,egocentric_distant,egocentric_distant_target,towards,away from,Ali is facing away from Milwaukee. Ali turns 180 degrees. Ali is facing BLANK Milwaukee.,5dcfd461-7fc1-571b-a376-3585ca034a0e,base
AJKKN6QZB1V07,2,3,retest,1,action_follows,action_follows_target,far from,close to,The baseball is close to Ali. Ali throws the baseball. The baseball is BLANK Ali.,b9e80e51-f4e6-5c6f-b976-6140e86b35a1,base
AJKKN6QZB1V07,2,3,retest,1,egocentric_near,egocentric_near_target,left of,right of,The painting is right of Ali. Ali turns around. The painting is BLANK Ali.,6a7ee4a1-5db3-5076-ac24-2230ea37aa9e,base
AJKKN6QZB1V07,2,3,retest,0,action_nonfollows,action_nonfollows_context,far from,touching,The ball is BLANK the box. Ali moves the box. The ball doesn't move.,c3650617-8199-590c-8d8b-d16df14b77b1,base
AJKKN6QZB1V07,2,3,retest,0,action_nonfollows,action_nonfollows_target,in front of the statue,behind the statue,Ali is in front of the statue. Ali turns around. Ali is BLANK.,a32ed162-2be9-5aa8-93bc-ead31fd7049b,base
AJKKN6QZB1V07,2,3,retest,1,action_nonfollows,action_nonfollows_target,bottom,top of,The ball is at the bottom of the ramp. Ali pushes the ball. The ball is at the BLANK of the ramp.,4638c94d-5d90-536c-8392-2529e12efbd1,base
AJKKN6QZB1V07,2,3,retest,0,egocentric_near,egocentric_near_context,in front of,behind,The painting is BLANK Ali. Ali turns right. The painting is left of Ali.,0e01e057-85b8-55f1-aa7c-67aa83d13493,base
AJKKN6QZB1V07,2,3,retest,1,state_nonfollows,state_nonfollows_context,sink,glass,The empty glass is on the table. Ali fills the BLANK halfway. The glass is dry.,19257184-707f-5809-ae07-f015d47b973f,base
AJKKN6QZB1V07,2,3,retest,1,action_nonfollows,action_nonfollows_context,inside,outside,The ball is BLANK the box. Ali pushes the box forward. The ball is inside the box.,a4774963-8e72-50a3-bd53-59fc8a24d0f9,base
AJKKN6QZB1V07,2,3,retest,1,egocentric_distant,egocentric_distant_target,left of,right of,Chicago is right of Ali. Ali turns around. Chicago is BLANK Ali.,02ed9d8b-8be8-5d09-8e50-1c31eed01911,base
AJKKN6QZB1V07,2,3,retest,1,action_nonfollows,action_nonfollows_context,ball,box,The box is close to Ali. Ali throws the BLANK. The box is close to Ali.,97f1b8d8-8f88-575a-a82e-5557d245f329,base
AJKKN6QZB1V07,2,3,retest,0,action_nonfollows,action_nonfollows_context,under,on,The book is BLANK the table. Ali moves the table. The book doesn't move.,daae5815-074e-5b9c-a1b7-d2704748305c,base
AJKKN6QZB1V07,2,3,retest,0,state_follows,state_follows_target,breaks,doesn't break,The glass is on the table. Ali bumps the table. The glass BLANK.,6dce2e1a-b2fc-56ae-a304-0378aec4ff7b,base
AJKKN6QZB1V07,2,3,retest,1,state_nonfollows,state_nonfollows_context,1 month,5 minutes,The wall was painted BLANK ago. Ali touches the wall. Ali's hand is clean.,3912f615-9518-5062-bfe9-b9deae98b3cc,base
AJKKN6QZB1V07,2,3,retest,1,egocentric_near,egocentric_near_target,right of,left of,The painting is left of Ali. Ali turns around. The painting is BLANK Ali.,65d0a958-c00d-5c1f-8f9a-c3732b584548,base
AJKKN6QZB1V07,2,3,retest,1,action_nonfollows,action_nonfollows_context,above,under,The ball is BLANK the box. The ball moves right. The ball is higher than the box.,ee32b476-c535-542e-91e6-7f3a2a64fe12,base
AJKKN6QZB1V07,2,3,retest,1,action_nonfollows,action_nonfollows_target,on top of,below,The ball is resting on top of the box. Ali pushes the box forward. The ball is BLANK the box.,e370550d-ab15-5ae2-b47f-7b94238ca644,base
AJKKN6QZB1V07,2,3,retest,0,action_nonfollows,action_nonfollows_context,in,outside,Ali is BLANK the wagon. Ali pushes on the wagon. The wagon doesn't move.,313607e6-5da0-5cda-9e5c-816f8b002988,base
AJKKN6QZB1V07,2,3,retest,1,egocentric_distant,egocentric_distant_context,left of,right of,Chicago is BLANK Ali. Ali turns around. Chicago is right of Ali.,e5deed13-5822-5717-897b-4a0ac2a78615,base
AJKKN6QZB1V07,2,3,retest,0,action_nonfollows,action_nonfollows_target,doesn't move,moves,Ali is in the wagon. Ali pushes on the wagon. The wagon BLANK.,a8981c8e-2d19-5659-ab76-8a4c027c51e5,base
AJKKN6QZB1V07,2,3,retest,1,action_nonfollows,action_nonfollows_context,box,ball,The ball is close to Ali. Ali throws the BLANK. The ball is close to Ali.,f7802c6b-6603-57cf-876b-586d4f097a2f,base
AJKKN6QZB1V07,2,3,retest,0,egocentric_distant,egocentric_distant_context,away from,towards,Ali is facing BLANK Milwaukee. Ali turns 180 degrees. Ali is facing towards Milwaukee.,6dd46ce3-4a45-5c9f-b40d-27839337750b,base
AJKKN6QZB1V07,2,3,retest,0,action_nonfollows,action_nonfollows_target,doesn't move,moves,Ali is in the wagon. Ali pulls on the wagon. The wagon BLANK.,9794199e-e300-558b-b9ec-95fcbc93544f,base
AJKKN6QZB1V07,2,3,retest,0,action_nonfollows,action_nonfollows_context,lamp,table,The wine glass is on the table. Ali bumps the BLANK. The wine doesn't spill.,c2bfe739-1139-5eac-a500-bf7cde68550a,base
AJKKN6QZB1V07,2,3,retest,0,action_nonfollows,action_nonfollows_context,lamp,table,The wine glass is on the table. Ali bumps the BLANK. The wine doesn't spill.,c2bfe739-1139-5eac-a500-bf7cde68550a,base
AJKKN6QZB1V07,2,3,retest,0,egocentric_distant,egocentric_distant_context,behind,in front of,Chicago is BLANK Ali. Ali turns right. Chicago is right of Ali.,dcec3e75-40eb-54de-bb48-ea58e65342e2,base
AJKKN6QZB1V07,2,3,retest,0,egocentric_distant,egocentric_distant_context,behind,in front of,Chicago is BLANK Ali. Ali turns right. Chicago is right of Ali.,dcec3e75-40eb-54de-bb48-ea58e65342e2,base
AJKKN6QZB1V07,2,3,retest,1,egocentric_near,egocentric_near_target,left of,right of,The painting is in front of Ali. Ali turns right. The painting is BLANK Ali.,0e4f4e87-15d0-5112-9419-f448e5fefa0a,base
AJKKN6QZB1V07,2,3,retest,1,egocentric_near,egocentric_near_target,left of,right of,The painting is in front of Ali. Ali turns right. The painting is BLANK Ali.,0e4f4e87-15d0-5112-9419-f448e5fefa0a,base
AJKKN6QZB1V07,2,3,retest,0,state_nonfollows,state_nonfollows_target,doesn't break,breaks,The glass and the cup are on the table. Ali pushes the cup off the table. The glass BLANK.,8dc99dd8-2eac-5a2a-bc48-48d899f2d287,base
AJKKN6QZB1V07,2,3,retest,0,state_nonfollows,state_nonfollows_target,doesn't break,breaks,The glass and the cup are on the table. Ali pushes the cup off the table. The glass BLANK.,8dc99dd8-2eac-5a2a-bc48-48d899f2d287,base
AJKKN6QZB1V07,2,3,retest,0,action_nonfollows,action_nonfollows_context,behind the statue,in front of the statue,Ali is BLANK. Ali turns around. Ali is behind the statue.,7d17626f-d7ad-50f5-8804-948780e275ec,base
AJKKN6QZB1V07,2,3,retest,0,action_nonfollows,action_nonfollows_context,behind the statue,in front of the statue,Ali is BLANK. Ali turns around. Ali is behind the statue.,7d17626f-d7ad-50f5-8804-948780e275ec,base
AJKKN6QZB1V07,2,3,retest,0,state_nonfollows,state_nonfollows_target,colder,warmer,The soup is on the table. Ali turns on the stove. The soup gets BLANK.,43bffc24-3955-522c-a74b-5fd4b204d283,base
AJKKN6QZB1V07,2,3,retest,0,state_nonfollows,state_nonfollows_target,colder,warmer,The soup is on the table. Ali turns on the stove. The soup gets BLANK.,43bffc24-3955-522c-a74b-5fd4b204d283,base
AJKKN6QZB1V07,2,3,retest,1,action_follows,action_follows_target,far from,close to,The baseball is close to Ali. Ali throws the baseball. The baseball is BLANK Ali.,b9e80e51-f4e6-5c6f-b976-6140e86b35a1,base
AJKKN6QZB1V07,2,3,retest,1,action_follows,action_follows_target,far from,close to,The baseball is close to Ali. Ali throws the baseball. The baseball is BLANK Ali.,b9e80e51-f4e6-5c6f-b976-6140e86b35a1,base
AJKKN6QZB1V07,2,3,retest,0,action_nonfollows,action_nonfollows_context,far from,touching,The ball is BLANK the box. Ali moves the box. The ball doesn't move.,c3650617-8199-590c-8d8b-d16df14b77b1,base
AJKKN6QZB1V07,2,3,retest,0,action_nonfollows,action_nonfollows_context,far from,touching,The ball is BLANK the box. Ali moves the box. The ball doesn't move.,c3650617-8199-590c-8d8b-d16df14b77b1,base
AJKKN6QZB1V07,2,3,retest,0,action_nonfollows,action_nonfollows_target,in front of the statue,behind the statue,Ali is in front of the statue. Ali turns around. Ali is BLANK.,a32ed162-2be9-5aa8-93bc-ead31fd7049b,base
AJKKN6QZB1V07,2,3,retest,0,action_nonfollows,action_nonfollows_target,in front of the statue,behind the statue,Ali is in front of the statue. Ali turns around. Ali is BLANK.,a32ed162-2be9-5aa8-93bc-ead31fd7049b,base
AJKKN6QZB1V07,2,3,retest,1,action_nonfollows,action_nonfollows_target,bottom,top of,The ball is at the bottom of the ramp. Ali pushes the ball. The ball is at the BLANK of the ramp.,4638c94d-5d90-536c-8392-2529e12efbd1,base
AJKKN6QZB1V07,2,3,retest,1,action_nonfollows,action_nonfollows_target,bottom,top of,The ball is at the bottom of the ramp. Ali pushes the ball. The ball is at the BLANK of the ramp.,4638c94d-5d90-536c-8392-2529e12efbd1,base
AJKKN6QZB1V07,2,3,retest,0,egocentric_near,egocentric_near_context,in front of,behind,The painting is BLANK Ali. Ali turns right. The painting is left of Ali.,0e01e057-85b8-55f1-aa7c-67aa83d13493,base
AJKKN6QZB1V07,2,3,retest,0,egocentric_near,egocentric_near_context,in front of,behind,The painting is BLANK Ali. Ali turns right. The painting is left of Ali.,0e01e057-85b8-55f1-aa7c-67aa83d13493,base
AJKKN6QZB1V07,2,3,retest,1,state_nonfollows,state_nonfollows_context,sink,glass,The empty glass is on the table. Ali fills the BLANK halfway. The glass is dry.,19257184-707f-5809-ae07-f015d47b973f,base
AJKKN6QZB1V07,2,3,retest,1,state_nonfollows,state_nonfollows_context,sink,glass,The empty glass is on the table. Ali fills the BLANK halfway. The glass is dry.,19257184-707f-5809-ae07-f015d47b973f,base
AJKKN6QZB1V07,2,3,retest,1,egocentric_distant,egocentric_distant_target,left of,right of,Chicago is right of Ali. Ali turns around. Chicago is BLANK Ali.,02ed9d8b-8be8-5d09-8e50-1c31eed01911,base
AJKKN6QZB1V07,2,3,retest,1,egocentric_distant,egocentric_distant_target,left of,right of,Chicago is right of Ali. Ali turns around. Chicago is BLANK Ali.,02ed9d8b-8be8-5d09-8e50-1c31eed01911,base
AJKKN6QZB1V07,2,3,retest,0,action_nonfollows,action_nonfollows_context,under,on,The book is BLANK the table. Ali moves the table. The book doesn't move.,daae5815-074e-5b9c-a1b7-d2704748305c,base
AJKKN6QZB1V07,2,3,retest,0,action_nonfollows,action_nonfollows_context,under,on,The book is BLANK the table. Ali moves the table. The book doesn't move.,daae5815-074e-5b9c-a1b7-d2704748305c,base
AJKKN6QZB1V07,2,3,retest,0,state_follows,state_follows_target,breaks,doesn't break,The glass is on the table. Ali bumps the table. The glass BLANK.,6dce2e1a-b2fc-56ae-a304-0378aec4ff7b,base
AJKKN6QZB1V07,2,3,retest,0,state_follows,state_follows_target,breaks,doesn't break,The glass is on the table. Ali bumps the table. The glass BLANK.,6dce2e1a-b2fc-56ae-a304-0378aec4ff7b,base
AJKKN6QZB1V07,2,3,retest,1,action_nonfollows,action_nonfollows_context,in,outside,Ali is BLANK the wagon. Ali pushes on the wagon. The wagon doesn't move.,313607e6-5da0-5cda-9e5c-816f8b002988,base
AJKKN6QZB1V07,2,3,retest,1,action_nonfollows,action_nonfollows_context,in,outside,Ali is BLANK the wagon. Ali pushes on the wagon. The wagon doesn't move.,313607e6-5da0-5cda-9e5c-816f8b002988,base
AJKKN6QZB1V07,2,3,retest,1,action_nonfollows,action_nonfollows_target,doesn't move,moves,Ali is in the wagon. Ali pushes on the wagon. The wagon BLANK.,a8981c8e-2d19-5659-ab76-8a4c027c51e5,base
AJKKN6QZB1V07,2,3,retest,1,action_nonfollows,action_nonfollows_target,doesn't move,moves,Ali is in the wagon. Ali pushes on the wagon. The wagon BLANK.,a8981c8e-2d19-5659-ab76-8a4c027c51e5,base
AJKKN6QZB1V07,2,3,retest,1,egocentric_distant,egocentric_distant_context,away from,towards,Ali is facing BLANK Milwaukee. Ali turns 180 degrees. Ali is facing towards Milwaukee.,6dd46ce3-4a45-5c9f-b40d-27839337750b,base
AJKKN6QZB1V07,2,3,retest,1,egocentric_distant,egocentric_distant_context,away from,towards,Ali is facing BLANK Milwaukee. Ali turns 180 degrees. Ali is facing towards Milwaukee.,6dd46ce3-4a45-5c9f-b40d-27839337750b,base
AJKKN6QZB1V07,2,3,retest,1,action_nonfollows,action_nonfollows_target,doesn't move,moves,Ali is in the wagon. Ali pulls on the wagon. The wagon BLANK.,9794199e-e300-558b-b9ec-95fcbc93544f,base
AJKKN6QZB1V07,2,3,retest,1,action_nonfollows,action_nonfollows_target,doesn't move,moves,Ali is in the wagon. Ali pulls on the wagon. The wagon BLANK.,9794199e-e300-558b-b9ec-95fcbc93544f,base
AJTPK3OZ2E815,2,5,retest,1,geocentric_distant,geocentric_distant_context,West of,East of,Milwaukee is BLANK Ali. Ali turns around. Milwaukee is West of Ali.,5971347d-237f-515b-b782-01ff47f5650a,base
AJTPK3OZ2E815,2,5,retest,1,geocentric_near,geocentric_near_context,West of,East of,The box is BLANK Ali. Ali turns around. The box is West of Ali.,54597470-4866-5387-8c1a-5629d30b67d7,base
AJTPK3OZ2E815,2,5,retest,0,geocentric_distant,geocentric_distant_context,South of,East of,Milwaukee is BLANK Ali. Ali turns left. Milwaukee is South of Ali.,5d911c67-0b83-55ee-8134-8ce38b110d99,base
AJTPK3OZ2E815,2,5,retest,1,geocentric_near,geocentric_near_target,North of,East of,The statue is North of Ali. Ali walks West. The statue is BLANK of Ali.,509b8364-1a32-5e7f-93c8-449b551718c5,base
AJTPK3OZ2E815,2,5,retest,1,geocentric_near,geocentric_near_context,North of,South of,The box is BLANK Ali. Ali turns around. The box is North of Ali.,cdb36630-3e0a-5c82-9cdf-40f72ff02544,base
AJTPK3OZ2E815,2,5,retest,0,geocentric_distant,geocentric_distant_context,East of,South of,Milwaukee is BLANK Ali. Ali turns right. Milwaukee is East of Ali.,b9877f9e-1fa9-545f-ac6d-fe640fc90d29,base
AJTPK3OZ2E815,2,5,retest,1,geocentric_distant,geocentric_distant_target,closer to,further from,Ali is South of Milwaukee. Ali walks North. Ali is getting BLANK Milwaukee.,21a31cff-69cd-5fb6-aa15-b02b298e738a,base
AJTPK3OZ2E815,2,5,retest,0,geocentric_near,geocentric_near_target,East of,North of,The painting is East of Ali. Ali turns left. The painting is BLANK Ali.,1524fa21-bce4-5af0-9fdc-6a1ff52e8db6,base
AJTPK3OZ2E815,2,5,retest,1,geocentric_distant,geocentric_distant_target,North of,South of,Milwaukee is North of Ali. Ali turns around. Milwaukee is BLANK Ali.,5ee8a7e5-a2c1-5a21-b180-f0a7a538e6be,base
AJTPK3OZ2E815,2,5,retest,0,geocentric_near,geocentric_near_target,West of,North of,The painting is West of Ali. Ali turns right. The painting is BLANK Ali.,9d469069-c214-567d-a48d-359883082244,base
AJTPK3OZ2E815,2,5,retest,0,geocentric_distant,geocentric_distant_context,North of,West of,Milwaukee is BLANK Ali. Ali turns left. Milwaukee is North of Ali.,77cc2803-02b1-54af-a10d-fb663433d4ec,base
AJTPK3OZ2E815,2,5,retest,1,geocentric_near,geocentric_near_target,North of,West of,The statue is North of Ali. Ali walks East. The statue is BLANK of Ali.,53b9d39a-77d2-590e-9013-2041416cf80e,base
AJTPK3OZ2E815,2,5,retest,1,geocentric_distant,geocentric_distant_context,South,North,Ali is BLANK of Milwaukee. Ali walks North. Ali is getting closer to Milwaukee.,10ca4a05-1305-559c-8e2c-dfbf1794f86d,base
AJTPK3OZ2E815,2,5,retest,1,geocentric_near,geocentric_near_context,South of,West of,The statue is BLANK Ali. Ali walks East. The statue is South of Ali.,8252c422-568f-56ae-a206-72dd86dd7b40,base
AJTPK3OZ2E815,2,5,retest,0,geocentric_near,geocentric_near_target,South of,West of,The painting is South of Ali. Ali turns right. The painting is BLANK Ali.,210a7a1b-215f-574d-96be-bb4575d7df97,base
AJTPK3OZ2E815,2,5,retest,0,geocentric_distant,geocentric_distant_target,East of,South of,Milwaukee is East of Ali. Ali turns right. Milwaukee is BLANK Ali.,ce49bac3-2edd-5319-8db6-9c23dcaffb9e,base
AJTPK3OZ2E815,2,5,retest,1,geocentric_distant,geocentric_distant_target,North of,West of,Milwaukee is North of Ali. Ali turns left. Milwaukee is BLANK Ali.,4ec6ce58-d4e5-5258-9721-9abd60a41155,base
AJTPK3OZ2E815,2,5,retest,1,geocentric_near,geocentric_near_target,West of,East of,The painting is West of Ali. Ali turns around. The painting is BLANK Ali.,f40523d5-45d1-5f96-b162-ae6520bf7202,base
AJTPK3OZ2E815,2,5,retest,1,geocentric_distant,geocentric_distant_context,West of,North of,Milwaukee is BLANK Ali. Ali turns right. Milwaukee is West of Ali.,20c122a7-ab2c-5966-b297-c5040adfe23e,base
AJTPK3OZ2E815,2,5,retest,1,geocentric_distant,geocentric_distant_target,further from,closer to,Ali is East of Milwaukee. Ali walks East. Ali is getting BLANK Milwaukee.,322374e3-84ec-5bc6-9a25-6ed40685fec2,base
AJTPK3OZ2E815,2,5,retest,1,geocentric_near,geocentric_near_context,East of,North of,The painting is BLANK Ali. Ali turns left. The painting is East of Ali.,6739b82c-779d-5d65-91f9-d9be398a0575,base
AJTPK3OZ2E815,2,5,retest,1,geocentric_near,geocentric_near_target,East of,South of,The statue is East of Ali. Ali walks North. The statue is BLANK of Ali.,84f02edd-6bd8-5f19-8279-4ada591a8a0b,base
AJTPK3OZ2E815,2,5,retest,1,geocentric_near,geocentric_near_context,North of,West of,The painting is BLANK Ali. Ali turns left. The painting is North of Ali.,6e349340-1734-5b6c-94b3-79765fdef94d,base
AJTPK3OZ2E815,2,5,retest,0,geocentric_distant,geocentric_distant_context,East,West,Ali is BLANK of Milwaukee. Ali walks West. Ali is getting closer to Milwaukee.,ecba7770-0edf-5558-834c-89382aa91d3c,base
AJTPK3OZ2E815,2,5,retest,1,geocentric_near,geocentric_near_target,South of,North of,The painting is South of Ali. Ali turns around. The painting is BLANK Ali.,de7d1dc5-03dc-52ca-8424-ff56dbd5e0d7,base
AJTPK3OZ2E815,2,5,retest,1,geocentric_distant,geocentric_distant_target,West of,North of,Milwaukee is West of Ali. Ali turns right. Milwaukee is BLANK Ali.,ab393531-7a45-54be-8745-da5f51d0a854,base
AJTPK3OZ2E815,2,5,retest,1,geocentric_near,geocentric_near_target,West of,North of,The statue is West of Ali. Ali walks South. The statue is BLANK of Ali.,b98ce98d-a5c6-5c6e-92a3-473ae5b1df40,base
AJTPK3OZ2E815,2,5,retest,1,geocentric_near,geocentric_near_target,North of,South of,The box is North of Ali. Ali turns around. The box is BLANK Ali.,ba1c054b-7213-5f8e-bf33-019a9a67c091,base
AJTPK3OZ2E815,2,5,retest,1,geocentric_near,geocentric_near_context,West of,North of,The statue is BLANK Ali. Ali walks South. The statue is West of Ali.,53eb0547-cabf-5f87-bb4d-eeb9eb0e29ca,base
AJTPK3OZ2E815,2,5,retest,1,geocentric_near,geocentric_near_context,South of,East of,The painting is BLANK Ali. Ali turns left. The painting is South of Ali.,b470477e-c9cf-5a97-a47c-98dd08229c8e,base
AJTPK3OZ2E815,2,5,retest,1,geocentric_near,geocentric_near_target,East,West,Mark is facing North. Mark turns 90 degrees to his right. Mark is facing BLANK.,4684617b-bc66-5458-84f2-0a4ff0a561ac,base
AJTPK3OZ2E815,2,5,retest,1,geocentric_distant,geocentric_distant_context,South,North,Ali is BLANK of Milwaukee. Ali walks South. Ali is getting further from Milwaukee.,d254416b-1414-500b-a96f-e13cb28c20dc,base
AJTPK3OZ2E815,2,5,retest,1,geocentric_near,geocentric_near_context,West of,North of,The painting is BLANK Ali. Ali turns right. The painting is West of Ali.,df69c89a-abfd-5c88-b5fa-7baaa5a6d4de,base
AJTPK3OZ2E815,2,5,retest,1,geocentric_near,geocentric_near_context,South of,North of,The box is BLANK Ali. Ali turns around. The box is South of Ali.,c571fc7a-710d-59d5-a140-4564ef29503a,base
AJTPK3OZ2E815,2,5,retest,1,geocentric_near,geocentric_near_target,North of,West of,The painting is North of Ali. Ali turns left. The painting is BLANK Ali.,bdee18b4-ee23-5b20-bae4-65648a17a7e7,base
AJTPK3OZ2E815,2,5,retest,1,geocentric_near,geocentric_near_context,South of,North of,The painting is BLANK Ali. Ali turns around. The painting is South of Ali.,57cc77e0-a299-5a13-85a3-20664a0f6ef1,base
AJTPK3OZ2E815,2,5,retest,1,geocentric_near,geocentric_near_context,East of,South of,The statue is BLANK Ali. Ali walks North. The statue is East of Ali.,c0571aef-9e9a-5c28-8136-16cf5969f8c4,base
AJTPK3OZ2E815,2,5,retest,1,geocentric_near,geocentric_near_target,South,North,Mark is facing East. Mark turns 90 degrees to his right. Mark is facing BLANK.,815c9fc1-43f2-5386-90fa-6c0db0268448,base
AJTPK3OZ2E815,2,5,retest,1,geocentric_distant,geocentric_distant_context,West of,South of,Milwaukee is BLANK Ali. Ali turns left. Milwaukee is West of Ali.,aeefbdde-433a-5ea8-93fd-c5b5c1788a6e,base
AJTPK3OZ2E815,2,5,retest,0,geocentric_distant,geocentric_distant_context,East,West,Ali is BLANK of Milwaukee. Ali walks East. Ali is getting further from Milwaukee.,d49f1d3c-5027-5233-ac07-8710c3e3b449,base
AJTPK3OZ2E815,2,5,retest,1,geocentric_near,geocentric_near_context,West of,East of,The painting is BLANK of Ali. Ali turns around. The painting is West of Ali.,a22b454f-f1c2-51cf-a7f3-f1d55dc1383d,base
AJTPK3OZ2E815,2,5,retest,1,geocentric_distant,geocentric_distant_context,West of,East of,Milwaukee is BLANK Ali. Ali turns around. Milwaukee is West of Ali.,5971347d-237f-515b-b782-01ff47f5650a,base
AJTPK3OZ2E815,2,5,retest,1,geocentric_distant,geocentric_distant_context,West of,East of,Milwaukee is BLANK Ali. Ali turns around. Milwaukee is West of Ali.,5971347d-237f-515b-b782-01ff47f5650a,base
AJTPK3OZ2E815,2,5,retest,1,geocentric_near,geocentric_near_context,West of,East of,The box is BLANK Ali. Ali turns around. The box is West of Ali.,54597470-4866-5387-8c1a-5629d30b67d7,base
AJTPK3OZ2E815,2,5,retest,1,geocentric_near,geocentric_near_context,West of,East of,The box is BLANK Ali. Ali turns around. The box is West of Ali.,54597470-4866-5387-8c1a-5629d30b67d7,base
AJTPK3OZ2E815,2,5,retest,1,geocentric_distant,geocentric_distant_context,South of,East of,Milwaukee is BLANK Ali. Ali turns left. Milwaukee is South of Ali.,5d911c67-0b83-55ee-8134-8ce38b110d99,base
AJTPK3OZ2E815,2,5,retest,1,geocentric_distant,geocentric_distant_context,South of,East of,Milwaukee is BLANK Ali. Ali turns left. Milwaukee is South of Ali.,5d911c67-0b83-55ee-8134-8ce38b110d99,base
AJTPK3OZ2E815,2,5,retest,1,geocentric_distant,geocentric_distant_context,East of,South of,Milwaukee is BLANK Ali. Ali turns right. Milwaukee is East of Ali.,b9877f9e-1fa9-545f-ac6d-fe640fc90d29,base
AJTPK3OZ2E815,2,5,retest,1,geocentric_distant,geocentric_distant_context,East of,South of,Milwaukee is BLANK Ali. Ali turns right. Milwaukee is East of Ali.,b9877f9e-1fa9-545f-ac6d-fe640fc90d29,base
AJTPK3OZ2E815,2,5,retest,1,geocentric_near,geocentric_near_target,East of,North of,The painting is East of Ali. Ali turns left. The painting is BLANK Ali.,1524fa21-bce4-5af0-9fdc-6a1ff52e8db6,base
AJTPK3OZ2E815,2,5,retest,1,geocentric_near,geocentric_near_target,East of,North of,The painting is East of Ali. Ali turns left. The painting is BLANK Ali.,1524fa21-bce4-5af0-9fdc-6a1ff52e8db6,base
AJTPK3OZ2E815,2,5,retest,1,geocentric_distant,geocentric_distant_target,North of,South of,Milwaukee is North of Ali. Ali turns around. Milwaukee is BLANK Ali.,5ee8a7e5-a2c1-5a21-b180-f0a7a538e6be,base
AJTPK3OZ2E815,2,5,retest,1,geocentric_distant,geocentric_distant_target,North of,South of,Milwaukee is North of Ali. Ali turns around. Milwaukee is BLANK Ali.,5ee8a7e5-a2c1-5a21-b180-f0a7a538e6be,base
AJTPK3OZ2E815,2,5,retest,1,geocentric_near,geocentric_near_target,West of,North of,The painting is West of Ali. Ali turns right. The painting is BLANK Ali.,9d469069-c214-567d-a48d-359883082244,base
AJTPK3OZ2E815,2,5,retest,1,geocentric_near,geocentric_near_target,West of,North of,The painting is West of Ali. Ali turns right. The painting is BLANK Ali.,9d469069-c214-567d-a48d-359883082244,base
AJTPK3OZ2E815,2,5,retest,1,geocentric_distant,geocentric_distant_context,North of,West of,Milwaukee is BLANK Ali. Ali turns left. Milwaukee is North of Ali.,77cc2803-02b1-54af-a10d-fb663433d4ec,base
AJTPK3OZ2E815,2,5,retest,1,geocentric_distant,geocentric_distant_context,North of,West of,Milwaukee is BLANK Ali. Ali turns left. Milwaukee is North of Ali.,77cc2803-02b1-54af-a10d-fb663433d4ec,base
AJTPK3OZ2E815,2,5,retest,1,geocentric_near,geocentric_near_target,South of,West of,The painting is South of Ali. Ali turns right. The painting is BLANK Ali.,210a7a1b-215f-574d-96be-bb4575d7df97,base
AJTPK3OZ2E815,2,5,retest,1,geocentric_near,geocentric_near_target,South of,West of,The painting is South of Ali. Ali turns right. The painting is BLANK Ali.,210a7a1b-215f-574d-96be-bb4575d7df97,base
AJTPK3OZ2E815,2,5,retest,1,geocentric_distant,geocentric_distant_target,East of,South of,Milwaukee is East of Ali. Ali turns right. Milwaukee is BLANK Ali.,ce49bac3-2edd-5319-8db6-9c23dcaffb9e,base
AJTPK3OZ2E815,2,5,retest,1,geocentric_distant,geocentric_distant_target,East of,South of,Milwaukee is East of Ali. Ali turns right. Milwaukee is BLANK Ali.,ce49bac3-2edd-5319-8db6-9c23dcaffb9e,base
AJTPK3OZ2E815,2,5,retest,1,geocentric_near,geocentric_near_target,East of,South of,The statue is East of Ali. Ali walks North. The statue is BLANK of Ali.,84f02edd-6bd8-5f19-8279-4ada591a8a0b,base
AJTPK3OZ2E815,2,5,retest,1,geocentric_near,geocentric_near_target,East of,South of,The statue is East of Ali. Ali walks North. The statue is BLANK of Ali.,84f02edd-6bd8-5f19-8279-4ada591a8a0b,base
AJTPK3OZ2E815,2,5,retest,1,geocentric_near,geocentric_near_context,North of,West of,The painting is BLANK Ali. Ali turns left. The painting is North of Ali.,6e349340-1734-5b6c-94b3-79765fdef94d,base
AJTPK3OZ2E815,2,5,retest,1,geocentric_near,geocentric_near_context,North of,West of,The painting is BLANK Ali. Ali turns left. The painting is North of Ali.,6e349340-1734-5b6c-94b3-79765fdef94d,base
AJTPK3OZ2E815,2,5,retest,1,geocentric_distant,geocentric_distant_context,East,West,Ali is BLANK of Milwaukee. Ali walks West. Ali is getting closer to Milwaukee.,ecba7770-0edf-5558-834c-89382aa91d3c,base
AJTPK3OZ2E815,2,5,retest,1,geocentric_distant,geocentric_distant_context,East,West,Ali is BLANK of Milwaukee. Ali walks West. Ali is getting closer to Milwaukee.,ecba7770-0edf-5558-834c-89382aa91d3c,base
AJTPK3OZ2E815,2,5,retest,1,geocentric_distant,geocentric_distant_target,West of,North of,Milwaukee is West of Ali. Ali turns right. Milwaukee is BLANK Ali.,ab393531-7a45-54be-8745-da5f51d0a854,base
AJTPK3OZ2E815,2,5,retest,1,geocentric_distant,geocentric_distant_target,West of,North of,Milwaukee is West of Ali. Ali turns right. Milwaukee is BLANK Ali.,ab393531-7a45-54be-8745-da5f51d0a854,base
AJTPK3OZ2E815,2,5,retest,1,geocentric_near,geocentric_near_target,North of,South of,The box is North of Ali. Ali turns around. The box is BLANK Ali.,ba1c054b-7213-5f8e-bf33-019a9a67c091,base
AJTPK3OZ2E815,2,5,retest,1,geocentric_near,geocentric_near_target,North of,South of,The box is North of Ali. Ali turns around. The box is BLANK Ali.,ba1c054b-7213-5f8e-bf33-019a9a67c091,base
AJTPK3OZ2E815,2,5,retest,1,geocentric_near,geocentric_near_context,South of,East of,The painting is BLANK Ali. Ali turns left. The painting is South of Ali.,b470477e-c9cf-5a97-a47c-98dd08229c8e,base
AJTPK3OZ2E815,2,5,retest,1,geocentric_near,geocentric_near_context,South of,East of,The painting is BLANK Ali. Ali turns left. The painting is South of Ali.,b470477e-c9cf-5a97-a47c-98dd08229c8e,base
AJTPK3OZ2E815,2,5,retest,1,geocentric_near,geocentric_near_target,North of,West of,The painting is North of Ali. Ali turns left. The painting is BLANK Ali.,bdee18b4-ee23-5b20-bae4-65648a17a7e7,base
AJTPK3OZ2E815,2,5,retest,1,geocentric_near,geocentric_near_target,North of,West of,The painting is North of Ali. Ali turns left. The painting is BLANK Ali.,bdee18b4-ee23-5b20-bae4-65648a17a7e7,base
AJTPK3OZ2E815,2,5,retest,1,geocentric_near,geocentric_near_context,East of,South of,The statue is BLANK Ali. Ali walks North. The statue is East of Ali.,c0571aef-9e9a-5c28-8136-16cf5969f8c4,base
AJTPK3OZ2E815,2,5,retest,1,geocentric_near,geocentric_near_context,East of,South of,The statue is BLANK Ali. Ali walks North. The statue is East of Ali.,c0571aef-9e9a-5c28-8136-16cf5969f8c4,base
AJTPK3OZ2E815,2,5,retest,1,geocentric_distant,geocentric_distant_context,West of,South of,Milwaukee is BLANK Ali. Ali turns left. Milwaukee is West of Ali.,aeefbdde-433a-5ea8-93fd-c5b5c1788a6e,base
AJTPK3OZ2E815,2,5,retest,1,geocentric_distant,geocentric_distant_context,West of,South of,Milwaukee is BLANK Ali. Ali turns left. Milwaukee is West of Ali.,aeefbdde-433a-5ea8-93fd-c5b5c1788a6e,base
AJTPK3OZ2E815,2,5,retest,1,geocentric_distant,geocentric_distant_context,East,West,Ali is BLANK of Milwaukee. Ali walks East. Ali is getting further from Milwaukee.,d49f1d3c-5027-5233-ac07-8710c3e3b449,base
AJTPK3OZ2E815,2,5,retest,1,geocentric_distant,geocentric_distant_context,East,West,Ali is BLANK of Milwaukee. Ali walks East. Ali is getting further from Milwaukee.,d49f1d3c-5027-5233-ac07-8710c3e3b449,base
AJTPK3OZ2E815,2,5,retest,1,geocentric_near,geocentric_near_context,West of,East of,The painting is BLANK of Ali. Ali turns around. The painting is West of Ali.,a22b454f-f1c2-51cf-a7f3-f1d55dc1383d,base
AJTPK3OZ2E815,2,5,retest,1,geocentric_near,geocentric_near_context,West of,East of,The painting is BLANK of Ali. Ali turns around. The painting is West of Ali.,a22b454f-f1c2-51cf-a7f3-f1d55dc1383d,base
AQKC1VIZAZ6VI,2,3,retest,0,action_nonfollows,action_nonfollows_context,box,ball,The ball is close to Ali. Ali throws the BLANK. The ball is close to Ali.,f7802c6b-6603-57cf-876b-586d4f097a2f,base
AQKC1VIZAZ6VI,2,3,retest,1,egocentric_distant,egocentric_distant_target,towards,away from,Ali is facing away from Milwaukee. Ali turns 180 degrees. Ali is facing BLANK Milwaukee.,5dcfd461-7fc1-571b-a376-3585ca034a0e,base
AQKC1VIZAZ6VI,2,3,retest,1,action_nonfollows,action_nonfollows_context,inside,outside,The ball is BLANK the box. Ali pushes the box forward. The ball is inside the box.,a4774963-8e72-50a3-bd53-59fc8a24d0f9,base
AQKC1VIZAZ6VI,2,3,retest,1,action_nonfollows,action_nonfollows_target,in front of the statue,behind the statue,Ali is in front of the statue. Ali turns around. Ali is BLANK.,a32ed162-2be9-5aa8-93bc-ead31fd7049b,base
AQKC1VIZAZ6VI,2,3,retest,0,egocentric_near,egocentric_near_target,left of,right of,The painting is right of Ali. Ali turns around. The painting is BLANK Ali.,6a7ee4a1-5db3-5076-ac24-2230ea37aa9e,base
AQKC1VIZAZ6VI,2,3,retest,1,action_nonfollows,action_nonfollows_target,doesn't move,moves,Ali is in the wagon. Ali pushes on the wagon. The wagon BLANK.,a8981c8e-2d19-5659-ab76-8a4c027c51e5,base
AQKC1VIZAZ6VI,2,3,retest,0,egocentric_distant,egocentric_distant_context,towards,away from,Ali is facing BLANK Chicago. Ali turns right. Chicago is left of Ali.,58361726-9384-5c8e-b9f5-34e514fbfb2c,base
AQKC1VIZAZ6VI,2,3,retest,1,action_nonfollows,action_nonfollows_context,above,under,The ball is BLANK the box. The ball moves right. The ball is higher than the box.,ee32b476-c535-542e-91e6-7f3a2a64fe12,base
AQKC1VIZAZ6VI,2,3,retest,0,egocentric_distant,egocentric_distant_context,behind,in front of,Chicago is BLANK Ali. Ali turns right. Chicago is right of Ali.,dcec3e75-40eb-54de-bb48-ea58e65342e2,base
AQKC1VIZAZ6VI,2,3,retest,1,action_nonfollows,action_nonfollows_context,behind the statue,in front of the statue,Ali is BLANK. Ali turns around. Ali is behind the statue.,7d17626f-d7ad-50f5-8804-948780e275ec,base
AQKC1VIZAZ6VI,2,3,retest,1,action_nonfollows,action_nonfollows_context,under,on,The book is BLANK the table. Ali moves the table. The book doesn't move.,daae5815-074e-5b9c-a1b7-d2704748305c,base
AQKC1VIZAZ6VI,2,3,retest,0,egocentric_near,egocentric_near_target,left of,right of,The painting is in front of Ali. Ali turns right. The painting is BLANK Ali.,0e4f4e87-15d0-5112-9419-f448e5fefa0a,base
AQKC1VIZAZ6VI,2,3,retest,0,egocentric_distant,egocentric_distant_target,left of,right of,Chicago is right of Ali. Ali turns around. Chicago is BLANK Ali.,02ed9d8b-8be8-5d09-8e50-1c31eed01911,base
AQKC1VIZAZ6VI,2,3,retest,1,state_nonfollows,state_nonfollows_target,doesn't break,breaks,The glass and the cup are on the table. Ali pushes the cup off the table. The glass BLANK.,8dc99dd8-2eac-5a2a-bc48-48d899f2d287,base
AQKC1VIZAZ6VI,2,3,retest,1,action_nonfollows,action_nonfollows_context,far from,touching,The ball is BLANK the box. Ali moves the box. The ball doesn't move.,c3650617-8199-590c-8d8b-d16df14b77b1,base
AQKC1VIZAZ6VI,2,3,retest,1,action_follows,action_follows_target,far from,close to,The baseball is close to Ali. Ali throws the baseball. The baseball is BLANK Ali.,b9e80e51-f4e6-5c6f-b976-6140e86b35a1,base
AQKC1VIZAZ6VI,2,3,retest,1,state_follows,state_follows_target,breaks,doesn't break,The glass is on the table. Ali bumps the table. The glass BLANK.,6dce2e1a-b2fc-56ae-a304-0378aec4ff7b,base
AQKC1VIZAZ6VI,2,3,retest,0,egocentric_distant,egocentric_distant_context,behind,in front of,Chicago is BLANK Ali. Ali turns left. Chicago is left of Ali.,67a9f12e-deda-5f51-b5e2-d24f0caec230,base
AQKC1VIZAZ6VI,2,3,retest,1,action_nonfollows,action_nonfollows_context,in,outside,Ali is BLANK the wagon. Ali pushes on the wagon. The wagon doesn't move.,313607e6-5da0-5cda-9e5c-816f8b002988,base
AQKC1VIZAZ6VI,2,3,retest,1,action_nonfollows,action_nonfollows_context,lamp,table,The wine glass is on the table. Ali bumps the BLANK. The wine doesn't spill.,c2bfe739-1139-5eac-a500-bf7cde68550a,base
AQKC1VIZAZ6VI,2,3,retest,1,state_nonfollows,state_nonfollows_target,colder,warmer,The soup is on the table. Ali turns on the stove. The soup gets BLANK.,43bffc24-3955-522c-a74b-5fd4b204d283,base
AQKC1VIZAZ6VI,2,3,retest,1,egocentric_distant,egocentric_distant_context,left of,right of,Chicago is BLANK Ali. Ali turns around. Chicago is right of Ali.,e5deed13-5822-5717-897b-4a0ac2a78615,base
AQKC1VIZAZ6VI,2,3,retest,1,action_nonfollows,action_nonfollows_context,ball,box,The box is close to Ali. Ali throws the BLANK. The box is close to Ali.,97f1b8d8-8f88-575a-a82e-5557d245f329,base
AQKC1VIZAZ6VI,2,3,retest,1,state_nonfollows,state_nonfollows_context,sink,glass,The empty glass is on the table. Ali fills the BLANK halfway. The glass is dry.,19257184-707f-5809-ae07-f015d47b973f,base
AQKC1VIZAZ6VI,2,3,retest,1,action_nonfollows,action_nonfollows_target,doesn't move,moves,Ali is in the wagon. Ali pulls on the wagon. The wagon BLANK.,9794199e-e300-558b-b9ec-95fcbc93544f,base
AQKC1VIZAZ6VI,2,3,retest,0,action_nonfollows,action_nonfollows_target,bottom,top of,The ball is at the bottom of the ramp. Ali pushes the ball. The ball is at the BLANK of the ramp.,4638c94d-5d90-536c-8392-2529e12efbd1,base
AQKC1VIZAZ6VI,2,3,retest,1,state_nonfollows,state_nonfollows_context,1 month,5 minutes,The wall was painted BLANK ago. Ali touches the wall. Ali's hand is clean.,3912f615-9518-5062-bfe9-b9deae98b3cc,base
AQKC1VIZAZ6VI,2,3,retest,1,egocentric_near,egocentric_near_context,in front of,behind,The painting is BLANK Ali. Ali turns right. The painting is left of Ali.,0e01e057-85b8-55f1-aa7c-67aa83d13493,base
AQKC1VIZAZ6VI,2,3,retest,1,action_nonfollows,action_nonfollows_target,doesn't move,moves,The book is under the table. Ali moves the book. The table BLANK.,0db7dd2a-b02c-5034-9735-67371cfe2717,base
AQKC1VIZAZ6VI,2,3,retest,1,action_nonfollows,action_nonfollows_target,on top of,below,The ball is resting on top of the box. Ali pushes the box forward. The ball is BLANK the box.,e370550d-ab15-5ae2-b47f-7b94238ca644,base
AQKC1VIZAZ6VI,2,3,retest,0,egocentric_near,egocentric_near_target,right of,left of,The painting is left of Ali. Ali turns around. The painting is BLANK Ali.,65d0a958-c00d-5c1f-8f9a-c3732b584548,base
AQKC1VIZAZ6VI,2,3,retest,1,egocentric_distant,egocentric_distant_context,away from,towards,Ali is facing BLANK Milwaukee. Ali turns 180 degrees. Ali is facing towards Milwaukee.,6dd46ce3-4a45-5c9f-b40d-27839337750b,base
AQKC1VIZAZ6VI,2,3,retest,1,action_nonfollows,action_nonfollows_context,box,ball,The ball is close to Ali. Ali throws the BLANK. The ball is close to Ali.,f7802c6b-6603-57cf-876b-586d4f097a2f,base
AQKC1VIZAZ6VI,2,3,retest,1,action_nonfollows,action_nonfollows_context,box,ball,The ball is close to Ali. Ali throws the BLANK. The ball is close to Ali.,f7802c6b-6603-57cf-876b-586d4f097a2f,base
AQKC1VIZAZ6VI,2,3,retest,1,egocentric_distant,egocentric_distant_target,towards,away from,Ali is facing away from Milwaukee. Ali turns 180 degrees. Ali is facing BLANK Milwaukee.,5dcfd461-7fc1-571b-a376-3585ca034a0e,base
AQKC1VIZAZ6VI,2,3,retest,1,egocentric_distant,egocentric_distant_target,towards,away from,Ali is facing away from Milwaukee. Ali turns 180 degrees. Ali is facing BLANK Milwaukee.,5dcfd461-7fc1-571b-a376-3585ca034a0e,base
AQKC1VIZAZ6VI,2,3,retest,1,action_nonfollows,action_nonfollows_context,inside,outside,The ball is BLANK the box. Ali pushes the box forward. The ball is inside the box.,a4774963-8e72-50a3-bd53-59fc8a24d0f9,base
AQKC1VIZAZ6VI,2,3,retest,1,action_nonfollows,action_nonfollows_context,inside,outside,The ball is BLANK the box. Ali pushes the box forward. The ball is inside the box.,a4774963-8e72-50a3-bd53-59fc8a24d0f9,base
AQKC1VIZAZ6VI,2,3,retest,1,action_nonfollows,action_nonfollows_target,in front of the statue,behind the statue,Ali is in front of the statue. Ali turns around. Ali is BLANK.,a32ed162-2be9-5aa8-93bc-ead31fd7049b,base
AQKC1VIZAZ6VI,2,3,retest,1,action_nonfollows,action_nonfollows_target,in front of the statue,behind the statue,Ali is in front of the statue. Ali turns around. Ali is BLANK.,a32ed162-2be9-5aa8-93bc-ead31fd7049b,base
AQKC1VIZAZ6VI,2,3,retest,1,egocentric_near,egocentric_near_target,left of,right of,The painting is right of Ali. Ali turns around. The painting is BLANK Ali.,6a7ee4a1-5db3-5076-ac24-2230ea37aa9e,base
AQKC1VIZAZ6VI,2,3,retest,1,egocentric_near,egocentric_near_target,left of,right of,The painting is right of Ali. Ali turns around. The painting is BLANK Ali.,6a7ee4a1-5db3-5076-ac24-2230ea37aa9e,base
AQKC1VIZAZ6VI,2,3,retest,1,action_nonfollows,action_nonfollows_target,doesn't move,moves,Ali is in the wagon. Ali pushes on the wagon. The wagon BLANK.,a8981c8e-2d19-5659-ab76-8a4c027c51e5,base
AQKC1VIZAZ6VI,2,3,retest,1,action_nonfollows,action_nonfollows_target,doesn't move,moves,Ali is in the wagon. Ali pushes on the wagon. The wagon BLANK.,a8981c8e-2d19-5659-ab76-8a4c027c51e5,base
AQKC1VIZAZ6VI,2,3,retest,1,egocentric_distant,egocentric_distant_context,towards,away from,Ali is facing BLANK Chicago. Ali turns right. Chicago is left of Ali.,58361726-9384-5c8e-b9f5-34e514fbfb2c,base
AQKC1VIZAZ6VI,2,3,retest,1,egocentric_distant,egocentric_distant_context,towards,away from,Ali is facing BLANK Chicago. Ali turns right. Chicago is left of Ali.,58361726-9384-5c8e-b9f5-34e514fbfb2c,base
AQKC1VIZAZ6VI,2,3,retest,1,action_nonfollows,action_nonfollows_context,above,under,The ball is BLANK the box. The ball moves right. The ball is higher than the box.,ee32b476-c535-542e-91e6-7f3a2a64fe12,base
AQKC1VIZAZ6VI,2,3,retest,1,action_nonfollows,action_nonfollows_context,above,under,The ball is BLANK the box. The ball moves right. The ball is higher than the box.,ee32b476-c535-542e-91e6-7f3a2a64fe12,base
AQKC1VIZAZ6VI,2,3,retest,1,egocentric_distant,egocentric_distant_context,behind,in front of,Chicago is BLANK Ali. Ali turns right. Chicago is right of Ali.,dcec3e75-40eb-54de-bb48-ea58e65342e2,base
AQKC1VIZAZ6VI,2,3,retest,1,egocentric_distant,egocentric_distant_context,behind,in front of,Chicago is BLANK Ali. Ali turns right. Chicago is right of Ali.,dcec3e75-40eb-54de-bb48-ea58e65342e2,base
AQKC1VIZAZ6VI,2,3,retest,1,action_nonfollows,action_nonfollows_context,behind the statue,in front of the statue,Ali is BLANK. Ali turns around. Ali is behind the statue.,7d17626f-d7ad-50f5-8804-948780e275ec,base
AQKC1VIZAZ6VI,2,3,retest,1,action_nonfollows,action_nonfollows_context,behind the statue,in front of the statue,Ali is BLANK. Ali turns around. Ali is behind the statue.,7d17626f-d7ad-50f5-8804-948780e275ec,base
AQKC1VIZAZ6VI,2,3,retest,1,egocentric_near,egocentric_near_target,left of,right of,The painting is in front of Ali. Ali turns right. The painting is BLANK Ali.,0e4f4e87-15d0-5112-9419-f448e5fefa0a,base
AQKC1VIZAZ6VI,2,3,retest,1,egocentric_near,egocentric_near_target,left of,right of,The painting is in front of Ali. Ali turns right. The painting is BLANK Ali.,0e4f4e87-15d0-5112-9419-f448e5fefa0a,base
AQKC1VIZAZ6VI,2,3,retest,1,egocentric_distant,egocentric_distant_target,left of,right of,Chicago is right of Ali. Ali turns around. Chicago is BLANK Ali.,02ed9d8b-8be8-5d09-8e50-1c31eed01911,base
AQKC1VIZAZ6VI,2,3,retest,1,egocentric_distant,egocentric_distant_target,left of,right of,Chicago is right of Ali. Ali turns around. Chicago is BLANK Ali.,02ed9d8b-8be8-5d09-8e50-1c31eed01911,base
AQKC1VIZAZ6VI,2,3,retest,1,action_nonfollows,action_nonfollows_context,far from,touching,The ball is BLANK the box. Ali moves the box. The ball doesn't move.,c3650617-8199-590c-8d8b-d16df14b77b1,base
AQKC1VIZAZ6VI,2,3,retest,1,action_nonfollows,action_nonfollows_context,far from,touching,The ball is BLANK the box. Ali moves the box. The ball doesn't move.,c3650617-8199-590c-8d8b-d16df14b77b1,base
AQKC1VIZAZ6VI,2,3,retest,1,egocentric_distant,egocentric_distant_context,behind,in front of,Chicago is BLANK Ali. Ali turns left. Chicago is left of Ali.,67a9f12e-deda-5f51-b5e2-d24f0caec230,base
AQKC1VIZAZ6VI,2,3,retest,1,egocentric_distant,egocentric_distant_context,behind,in front of,Chicago is BLANK Ali. Ali turns left. Chicago is left of Ali.,67a9f12e-deda-5f51-b5e2-d24f0caec230,base
AQKC1VIZAZ6VI,2,3,retest,0,action_nonfollows,action_nonfollows_target,bottom,top of,The ball is at the bottom of the ramp. Ali pushes the ball. The ball is at the BLANK of the ramp.,4638c94d-5d90-536c-8392-2529e12efbd1,base
AQKC1VIZAZ6VI,2,3,retest,0,action_nonfollows,action_nonfollows_target,bottom,top of,The ball is at the bottom of the ramp. Ali pushes the ball. The ball is at the BLANK of the ramp.,4638c94d-5d90-536c-8392-2529e12efbd1,base
AQKC1VIZAZ6VI,2,3,retest,1,state_nonfollows,state_nonfollows_context,1 month,5 minutes,The wall was painted BLANK ago. Ali touches the wall. Ali's hand is clean.,3912f615-9518-5062-bfe9-b9deae98b3cc,base
AQKC1VIZAZ6VI,2,3,retest,1,state_nonfollows,state_nonfollows_context,1 month,5 minutes,The wall was painted BLANK ago. Ali touches the wall. Ali's hand is clean.,3912f615-9518-5062-bfe9-b9deae98b3cc,base
AQKC1VIZAZ6VI,2,3,retest,1,action_nonfollows,action_nonfollows_target,doesn't move,moves,The book is under the table. Ali moves the book. The table BLANK.,0db7dd2a-b02c-5034-9735-67371cfe2717,base
AQKC1VIZAZ6VI,2,3,retest,1,action_nonfollows,action_nonfollows_target,doesn't move,moves,The book is under the table. Ali moves the book. The table BLANK.,0db7dd2a-b02c-5034-9735-67371cfe2717,base
AQKC1VIZAZ6VI,2,3,retest,1,egocentric_near,egocentric_near_target,right of,left of,The painting is left of Ali. Ali turns around. The painting is BLANK Ali.,65d0a958-c00d-5c1f-8f9a-c3732b584548,base
AQKC1VIZAZ6VI,2,3,retest,1,egocentric_near,egocentric_near_target,right of,left of,The painting is left of Ali. Ali turns around. The painting is BLANK Ali.,65d0a958-c00d-5c1f-8f9a-c3732b584548,base
ATRRVQWZZ87QA,2,2,retest,1,action_nonfollows,action_nonfollows_target,doesn't move,moves,The book is under the table. Ali moves the table. The book BLANK.,5859e8ff-6125-598f-b093-8490c86f6e42,base
ATRRVQWZZ87QA,2,2,retest,1,egocentric_near,egocentric_near_target,right of,left of,Ali is right of the painting. Ali turns around. Ali is BLANK the painting.,ff50283a-6025-5358-9f0a-de831120e8dc,base
ATRRVQWZZ87QA,2,2,retest,0,egocentric_near,egocentric_near_context,left,right,The painting is to Ali's BLANK. The painting is moved left. The painting is to Ali's right.,5eae654e-13dc-5485-8e29-6016fcf0bcc5,base
ATRRVQWZZ87QA,2,2,retest,0,egocentric_distant,egocentric_distant_context,away from,towards,Ali is facing BLANK Milwaukee. Ali turns around. Ali is facing towards Milwaukee.,897eee6e-d0a7-51a3-828a-bd3ec8339e5e,base
ATRRVQWZZ87QA,2,2,retest,1,egocentric_distant,egocentric_distant_context,in front of,behind,Chicago is BLANK Ali. Ali turns left. Chicago is right of Ali.,caa99020-6057-5d4a-ba54-c6262b93fbd6,base
ATRRVQWZZ87QA,2,2,retest,1,egocentric_near,egocentric_near_context,right of,left of,Ali is BLANK the painting. Ali turns around. Ali is right of the painting.,dddb2cfa-31e1-5083-8686-43d95ab369ea,base
ATRRVQWZZ87QA,2,2,retest,0,state_nonfollows,state_nonfollows_target,dry,wet,The empty glass is on the table. Ali knocks the glass over. The table is BLANK.,03be173e-02aa-5a79-968a-ce8ea00117d3,base
ATRRVQWZZ87QA,2,2,retest,0,egocentric_distant,egocentric_distant_target,right of,left of,Ali is facing away from Chicago. Ali turns right. Chicago is BLANK Ali.,ab3abdc8-bc90-5780-b8cb-2b0fb3ad02ff,base
ATRRVQWZZ87QA,2,2,retest,1,action_follows,action_follows_context,floor,table,The wine glass is on the BLANK. Ali bumps the wine glass. The wine spills on the floor.,09236428-50c5-59b2-90d1-53711d6c7795,base
ATRRVQWZZ87QA,2,2,retest,0,state_nonfollows,state_nonfollows_context,behind,in front of,The window is BLANK Ali. Ali throws the baseball forward. The window doesn't break.,68b5a14f-4ab8-5004-be44-4f48b83e0e31,base
ATRRVQWZZ87QA,2,2,retest,0,state_follows,state_follows_context,5 minutes,1 month,The wall was painted BLANK ago. Ali touches the wall. Ali's hand is painted.,58907312-5ecd-56cf-9d0c-b08e912cefd9,base
ATRRVQWZZ87QA,2,2,retest,0,egocentric_near,egocentric_near_context,right,left,The painting is to Ali's BLANK. The painting is moved right. The painting is to Ali's right.,62cd0646-56c3-54a3-b533-01c5754318f3,base
ATRRVQWZZ87QA,2,2,retest,0,action_nonfollows,action_nonfollows_target,doesn't spill,spills,The wine glass is on the table. Ali bumps the lamp. The wine BLANK.,44cb7648-b29b-5b98-992e-d7e249daa6b6,base
ATRRVQWZZ87QA,2,2,retest,1,egocentric_distant,egocentric_distant_context,away from,towards,Ali is facing BLANK Chicago. Ali turns left. Chicago is left of Ali.,da7ca003-81b2-5c22-8a25-edaf430f013d,base
ATRRVQWZZ87QA,2,2,retest,0,state_nonfollows,state_nonfollows_context,table,glass,The glass is on the floor. Ali bumps the BLANK. The glass doesn't break.,873aedce-860e-576f-9741-9398d6d6f2eb,base
ATRRVQWZZ87QA,2,2,retest,0,egocentric_distant,egocentric_distant_target,left of,right of,Ali is facing Chicago. Ali turns right. Chicago is BLANK Ali.,dd671270-af76-5c47-b413-f83302e3de3a,base
ATRRVQWZZ87QA,2,2,retest,0,egocentric_near,egocentric_near_target,behind,in front of,The painting is right of Ali. Ali turns left. The painting is BLANK Ali.,3a1992c7-e8c1-55ab-843c-616cf72ae3d9,base
ATRRVQWZZ87QA,2,2,retest,1,action_follows,action_follows_context,in front of,behind,Ali is BLANK the wagon. Ali pulls on the wagon. The wagon moves.,bf03a4f6-7f78-5d3b-935b-023b8abf081d,base
ATRRVQWZZ87QA,2,2,retest,1,action_nonfollows,action_nonfollows_target,close to,far from,The ball is close to Ali. Ali throws the box. The ball is BLANK Ali.,2afb6b5d-8e71-5ce2-97bd-e6d6b6d6e4bf,base
ATRRVQWZZ87QA,2,2,retest,1,action_nonfollows,action_nonfollows_target,close to,far from,The bowling ball is close to Ali. Ali throws the bowling ball. The bowling ball is BLANK Ali.,d7036c0b-8b82-5d23-a012-57ae1b59e7bc,base
ATRRVQWZZ87QA,2,2,retest,0,state_nonfollows,state_nonfollows_context,sand,water,The cup is empty. Ali pours BLANK in the cup. The cup is dry.,2a40e046-fe88-5ea9-b0a5-e06a55f09649,base
ATRRVQWZZ87QA,2,2,retest,1,state_nonfollows,state_nonfollows_target,doesn't break,breaks,The brick is on the table. Ali bumps the brick off the table. The brick BLANK.,0a07145e-59b3-581f-bd0a-86eff289a0ce,base
ATRRVQWZZ87QA,2,2,retest,0,egocentric_distant,egocentric_distant_context,right,left,Milwaukee is to Ali's BLANK. Ali turns left. Ali is facing away from Milwaukee.,c197738c-2b0f-563f-a553-cbd2456d488a,base
ATRRVQWZZ87QA,2,2,retest,1,egocentric_near,egocentric_near_target,in front of,behind,The painting is right of Ali. Ali turns right. The painting is BLANK Ali.,92ff8800-4b4e-5c66-a7d9-e034b5c0b4f7,base
ATRRVQWZZ87QA,2,2,retest,0,egocentric_near,egocentric_near_context,right,left,The painting is BLANK of Ali. Ali turns right. The painting is in front of Ali.,a4994f26-9ec4-577d-ba9a-8dcdae74b3a7,base
ATRRVQWZZ87QA,2,2,retest,0,egocentric_distant,egocentric_distant_target,right of,left of,Ali is facing Chicago. Ali turns left. Chicago is BLANK Ali.,2e25e5be-8490-556a-a672-80c670675704,base
ATRRVQWZZ87QA,2,2,retest,0,action_follows,action_follows_target,table,floor,The wine glass is on the table. The wine glass falls over. The wine spills on the BLANK.,8a00bd55-84cc-51cb-837b-fe6192ad4334,base
ATRRVQWZZ87QA,2,2,retest,0,state_nonfollows,state_nonfollows_target,doesn't break,breaks,The window is behind Ali and the wall is in front of Ali. Ali throws the baseball at the wall. The window BLANK.,93f6ca60-d035-5404-98d1-5cab22558138,base
ATRRVQWZZ87QA,2,2,retest,0,egocentric_distant,egocentric_distant_target,left of,right of,Chicago is in front of Ali. Ali turns right. Chicago is BLANK Ali.,b7458eb1-0f7d-5cf1-9d74-c4b391425177,base
ATRRVQWZZ87QA,2,2,retest,0,egocentric_distant,egocentric_distant_target,right of,left of,Chicago is left of Ali. Ali turns around. Chicago is BLANK Ali.,d0c74fc1-5415-5c34-82c4-0883d87ab239,base
ATRRVQWZZ87QA,2,2,retest,0,egocentric_near,egocentric_near_context,left,right,The painting is BLANK of Ali. Ali turns right. The painting is behind Ali.,1f28c430-b30e-55c9-bcff-fabf755392f2,base
ATRRVQWZZ87QA,2,2,retest,0,egocentric_distant,egocentric_distant_context,right of,left of,Chicago is BLANK Ali. Ali turns around. Chicago is left of Ali.,51131205-c4fb-50ee-89c0-28f617579e69,base
ATRRVQWZZ87QA,2,2,retest,0,action_nonfollows,action_nonfollows_target,moves,doesn't move,The glass is on the table and the cup is on the floor. Ali picks up the glass. The cup BLANK.,aca6ce57-66cc-5a28-8b0c-b55d84cbbeb5,base
ATRRVQWZZ87QA,2,2,retest,0,state_nonfollows,state_nonfollows_target,doesn't break,breaks,The window is behind Ali. Ali throws the baseball forward. The window BLANK.,96eb93cd-1931-5621-9a9a-b0c1f0145281,base
ATRRVQWZZ87QA,2,2,retest,0,egocentric_near,egocentric_near_context,left,right,The painting is to Ali's BLANK. The painting is moved left. The painting is to Ali's right.,5eae654e-13dc-5485-8e29-6016fcf0bcc5,base
ATRRVQWZZ87QA,2,2,retest,0,egocentric_near,egocentric_near_context,left,right,The painting is to Ali's BLANK. The painting is moved left. The painting is to Ali's right.,5eae654e-13dc-5485-8e29-6016fcf0bcc5,base
ATRRVQWZZ87QA,2,2,retest,0,egocentric_distant,egocentric_distant_context,away from,towards,Ali is facing BLANK Milwaukee. Ali turns around. Ali is facing towards Milwaukee.,897eee6e-d0a7-51a3-828a-bd3ec8339e5e,base
ATRRVQWZZ87QA,2,2,retest,0,egocentric_distant,egocentric_distant_context,away from,towards,Ali is facing BLANK Milwaukee. Ali turns around. Ali is facing towards Milwaukee.,897eee6e-d0a7-51a3-828a-bd3ec8339e5e,base
ATRRVQWZZ87QA,2,2,retest,1,egocentric_near,egocentric_near_context,right of,left of,Ali is BLANK the painting. Ali turns around. Ali is right of the painting.,dddb2cfa-31e1-5083-8686-43d95ab369ea,base
ATRRVQWZZ87QA,2,2,retest,1,egocentric_near,egocentric_near_context,right of,left of,Ali is BLANK the painting. Ali turns around. Ali is right of the painting.,dddb2cfa-31e1-5083-8686-43d95ab369ea,base
ATRRVQWZZ87QA,2,2,retest,1,state_nonfollows,state_nonfollows_target,dry,wet,The empty glass is on the table. Ali knocks the glass over. The table is BLANK.,03be173e-02aa-5a79-968a-ce8ea00117d3,base
ATRRVQWZZ87QA,2,2,retest,1,state_nonfollows,state_nonfollows_target,dry,wet,The empty glass is on the table. Ali knocks the glass over. The table is BLANK.,03be173e-02aa-5a79-968a-ce8ea00117d3,base
ATRRVQWZZ87QA,2,2,retest,0,egocentric_distant,egocentric_distant_target,right of,left of,Ali is facing away from Chicago. Ali turns right. Chicago is BLANK Ali.,ab3abdc8-bc90-5780-b8cb-2b0fb3ad02ff,base
ATRRVQWZZ87QA,2,2,retest,0,egocentric_distant,egocentric_distant_target,right of,left of,Ali is facing away from Chicago. Ali turns right. Chicago is BLANK Ali.,ab3abdc8-bc90-5780-b8cb-2b0fb3ad02ff,base
ATRRVQWZZ87QA,2,2,retest,0,state_nonfollows,state_nonfollows_context,behind,in front of,The window is BLANK Ali. Ali throws the baseball forward. The window doesn't break.,68b5a14f-4ab8-5004-be44-4f48b83e0e31,base
ATRRVQWZZ87QA,2,2,retest,0,state_nonfollows,state_nonfollows_context,behind,in front of,The window is BLANK Ali. Ali throws the baseball forward. The window doesn't break.,68b5a14f-4ab8-5004-be44-4f48b83e0e31,base
ATRRVQWZZ87QA,2,2,retest,0,state_follows,state_follows_context,5 minutes,1 month,The wall was painted BLANK ago. Ali touches the wall. Ali's hand is painted.,58907312-5ecd-56cf-9d0c-b08e912cefd9,base
ATRRVQWZZ87QA,2,2,retest,0,state_follows,state_follows_context,5 minutes,1 month,The wall was painted BLANK ago. Ali touches the wall. Ali's hand is painted.,58907312-5ecd-56cf-9d0c-b08e912cefd9,base
ATRRVQWZZ87QA,2,2,retest,0,egocentric_near,egocentric_near_context,right,left,The painting is to Ali's BLANK. The painting is moved right. The painting is to Ali's right.,62cd0646-56c3-54a3-b533-01c5754318f3,base
ATRRVQWZZ87QA,2,2,retest,0,egocentric_near,egocentric_near_context,right,left,The painting is to Ali's BLANK. The painting is moved right. The painting is to Ali's right.,62cd0646-56c3-54a3-b533-01c5754318f3,base
ATRRVQWZZ87QA,2,2,retest,0,action_nonfollows,action_nonfollows_target,doesn't spill,spills,The wine glass is on the table. Ali bumps the lamp. The wine BLANK.,44cb7648-b29b-5b98-992e-d7e249daa6b6,base
ATRRVQWZZ87QA,2,2,retest,0,action_nonfollows,action_nonfollows_target,doesn't spill,spills,The wine glass is on the table. Ali bumps the lamp. The wine BLANK.,44cb7648-b29b-5b98-992e-d7e249daa6b6,base
ATRRVQWZZ87QA,2,2,retest,1,state_nonfollows,state_nonfollows_context,table,glass,The glass is on the floor. Ali bumps the BLANK. The glass doesn't break.,873aedce-860e-576f-9741-9398d6d6f2eb,base
ATRRVQWZZ87QA,2,2,retest,1,state_nonfollows,state_nonfollows_context,table,glass,The glass is on the floor. Ali bumps the BLANK. The glass doesn't break.,873aedce-860e-576f-9741-9398d6d6f2eb,base
ATRRVQWZZ87QA,2,2,retest,1,egocentric_distant,egocentric_distant_target,left of,right of,Ali is facing Chicago. Ali turns right. Chicago is BLANK Ali.,dd671270-af76-5c47-b413-f83302e3de3a,base
ATRRVQWZZ87QA,2,2,retest,1,egocentric_distant,egocentric_distant_target,left of,right of,Ali is facing Chicago. Ali turns right. Chicago is BLANK Ali.,dd671270-af76-5c47-b413-f83302e3de3a,base
ATRRVQWZZ87QA,2,2,retest,1,egocentric_near,egocentric_near_target,behind,in front of,The painting is right of Ali. Ali turns left. The painting is BLANK Ali.,3a1992c7-e8c1-55ab-843c-616cf72ae3d9,base
ATRRVQWZZ87QA,2,2,retest,1,egocentric_near,egocentric_near_target,behind,in front of,The painting is right of Ali. Ali turns left. The painting is BLANK Ali.,3a1992c7-e8c1-55ab-843c-616cf72ae3d9,base
ATRRVQWZZ87QA,2,2,retest,1,action_follows,action_follows_context,in front of,behind,Ali is BLANK the wagon. Ali pulls on the wagon. The wagon moves.,bf03a4f6-7f78-5d3b-935b-023b8abf081d,base
ATRRVQWZZ87QA,2,2,retest,1,action_follows,action_follows_context,in front of,behind,Ali is BLANK the wagon. Ali pulls on the wagon. The wagon moves.,bf03a4f6-7f78-5d3b-935b-023b8abf081d,base
ATRRVQWZZ87QA,2,2,retest,1,action_nonfollows,action_nonfollows_target,close to,far from,The ball is close to Ali. Ali throws the box. The ball is BLANK Ali.,2afb6b5d-8e71-5ce2-97bd-e6d6b6d6e4bf,base
ATRRVQWZZ87QA,2,2,retest,1,action_nonfollows,action_nonfollows_target,close to,far from,The ball is close to Ali. Ali throws the box. The ball is BLANK Ali.,2afb6b5d-8e71-5ce2-97bd-e6d6b6d6e4bf,base
ATRRVQWZZ87QA,2,2,retest,0,state_nonfollows,state_nonfollows_context,sand,water,The cup is empty. Ali pours BLANK in the cup. The cup is dry.,2a40e046-fe88-5ea9-b0a5-e06a55f09649,base
ATRRVQWZZ87QA,2,2,retest,0,state_nonfollows,state_nonfollows_context,sand,water,The cup is empty. Ali pours BLANK in the cup. The cup is dry.,2a40e046-fe88-5ea9-b0a5-e06a55f09649,base
ATRRVQWZZ87QA,2,2,retest,1,state_nonfollows,state_nonfollows_target,doesn't break,breaks,The brick is on the table. Ali bumps the brick off the table. The brick BLANK.,0a07145e-59b3-581f-bd0a-86eff289a0ce,base
ATRRVQWZZ87QA,2,2,retest,1,state_nonfollows,state_nonfollows_target,doesn't break,breaks,The brick is on the table. Ali bumps the brick off the table. The brick BLANK.,0a07145e-59b3-581f-bd0a-86eff289a0ce,base
ATRRVQWZZ87QA,2,2,retest,0,egocentric_distant,egocentric_distant_context,right,left,Milwaukee is to Ali's BLANK. Ali turns left. Ali is facing away from Milwaukee.,c197738c-2b0f-563f-a553-cbd2456d488a,base
ATRRVQWZZ87QA,2,2,retest,0,egocentric_distant,egocentric_distant_context,right,left,Milwaukee is to Ali's BLANK. Ali turns left. Ali is facing away from Milwaukee.,c197738c-2b0f-563f-a553-cbd2456d488a,base
ATRRVQWZZ87QA,2,2,retest,0,egocentric_near,egocentric_near_target,in front of,behind,The painting is right of Ali. Ali turns right. The painting is BLANK Ali.,92ff8800-4b4e-5c66-a7d9-e034b5c0b4f7,base
ATRRVQWZZ87QA,2,2,retest,0,egocentric_near,egocentric_near_target,in front of,behind,The painting is right of Ali. Ali turns right. The painting is BLANK Ali.,92ff8800-4b4e-5c66-a7d9-e034b5c0b4f7,base
ATRRVQWZZ87QA,2,2,retest,0,egocentric_near,egocentric_near_context,right,left,The painting is BLANK of Ali. Ali turns right. The painting is in front of Ali.,a4994f26-9ec4-577d-ba9a-8dcdae74b3a7,base
ATRRVQWZZ87QA,2,2,retest,0,egocentric_near,egocentric_near_context,right,left,The painting is BLANK of Ali. Ali turns right. The painting is in front of Ali.,a4994f26-9ec4-577d-ba9a-8dcdae74b3a7,base
ATRRVQWZZ87QA,2,2,retest,1,egocentric_distant,egocentric_distant_target,right of,left of,Ali is facing Chicago. Ali turns left. Chicago is BLANK Ali.,2e25e5be-8490-556a-a672-80c670675704,base
ATRRVQWZZ87QA,2,2,retest,1,egocentric_distant,egocentric_distant_target,right of,left of,Ali is facing Chicago. Ali turns left. Chicago is BLANK Ali.,2e25e5be-8490-556a-a672-80c670675704,base
ATRRVQWZZ87QA,2,2,retest,1,action_follows,action_follows_target,table,floor,The wine glass is on the table. The wine glass falls over. The wine spills on the BLANK.,8a00bd55-84cc-51cb-837b-fe6192ad4334,base
ATRRVQWZZ87QA,2,2,retest,1,action_follows,action_follows_target,table,floor,The wine glass is on the table. The wine glass falls over. The wine spills on the BLANK.,8a00bd55-84cc-51cb-837b-fe6192ad4334,base
ATRRVQWZZ87QA,2,2,retest,1,state_nonfollows,state_nonfollows_target,doesn't break,breaks,The window is behind Ali and the wall is in front of Ali. Ali throws the baseball at the wall. The window BLANK.,93f6ca60-d035-5404-98d1-5cab22558138,base
ATRRVQWZZ87QA,2,2,retest,1,state_nonfollows,state_nonfollows_target,doesn't break,breaks,The window is behind Ali and the wall is in front of Ali. Ali throws the baseball at the wall. The window BLANK.,93f6ca60-d035-5404-98d1-5cab22558138,base
ATRRVQWZZ87QA,2,2,retest,1,egocentric_distant,egocentric_distant_target,left of,right of,Chicago is in front of Ali. Ali turns right. Chicago is BLANK Ali.,b7458eb1-0f7d-5cf1-9d74-c4b391425177,base
ATRRVQWZZ87QA,2,2,retest,1,egocentric_distant,egocentric_distant_target,left of,right of,Chicago is in front of Ali. Ali turns right. Chicago is BLANK Ali.,b7458eb1-0f7d-5cf1-9d74-c4b391425177,base
ATRRVQWZZ87QA,2,2,retest,1,egocentric_distant,egocentric_distant_target,right of,left of,Chicago is left of Ali. Ali turns around. Chicago is BLANK Ali.,d0c74fc1-5415-5c34-82c4-0883d87ab239,base
ATRRVQWZZ87QA,2,2,retest,1,egocentric_distant,egocentric_distant_target,right of,left of,Chicago is left of Ali. Ali turns around. Chicago is BLANK Ali.,d0c74fc1-5415-5c34-82c4-0883d87ab239,base
ATRRVQWZZ87QA,2,2,retest,1,egocentric_near,egocentric_near_context,left,right,The painting is BLANK of Ali. Ali turns right. The painting is behind Ali.,1f28c430-b30e-55c9-bcff-fabf755392f2,base
ATRRVQWZZ87QA,2,2,retest,1,egocentric_near,egocentric_near_context,left,right,The painting is BLANK of Ali. Ali turns right. The painting is behind Ali.,1f28c430-b30e-55c9-bcff-fabf755392f2,base
ATRRVQWZZ87QA,2,2,retest,1,egocentric_distant,egocentric_distant_context,right of,left of,Chicago is BLANK Ali. Ali turns around. Chicago is left of Ali.,51131205-c4fb-50ee-89c0-28f617579e69,base
ATRRVQWZZ87QA,2,2,retest,1,egocentric_distant,egocentric_distant_context,right of,left of,Chicago is BLANK Ali. Ali turns around. Chicago is left of Ali.,51131205-c4fb-50ee-89c0-28f617579e69,base
ATRRVQWZZ87QA,2,2,retest,0,action_nonfollows,action_nonfollows_target,moves,doesn't move,The glass is on the table and the cup is on the floor. Ali picks up the glass. The cup BLANK.,aca6ce57-66cc-5a28-8b0c-b55d84cbbeb5,base
ATRRVQWZZ87QA,2,2,retest,0,action_nonfollows,action_nonfollows_target,moves,doesn't move,The glass is on the table and the cup is on the floor. Ali picks up the glass. The cup BLANK.,aca6ce57-66cc-5a28-8b0c-b55d84cbbeb5,base
ATRRVQWZZ87QA,2,2,retest,1,state_nonfollows,state_nonfollows_target,doesn't break,breaks,The window is behind Ali. Ali throws the baseball forward. The window BLANK.,96eb93cd-1931-5621-9a9a-b0c1f0145281,base
ATRRVQWZZ87QA,2,2,retest,1,state_nonfollows,state_nonfollows_target,doesn't break,breaks,The window is behind Ali. Ali throws the baseball forward. The window BLANK.,96eb93cd-1931-5621-9a9a-b0c1f0145281,base
AW0MG225VXWCN,2,1,retest,0,egocentric_distant,egocentric_distant_context,in front of,behind,Chicago is BLANK Ali. Ali turns right. Chicago is left of Ali.,27c72cf7-5d80-526d-9ace-d6625063dfe0,base
AW0MG225VXWCN,2,1,retest,1,egocentric_distant,egocentric_distant_target,right of,left of,Chicago is behind Ali. Ali turns right. Chicago is BLANK Ali.,ecf1bbc5-92d2-5b77-9ebe-7090991e3b5d,base
AW0MG225VXWCN,2,1,retest,1,egocentric_near,egocentric_near_context,in front of,behind,The painting is BLANK of Ali. Ali turns left. The painting is right of Ali.,805deedd-d47e-54f8-b7e7-81318f8435b7,base
AW0MG225VXWCN,2,1,retest,1,action_nonfollows,action_nonfollows_context,in front of the statue,behind the statue,Ali is BLANK. Ali turns around. Ali is in front of the statue.,7cfd7bad-4e38-507a-a6d8-243e8c667d1b,base
AW0MG225VXWCN,2,1,retest,1,egocentric_distant,egocentric_distant_context,left,right,Chicago is to Ali's BLANK. Ali turns left. Ali is facing towards Chicago.,29c5b0e8-2242-5aa6-ad05-0a8b33bc7aec,base
AW0MG225VXWCN,2,1,retest,0,egocentric_near,egocentric_near_target,left of,right of,The painting is behind Ali. Ali turns left. The painting is BLANK Ali.,2f6ac9c5-17f9-5a23-ab8d-9d0d3d3335c4,base
AW0MG225VXWCN,2,1,retest,1,action_follows,action_follows_context,top,bottom,The wagon is on the BLANK of the hill. Ali pushes the wagon. The wagon rolls.,96c0978e-4433-5d7f-b561-cee41daa8875,base
AW0MG225VXWCN,2,1,retest,1,egocentric_near,egocentric_near_context,behind,in front of,The painting is BLANK Ali. Ali turns right. The painting is right of Ali.,1916451f-868a-5f58-9e6c-6033ca77e634,base
AW0MG225VXWCN,2,1,retest,1,action_nonfollows,action_nonfollows_target,doesn't move,moves,The ball is five feet from the box. Ali moves the box. The ball BLANK.,eae220a6-b112-595b-8808-41aaec2e4f3d,base
AW0MG225VXWCN,2,1,retest,1,egocentric_near,egocentric_near_context,behind,in front of,Ali is BLANK painting. Ali turns around. Ali is behind the painting.,d91e34a1-58ec-5efe-bd1d-3da56dfe0d5c,base
AW0MG225VXWCN,2,1,retest,1,action_follows,action_follows_target,moves,doesn't move,The book is on the table. Ali moves the table. The book BLANK.,bf93e811-9a49-58b7-b6dc-6a47ece87d9f,base
AW0MG225VXWCN,2,1,retest,1,action_nonfollows,action_nonfollows_target,close to,far from,The box is close to Ali. Ali throws the ball. The box is BLANK Ali.,27bc3da0-29e8-5aff-8cdc-aebfdecd2412,base
AW0MG225VXWCN,2,1,retest,1,egocentric_distant,egocentric_distant_target,left of,right of,Ali is facing away from Chicago. Ali turns left. Chicago is BLANK Ali.,9f9092b3-4ed3-5b54-92bb-a68e83301300,base
AW0MG225VXWCN,2,1,retest,0,state_nonfollows,state_nonfollows_context,cup,glass,The glass and the cup are on the table. Ali pushes the BLANK off the table. The glass doesn't break.,88e4c11a-0766-534e-843f-4d59c387d497,base
AW0MG225VXWCN,2,1,retest,1,egocentric_near,egocentric_near_target,right,left,The painting is to Ali's right. The painting is moved right. The painting is to Ali's BLANK.,ead989ef-2c5a-5676-a32c-f2f2055cae2d,base
AW0MG225VXWCN,2,1,retest,0,state_nonfollows,state_nonfollows_context,banana,ice cube,The ice cube and the banana are in the fridge. Ali takes the BLANK out of the fridge. The ice cube doesn't melt.,36c076db-ae0e-5966-819d-9d048054999d,base
AW0MG225VXWCN,2,1,retest,1,egocentric_near,egocentric_near_context,behind,in front of,The painting is BLANK Ali. Ali turns left. The painting is left of Ali.,8c63c6ea-38dc-5bb2-a95b-c1b63865bdaf,base
AW0MG225VXWCN,2,1,retest,1,action_nonfollows,action_nonfollows_target,floats,sinks,The box is floating in the water. Ali puts a tennis ball in the box. The box BLANK.,15a162c3-7638-5144-a4a3-f9a13b33f485,base
AW0MG225VXWCN,2,1,retest,1,egocentric_distant,egocentric_distant_target,in front of,behind,Ali is facing away from Chicago. Ali turns around. Chicago is BLANK Ali.,1710b645-2bb2-54c6-8ac1-62f03525d880,base
AW0MG225VXWCN,2,1,retest,1,egocentric_near,egocentric_near_context,right of,left of,The painting is BLANK Ali. Ali turns around. The painting is left of Ali.,a350fecf-cf01-5eef-a227-25028fad7f14,base
AW0MG225VXWCN,2,1,retest,1,state_nonfollows,state_nonfollows_target,dry,wet,The glass is on the table. Ali fills the glass halfway. The table is BLANK.,b8aeb728-ce96-53b4-a022-80902bd4ed2d,base
AW0MG225VXWCN,2,1,retest,1,action_nonfollows,action_nonfollows_target,behind the statue,in front of the statue,Ali is behind the statue. Ali turns around. Ali is BLANK.,527fdd15-db92-57e8-bc5c-09d9964e45b1,base
AW0MG225VXWCN,2,1,retest,1,action_nonfollows,action_nonfollows_context,in,outside,Ali is BLANK the wagon. Ali pulls on the wagon. The wagon doesn't move.,d68fd4fa-114f-58ff-922b-8ba73bc38c68,base
AW0MG225VXWCN,2,1,retest,1,egocentric_near,egocentric_near_target,behind,in front of,Ali is behind the painting. Ali turns around. Ali is BLANK the painting.,cb0d70bb-d9f6-5100-902d-21fd6221cecf,base
AW0MG225VXWCN,2,1,retest,1,action_follows,action_follows_context,behind,in front of,Ali is BLANK the wagon. Ali pushes on the wagon. The wagon moves.,40d46345-fe82-5f5a-82a0-f24d259674d7,base
AW0MG225VXWCN,2,1,retest,1,state_nonfollows,state_nonfollows_target,doesn't break,breaks,The glass is on the floor. Ali bumps the table. The glass BLANK.,2a5f6d9c-8b03-5fe5-8a19-87971947d204,base
AW0MG225VXWCN,2,1,retest,1,action_follows,action_follows_context,right,left,The seesaw is balanced. Ali tilts the BLANK side of the seesaw. The left side goes up.,9ce7fedd-cd4e-5e5e-8af4-7c87b269dcf9,base
AW0MG225VXWCN,2,1,retest,1,action_nonfollows,action_nonfollows_context,under,above,The ball is BLANK the box. Ali pushes the ball forward. The ball is under the box.,11b9c7f0-ecb6-5489-b941-2a3815cb66ce,base
AW0MG225VXWCN,2,1,retest,0,action_nonfollows,action_nonfollows_target,doesn't move,moves,The box is in the bin. Ali moves the box. The bin BLANK.,ba5435e7-cc12-557d-be71-b241947e2f6c,base
AW0MG225VXWCN,2,1,retest,1,action_nonfollows,action_nonfollows_context,under,above,The ball is BLANK the box. The ball moves right. The ball is lower than the box.,f7886140-c3a9-5bb0-9dc4-99612c3e3180,base
AW0MG225VXWCN,2,1,retest,0,egocentric_near,egocentric_near_target,right,left,The painting is to Ali's left. The painting is moved left. The painting is to Ali's BLANK.,77bdedf3-bae1-5250-9280-746344392bdd,base
AW0MG225VXWCN,2,1,retest,0,egocentric_distant,egocentric_distant_context,towards,away from,Ali is facing BLANK Chicago. Ali turns left. Chicago is right of Ali.,fe65df9a-14f6-5a27-8f01-1a0bed69b8e5,base
AW0MG225VXWCN,2,1,retest,1,egocentric_distant,egocentric_distant_context,in front of,behind,Chicago is BLANK Ali. Ali turns right. Chicago is left of Ali.,27c72cf7-5d80-526d-9ace-d6625063dfe0,base
AW0MG225VXWCN,2,1,retest,1,egocentric_distant,egocentric_distant_context,in front of,behind,Chicago is BLANK Ali. Ali turns right. Chicago is left of Ali.,27c72cf7-5d80-526d-9ace-d6625063dfe0,base
AW0MG225VXWCN,2,1,retest,1,egocentric_distant,egocentric_distant_context,left,right,Chicago is to Ali's BLANK. Ali turns left. Ali is facing towards Chicago.,29c5b0e8-2242-5aa6-ad05-0a8b33bc7aec,base
AW0MG225VXWCN,2,1,retest,1,egocentric_distant,egocentric_distant_context,left,right,Chicago is to Ali's BLANK. Ali turns left. Ali is facing towards Chicago.,29c5b0e8-2242-5aa6-ad05-0a8b33bc7aec,base
AW0MG225VXWCN,2,1,retest,1,egocentric_near,egocentric_near_target,left of,right of,The painting is behind Ali. Ali turns left. The painting is BLANK Ali.,2f6ac9c5-17f9-5a23-ab8d-9d0d3d3335c4,base
AW0MG225VXWCN,2,1,retest,1,egocentric_near,egocentric_near_target,left of,right of,The painting is behind Ali. Ali turns left. The painting is BLANK Ali.,2f6ac9c5-17f9-5a23-ab8d-9d0d3d3335c4,base
AW0MG225VXWCN,2,1,retest,1,action_follows,action_follows_context,top,bottom,The wagon is on the BLANK of the hill. Ali pushes the wagon. The wagon rolls.,96c0978e-4433-5d7f-b561-cee41daa8875,base
AW0MG225VXWCN,2,1,retest,1,action_follows,action_follows_context,top,bottom,The wagon is on the BLANK of the hill. Ali pushes the wagon. The wagon rolls.,96c0978e-4433-5d7f-b561-cee41daa8875,base
AW0MG225VXWCN,2,1,retest,1,egocentric_near,egocentric_near_context,behind,in front of,The painting is BLANK Ali. Ali turns right. The painting is right of Ali.,1916451f-868a-5f58-9e6c-6033ca77e634,base
AW0MG225VXWCN,2,1,retest,1,egocentric_near,egocentric_near_context,behind,in front of,The painting is BLANK Ali. Ali turns right. The painting is right of Ali.,1916451f-868a-5f58-9e6c-6033ca77e634,base
AW0MG225VXWCN,2,1,retest,1,action_nonfollows,action_nonfollows_target,close to,far from,The box is close to Ali. Ali throws the ball. The box is BLANK Ali.,27bc3da0-29e8-5aff-8cdc-aebfdecd2412,base
AW0MG225VXWCN,2,1,retest,1,action_nonfollows,action_nonfollows_target,close to,far from,The box is close to Ali. Ali throws the ball. The box is BLANK Ali.,27bc3da0-29e8-5aff-8cdc-aebfdecd2412,base
AW0MG225VXWCN,2,1,retest,0,state_nonfollows,state_nonfollows_context,cup,glass,The glass and the cup are on the table. Ali pushes the BLANK off the table. The glass doesn't break.,88e4c11a-0766-534e-843f-4d59c387d497,base
AW0MG225VXWCN,2,1,retest,0,state_nonfollows,state_nonfollows_context,cup,glass,The glass and the cup are on the table. Ali pushes the BLANK off the table. The glass doesn't break.,88e4c11a-0766-534e-843f-4d59c387d497,base
AW0MG225VXWCN,2,1,retest,0,state_nonfollows,state_nonfollows_context,banana,ice cube,The ice cube and the banana are in the fridge. Ali takes the BLANK out of the fridge. The ice cube doesn't melt.,36c076db-ae0e-5966-819d-9d048054999d,base
AW0MG225VXWCN,2,1,retest,0,state_nonfollows,state_nonfollows_context,banana,ice cube,The ice cube and the banana are in the fridge. Ali takes the BLANK out of the fridge. The ice cube doesn't melt.,36c076db-ae0e-5966-819d-9d048054999d,base
AW0MG225VXWCN,2,1,retest,1,action_nonfollows,action_nonfollows_target,floats,sinks,The box is floating in the water. Ali puts a tennis ball in the box. The box BLANK.,15a162c3-7638-5144-a4a3-f9a13b33f485,base
AW0MG225VXWCN,2,1,retest,1,action_nonfollows,action_nonfollows_target,floats,sinks,The box is floating in the water. Ali puts a tennis ball in the box. The box BLANK.,15a162c3-7638-5144-a4a3-f9a13b33f485,base
AW0MG225VXWCN,2,1,retest,1,egocentric_near,egocentric_near_context,right of,left of,The painting is BLANK Ali. Ali turns around. The painting is left of Ali.,a350fecf-cf01-5eef-a227-25028fad7f14,base
AW0MG225VXWCN,2,1,retest,1,egocentric_near,egocentric_near_context,right of,left of,The painting is BLANK Ali. Ali turns around. The painting is left of Ali.,a350fecf-cf01-5eef-a227-25028fad7f14,base
AW0MG225VXWCN,2,1,retest,1,action_nonfollows,action_nonfollows_target,behind the statue,in front of the statue,Ali is behind the statue. Ali turns around. Ali is BLANK.,527fdd15-db92-57e8-bc5c-09d9964e45b1,base
AW0MG225VXWCN,2,1,retest,1,action_nonfollows,action_nonfollows_target,behind the statue,in front of the statue,Ali is behind the statue. Ali turns around. Ali is BLANK.,527fdd15-db92-57e8-bc5c-09d9964e45b1,base
AW0MG225VXWCN,2,1,retest,1,state_nonfollows,state_nonfollows_target,doesn't break,breaks,The glass is on the floor. Ali bumps the table. The glass BLANK.,2a5f6d9c-8b03-5fe5-8a19-87971947d204,base
AW0MG225VXWCN,2,1,retest,1,state_nonfollows,state_nonfollows_target,doesn't break,breaks,The glass is on the floor. Ali bumps the table. The glass BLANK.,2a5f6d9c-8b03-5fe5-8a19-87971947d204,base
AW0MG225VXWCN,2,1,retest,1,action_nonfollows,action_nonfollows_context,under,above,The ball is BLANK the box. Ali pushes the ball forward. The ball is under the box.,11b9c7f0-ecb6-5489-b941-2a3815cb66ce,base
AW0MG225VXWCN,2,1,retest,1,action_nonfollows,action_nonfollows_context,under,above,The ball is BLANK the box. Ali pushes the ball forward. The ball is under the box.,11b9c7f0-ecb6-5489-b941-2a3815cb66ce,base
AW0MG225VXWCN,2,1,retest,1,action_nonfollows,action_nonfollows_target,doesn't move,moves,The box is in the bin. Ali moves the box. The bin BLANK.,ba5435e7-cc12-557d-be71-b241947e2f6c,base
AW0MG225VXWCN,2,1,retest,1,action_nonfollows,action_nonfollows_target,doesn't move,moves,The box is in the bin. Ali moves the box. The bin BLANK.,ba5435e7-cc12-557d-be71-b241947e2f6c,base
AW0MG225VXWCN,2,1,retest,0,egocentric_near,egocentric_near_target,right,left,The painting is to Ali's left. The painting is moved left. The painting is to Ali's BLANK.,77bdedf3-bae1-5250-9280-746344392bdd,base
AW0MG225VXWCN,2,1,retest,0,egocentric_near,egocentric_near_target,right,left,The painting is to Ali's left. The painting is moved left. The painting is to Ali's BLANK.,77bdedf3-bae1-5250-9280-746344392bdd,base
A14G89KUET2UJT,2,1,retest,1,egocentric_near,egocentric_near_context,right of,left of,The painting is BLANK Ali. Ali turns around. The painting is left of Ali.,a350fecf-cf01-5eef-a227-25028fad7f14,base
A14G89KUET2UJT,2,1,retest,0,egocentric_distant,egocentric_distant_target,left of,right of,Ali is facing away from Chicago. Ali turns left. Chicago is BLANK Ali.,9f9092b3-4ed3-5b54-92bb-a68e83301300,base
A14G89KUET2UJT,2,1,retest,1,action_nonfollows,action_nonfollows_context,in,outside,Ali is BLANK the wagon. Ali pulls on the wagon. The wagon doesn't move.,d68fd4fa-114f-58ff-922b-8ba73bc38c68,base
A14G89KUET2UJT,2,1,retest,1,state_nonfollows,state_nonfollows_context,cup,glass,The glass and the cup are on the table. Ali pushes the BLANK off the table. The glass doesn't break.,88e4c11a-0766-534e-843f-4d59c387d497,base
A14G89KUET2UJT,2,1,retest,1,action_follows,action_follows_context,behind,in front of,Ali is BLANK the wagon. Ali pushes on the wagon. The wagon moves.,40d46345-fe82-5f5a-82a0-f24d259674d7,base
A14G89KUET2UJT,2,1,retest,1,egocentric_distant,egocentric_distant_target,in front of,behind,Ali is facing away from Chicago. Ali turns around. Chicago is BLANK Ali.,1710b645-2bb2-54c6-8ac1-62f03525d880,base
A14G89KUET2UJT,2,1,retest,1,action_follows,action_follows_context,right,left,The seesaw is balanced. Ali tilts the BLANK side of the seesaw. The left side goes up.,9ce7fedd-cd4e-5e5e-8af4-7c87b269dcf9,base
A14G89KUET2UJT,2,1,retest,0,egocentric_near,egocentric_near_target,left of,right of,The painting is behind Ali. Ali turns left. The painting is BLANK Ali.,2f6ac9c5-17f9-5a23-ab8d-9d0d3d3335c4,base
A14G89KUET2UJT,2,1,retest,1,state_nonfollows,state_nonfollows_target,dry,wet,The glass is on the table. Ali fills the glass halfway. The table is BLANK.,b8aeb728-ce96-53b4-a022-80902bd4ed2d,base
A14G89KUET2UJT,2,1,retest,0,action_nonfollows,action_nonfollows_context,under,above,The ball is BLANK the box. The ball moves right. The ball is lower than the box.,f7886140-c3a9-5bb0-9dc4-99612c3e3180,base
A14G89KUET2UJT,2,1,retest,1,action_nonfollows,action_nonfollows_target,floats,sinks,The box is floating in the water. Ali puts a tennis ball in the box. The box BLANK.,15a162c3-7638-5144-a4a3-f9a13b33f485,base
A14G89KUET2UJT,2,1,retest,1,state_nonfollows,state_nonfollows_target,doesn't break,breaks,The glass is on the floor. Ali bumps the table. The glass BLANK.,2a5f6d9c-8b03-5fe5-8a19-87971947d204,base
A14G89KUET2UJT,2,1,retest,1,action_nonfollows,action_nonfollows_target,close to,far from,The box is close to Ali. Ali throws the ball. The box is BLANK Ali.,27bc3da0-29e8-5aff-8cdc-aebfdecd2412,base
A14G89KUET2UJT,2,1,retest,1,egocentric_distant,egocentric_distant_context,towards,away from,Ali is facing BLANK Chicago. Ali turns left. Chicago is right of Ali.,fe65df9a-14f6-5a27-8f01-1a0bed69b8e5,base
A14G89KUET2UJT,2,1,retest,0,action_nonfollows,action_nonfollows_target,behind the statue,in front of the statue,Ali is behind the statue. Ali turns around. Ali is BLANK.,527fdd15-db92-57e8-bc5c-09d9964e45b1,base
A14G89KUET2UJT,2,1,retest,1,egocentric_near,egocentric_near_target,right,left,The painting is to Ali's left. The painting is moved left. The painting is to Ali's BLANK.,77bdedf3-bae1-5250-9280-746344392bdd,base
A14G89KUET2UJT,2,1,retest,1,egocentric_near,egocentric_near_context,behind,in front of,Ali is BLANK painting. Ali turns around. Ali is behind the painting.,d91e34a1-58ec-5efe-bd1d-3da56dfe0d5c,base
A14G89KUET2UJT,2,1,retest,1,egocentric_distant,egocentric_distant_context,left,right,Chicago is to Ali's BLANK. Ali turns left. Ali is facing towards Chicago.,29c5b0e8-2242-5aa6-ad05-0a8b33bc7aec,base
A14G89KUET2UJT,2,1,retest,1,action_follows,action_follows_context,top,bottom,The wagon is on the BLANK of the hill. Ali pushes the wagon. The wagon rolls.,96c0978e-4433-5d7f-b561-cee41daa8875,base
A14G89KUET2UJT,2,1,retest,0,egocentric_distant,egocentric_distant_target,right of,left of,Chicago is behind Ali. Ali turns right. Chicago is BLANK Ali.,ecf1bbc5-92d2-5b77-9ebe-7090991e3b5d,base
A14G89KUET2UJT,2,1,retest,0,egocentric_near,egocentric_near_target,right,left,The painting is to Ali's right. The painting is moved right. The painting is to Ali's BLANK.,ead989ef-2c5a-5676-a32c-f2f2055cae2d,base
A14G89KUET2UJT,2,1,retest,1,egocentric_near,egocentric_near_context,behind,in front of,The painting is BLANK Ali. Ali turns left. The painting is left of Ali.,8c63c6ea-38dc-5bb2-a95b-c1b63865bdaf,base
A14G89KUET2UJT,2,1,retest,1,egocentric_distant,egocentric_distant_context,in front of,behind,Chicago is BLANK Ali. Ali turns right. Chicago is left of Ali.,27c72cf7-5d80-526d-9ace-d6625063dfe0,base
A14G89KUET2UJT,2,1,retest,0,egocentric_near,egocentric_near_context,behind,in front of,The painting is BLANK Ali. Ali turns right. The painting is right of Ali.,1916451f-868a-5f58-9e6c-6033ca77e634,base
A14G89KUET2UJT,2,1,retest,0,action_follows,action_follows_target,moves,doesn't move,The book is on the table. Ali moves the table. The book BLANK.,bf93e811-9a49-58b7-b6dc-6a47ece87d9f,base
A14G89KUET2UJT,2,1,retest,1,action_nonfollows,action_nonfollows_context,under,above,The ball is BLANK the box. Ali pushes the ball forward. The ball is under the box.,11b9c7f0-ecb6-5489-b941-2a3815cb66ce,base
A14G89KUET2UJT,2,1,retest,0,action_nonfollows,action_nonfollows_context,in front of the statue,behind the statue,Ali is BLANK. Ali turns around. Ali is in front of the statue.,7cfd7bad-4e38-507a-a6d8-243e8c667d1b,base
A14G89KUET2UJT,2,1,retest,0,action_nonfollows,action_nonfollows_target,doesn't move,moves,The box is in the bin. Ali moves the box. The bin BLANK.,ba5435e7-cc12-557d-be71-b241947e2f6c,base
A14G89KUET2UJT,2,1,retest,1,state_nonfollows,state_nonfollows_context,banana,ice cube,The ice cube and the banana are in the fridge. Ali takes the BLANK out of the fridge. The ice cube doesn't melt.,36c076db-ae0e-5966-819d-9d048054999d,base
A14G89KUET2UJT,2,1,retest,1,egocentric_near,egocentric_near_target,behind,in front of,Ali is behind the painting. Ali turns around. Ali is BLANK the painting.,cb0d70bb-d9f6-5100-902d-21fd6221cecf,base
A14G89KUET2UJT,2,1,retest,0,egocentric_near,egocentric_near_context,in front of,behind,The painting is BLANK of Ali. Ali turns left. The painting is right of Ali.,805deedd-d47e-54f8-b7e7-81318f8435b7,base
A14G89KUET2UJT,2,1,retest,0,action_nonfollows,action_nonfollows_target,doesn't move,moves,The ball is five feet from the box. Ali moves the box. The ball BLANK.,eae220a6-b112-595b-8808-41aaec2e4f3d,base
A14G89KUET2UJT,2,1,retest,0,egocentric_near,egocentric_near_context,right of,left of,The painting is BLANK Ali. Ali turns around. The painting is left of Ali.,a350fecf-cf01-5eef-a227-25028fad7f14,base
A14G89KUET2UJT,2,1,retest,0,egocentric_near,egocentric_near_context,right of,left of,The painting is BLANK Ali. Ali turns around. The painting is left of Ali.,a350fecf-cf01-5eef-a227-25028fad7f14,base
A14G89KUET2UJT,2,1,retest,0,egocentric_distant,egocentric_distant_target,left of,right of,Ali is facing away from Chicago. Ali turns left. Chicago is BLANK Ali.,9f9092b3-4ed3-5b54-92bb-a68e83301300,base
A14G89KUET2UJT,2,1,retest,0,egocentric_distant,egocentric_distant_target,left of,right of,Ali is facing away from Chicago. Ali turns left. Chicago is BLANK Ali.,9f9092b3-4ed3-5b54-92bb-a68e83301300,base
A14G89KUET2UJT,2,1,retest,0,state_nonfollows,state_nonfollows_context,cup,glass,The glass and the cup are on the table. Ali pushes the BLANK off the table. The glass doesn't break.,88e4c11a-0766-534e-843f-4d59c387d497,base
A14G89KUET2UJT,2,1,retest,0,state_nonfollows,state_nonfollows_context,cup,glass,The glass and the cup are on the table. Ali pushes the BLANK off the table. The glass doesn't break.,88e4c11a-0766-534e-843f-4d59c387d497,base
A14G89KUET2UJT,2,1,retest,1,action_follows,action_follows_context,behind,in front of,Ali is BLANK the wagon. Ali pushes on the wagon. The wagon moves.,40d46345-fe82-5f5a-82a0-f24d259674d7,base
A14G89KUET2UJT,2,1,retest,1,action_follows,action_follows_context,behind,in front of,Ali is BLANK the wagon. Ali pushes on the wagon. The wagon moves.,40d46345-fe82-5f5a-82a0-f24d259674d7,base
A14G89KUET2UJT,2,1,retest,1,egocentric_near,egocentric_near_target,left of,right of,The painting is behind Ali. Ali turns left. The painting is BLANK Ali.,2f6ac9c5-17f9-5a23-ab8d-9d0d3d3335c4,base
A14G89KUET2UJT,2,1,retest,1,egocentric_near,egocentric_near_target,left of,right of,The painting is behind Ali. Ali turns left. The painting is BLANK Ali.,2f6ac9c5-17f9-5a23-ab8d-9d0d3d3335c4,base
A14G89KUET2UJT,2,1,retest,1,state_nonfollows,state_nonfollows_target,dry,wet,The glass is on the table. Ali fills the glass halfway. The table is BLANK.,b8aeb728-ce96-53b4-a022-80902bd4ed2d,base
A14G89KUET2UJT,2,1,retest,1,state_nonfollows,state_nonfollows_target,dry,wet,The glass is on the table. Ali fills the glass halfway. The table is BLANK.,b8aeb728-ce96-53b4-a022-80902bd4ed2d,base
A14G89KUET2UJT,2,1,retest,1,action_nonfollows,action_nonfollows_context,under,above,The ball is BLANK the box. The ball moves right. The ball is lower than the box.,f7886140-c3a9-5bb0-9dc4-99612c3e3180,base
A14G89KUET2UJT,2,1,retest,1,action_nonfollows,action_nonfollows_context,under,above,The ball is BLANK the box. The ball moves right. The ball is lower than the box.,f7886140-c3a9-5bb0-9dc4-99612c3e3180,base
A14G89KUET2UJT,2,1,retest,0,action_nonfollows,action_nonfollows_target,floats,sinks,The box is floating in the water. Ali puts a tennis ball in the box. The box BLANK.,15a162c3-7638-5144-a4a3-f9a13b33f485,base
A14G89KUET2UJT,2,1,retest,0,action_nonfollows,action_nonfollows_target,floats,sinks,The box is floating in the water. Ali puts a tennis ball in the box. The box BLANK.,15a162c3-7638-5144-a4a3-f9a13b33f485,base
A14G89KUET2UJT,2,1,retest,1,action_nonfollows,action_nonfollows_target,close to,far from,The box is close to Ali. Ali throws the ball. The box is BLANK Ali.,27bc3da0-29e8-5aff-8cdc-aebfdecd2412,base
A14G89KUET2UJT,2,1,retest,1,action_nonfollows,action_nonfollows_target,close to,far from,The box is close to Ali. Ali throws the ball. The box is BLANK Ali.,27bc3da0-29e8-5aff-8cdc-aebfdecd2412,base
A14G89KUET2UJT,2,1,retest,0,action_nonfollows,action_nonfollows_target,behind the statue,in front of the statue,Ali is behind the statue. Ali turns around. Ali is BLANK.,527fdd15-db92-57e8-bc5c-09d9964e45b1,base
A14G89KUET2UJT,2,1,retest,0,action_nonfollows,action_nonfollows_target,behind the statue,in front of the statue,Ali is behind the statue. Ali turns around. Ali is BLANK.,527fdd15-db92-57e8-bc5c-09d9964e45b1,base
A14G89KUET2UJT,2,1,retest,1,egocentric_distant,egocentric_distant_target,right of,left of,Chicago is behind Ali. Ali turns right. Chicago is BLANK Ali.,ecf1bbc5-92d2-5b77-9ebe-7090991e3b5d,base
A14G89KUET2UJT,2,1,retest,1,egocentric_distant,egocentric_distant_target,right of,left of,Chicago is behind Ali. Ali turns right. Chicago is BLANK Ali.,ecf1bbc5-92d2-5b77-9ebe-7090991e3b5d,base
A14G89KUET2UJT,2,1,retest,1,egocentric_near,egocentric_near_target,right,left,The painting is to Ali's right. The painting is moved right. The painting is to Ali's BLANK.,ead989ef-2c5a-5676-a32c-f2f2055cae2d,base
A14G89KUET2UJT,2,1,retest,1,egocentric_near,egocentric_near_target,right,left,The painting is to Ali's right. The painting is moved right. The painting is to Ali's BLANK.,ead989ef-2c5a-5676-a32c-f2f2055cae2d,base
A14G89KUET2UJT,2,1,retest,0,egocentric_near,egocentric_near_context,behind,in front of,The painting is BLANK Ali. Ali turns left. The painting is left of Ali.,8c63c6ea-38dc-5bb2-a95b-c1b63865bdaf,base
A14G89KUET2UJT,2,1,retest,0,egocentric_near,egocentric_near_context,behind,in front of,The painting is BLANK Ali. Ali turns left. The painting is left of Ali.,8c63c6ea-38dc-5bb2-a95b-c1b63865bdaf,base
A14G89KUET2UJT,2,1,retest,1,egocentric_near,egocentric_near_context,behind,in front of,The painting is BLANK Ali. Ali turns right. The painting is right of Ali.,1916451f-868a-5f58-9e6c-6033ca77e634,base
A14G89KUET2UJT,2,1,retest,1,egocentric_near,egocentric_near_context,behind,in front of,The painting is BLANK Ali. Ali turns right. The painting is right of Ali.,1916451f-868a-5f58-9e6c-6033ca77e634,base
A14G89KUET2UJT,2,1,retest,1,action_follows,action_follows_target,moves,doesn't move,The book is on the table. Ali moves the table. The book BLANK.,bf93e811-9a49-58b7-b6dc-6a47ece87d9f,base
A14G89KUET2UJT,2,1,retest,1,action_follows,action_follows_target,moves,doesn't move,The book is on the table. Ali moves the table. The book BLANK.,bf93e811-9a49-58b7-b6dc-6a47ece87d9f,base
A14G89KUET2UJT,2,1,retest,0,action_nonfollows,action_nonfollows_context,in front of the statue,behind the statue,Ali is BLANK. Ali turns around. Ali is in front of the statue.,7cfd7bad-4e38-507a-a6d8-243e8c667d1b,base
A14G89KUET2UJT,2,1,retest,0,action_nonfollows,action_nonfollows_context,in front of the statue,behind the statue,Ali is BLANK. Ali turns around. Ali is in front of the statue.,7cfd7bad-4e38-507a-a6d8-243e8c667d1b,base
A14G89KUET2UJT,2,1,retest,1,action_nonfollows,action_nonfollows_target,doesn't move,moves,The box is in the bin. Ali moves the box. The bin BLANK.,ba5435e7-cc12-557d-be71-b241947e2f6c,base
A14G89KUET2UJT,2,1,retest,1,action_nonfollows,action_nonfollows_target,doesn't move,moves,The box is in the bin. Ali moves the box. The bin BLANK.,ba5435e7-cc12-557d-be71-b241947e2f6c,base
A14G89KUET2UJT,2,1,retest,0,egocentric_near,egocentric_near_context,in front of,behind,The painting is BLANK of Ali. Ali turns left. The painting is right of Ali.,805deedd-d47e-54f8-b7e7-81318f8435b7,base
A14G89KUET2UJT,2,1,retest,0,egocentric_near,egocentric_near_context,in front of,behind,The painting is BLANK of Ali. Ali turns left. The painting is right of Ali.,805deedd-d47e-54f8-b7e7-81318f8435b7,base
A14G89KUET2UJT,2,1,retest,1,action_nonfollows,action_nonfollows_target,doesn't move,moves,The ball is five feet from the box. Ali moves the box. The ball BLANK.,eae220a6-b112-595b-8808-41aaec2e4f3d,base
A14G89KUET2UJT,2,1,retest,1,action_nonfollows,action_nonfollows_target,doesn't move,moves,The ball is five feet from the box. Ali moves the box. The ball BLANK.,eae220a6-b112-595b-8808-41aaec2e4f3d,base
A197MUL3JD1NII,2,7,retest,1,two_refs_egocentric,two_refs_egocentric_target,closer to,further from,Mark is behind Ali. Mark walks fowards. Mark is getting BLANK Ali.,95034e79-b705-587b-9cd2-41aa02e2609b,base
A197MUL3JD1NII,2,7,retest,1,relative_pos,relative_pos_target,closer to,further from,Ali is holding the tennis ball and the ping pong ball is on the floor. Ali picks up the ping pong ball. The ping pong ball is BLANK the tennis ball.,af77a546-4fb5-5490-b4db-cac9fd597078,base
A197MUL3JD1NII,2,7,retest,0,two_refs_egocentric,two_refs_egocentric_context,behind,in front of,Mark is BLANK Ali. Mark walks backwards. Mark is getting further from Ali.,ecf7b885-f68f-5217-ad5e-060cd2931386,base
A197MUL3JD1NII,2,7,retest,0,relative_pos,relative_pos_context,drops,picks up,Ali is holding the tennis ball and the ping pong ball is on the floor. Ali BLANK the ping pong ball. The ping pong ball is closer to the tennis ball.,e9045eb2-8977-5b55-a497-b208a72d84e3,base
A197MUL3JD1NII,2,7,retest,1,relative_pos,relative_pos_context,box inside the ball,ball inside the box,The box is next to the ball. Ali puts the BLANK. the ball is larger than the box.,d0f6e14f-c11f-5129-a06d-757d2ef1f3e0,base
A197MUL3JD1NII,2,7,retest,1,two_refs_egocentric,two_refs_egocentric_target,away from,towards,Mark is to the left of Ali. Mark looks to his left and Ali looks to his right. Ali is facing BLANK Mark.,d2172169-bc46-53a4-b15d-1427bee617a3,base
A197MUL3JD1NII,2,7,retest,0,two_refs_egocentric,two_refs_egocentric_target,away from,towards,Mark and Ali are both facing left. Ali turns to his right. Ali is facing BLANK Mark.,b95f9817-6f0f-52e4-917e-5e53b7e08502,base
A197MUL3JD1NII,2,7,retest,0,two_refs_egocentric,two_refs_egocentric_context,left of,right of,Mark is to the BLANK Ali. Mark looks to his left and Ali looks to his left. Ali is facing towards Mark.,32e2f418-ea5f-51a7-b0a7-31dc7b546d0d,base
A197MUL3JD1NII,2,7,retest,1,relative_pos,relative_pos_target,larger than,smaller than,The box is next to the ball. Ali puts the box inside the ball. the ball is BLANK the box.,e9cd54e4-b0c0-5fb6-b31f-9d48dd2f95be,base
A197MUL3JD1NII,2,7,retest,0,two_refs_egocentric,two_refs_egocentric_context,away from,towards,Mark and Ali are facing BLANK eachother. Mark turns around. Ali is facing away from Mark.,7639e22f-157b-54af-bc89-d24f4f594fbc,base
A197MUL3JD1NII,2,7,retest,0,two_refs_egocentric,two_refs_egocentric_target,away,towards,Mark is facing away from Ali. Ali turns around. Mark is facing BLANK Ali.,b76b8738-c1c0-51f3-a9d3-afd39d7b27de,base
A197MUL3JD1NII,2,7,retest,1,two_refs_egocentric,two_refs_egocentric_target,towards,away from,Mark is facing right and Ali is facing left. Mark turns to his left. Mark is facing BLANK Ali.,fd16ce5b-b6ff-590c-8c7d-97dea24f49f2,base
A197MUL3JD1NII,2,7,retest,0,two_refs_egocentric,two_refs_egocentric_context,away from,towards,Mark is facing BLANK Ali. Ali turns around. Mark is facing away Ali.,895de9d1-e0d1-5c72-8735-26632183eb17,base
A197MUL3JD1NII,2,7,retest,1,two_refs_egocentric,two_refs_egocentric_context,right,left,Mark is facing BLANK and Ali is facing left. Mark turns to his left. Mark is facing towards Ali.,7de47fb4-c4b1-5b47-be35-ade455a74837,base
A197MUL3JD1NII,2,7,retest,1,two_refs_egocentric,two_refs_egocentric_context,behind,in front of,Mark is BLANK Ali. Mark walks forwards. Mark is getting closer to Ali.,c2e3cc6a-24a4-5d9e-9c86-9aa843019959,base
A197MUL3JD1NII,2,7,retest,1,two_refs_egocentric,two_refs_egocentric_target,further from,closer to,Mark is in front of Ali. Mark walks forwards. Mark is getting BLANK Ali.,2829a666-eb26-5378-b0eb-cfd72cc8b03f,base
A197MUL3JD1NII,2,7,retest,0,two_refs_egocentric,two_refs_egocentric_target,away from,towards,Mark and Ali are facing away from eachother. Mark turns around. Ali is facing BLANK Mark.,be5f74e8-5413-5aa2-97f3-17a48d7c1398,base
A197MUL3JD1NII,2,7,retest,0,relative_pos,relative_pos_context,touching,far from,The tennis ball is BLANK the bowling ball. Ali rolls the bowling ball. The bowling ball is further from the tennis ball.,4da6b0a2-fbd8-5d77-8b6a-05110a23606c,base
A197MUL3JD1NII,2,7,retest,1,two_refs_egocentric,two_refs_egocentric_context,right,left,Mark and Ali are both facing BLANK. Ali turns to his left. Ali is facing away from Mark.,6b81874a-94f4-52ac-8699-24e6582fc7e8,base
A197MUL3JD1NII,2,7,retest,0,two_refs_egocentric,two_refs_egocentric_context,left,right,Mark and Ali are both facing BLANK. Ali turns to his right. Ali is facing away from Mark.,e558cc86-f7fb-53e8-a6d0-b663f3736066,base
A197MUL3JD1NII,2,7,retest,0,two_refs_egocentric,two_refs_egocentric_context,right,left,Ali is to Mark's BLANK. Ali turns around. Ali is to Mark's right.,3d9a8209-4859-5626-ae60-7106a591cf7d,base
A197MUL3JD1NII,2,7,retest,1,relative_pos,relative_pos_context,drops,picks up,Ali is holding the tennis ball and the ping pong ball. Ali BLANK the ping pong ball. The ping pong ball is further from the tennis ball.,e0a90fc5-4ebc-567a-bbc8-8bd5d3b008ec,base
A197MUL3JD1NII,2,7,retest,0,two_refs_egocentric,two_refs_egocentric_context,right of,left of,Ali is to the BLANK Mark. Mark looks to his right. Mark see Ali.,162a2775-ee11-5113-88b7-2c0428ec9880,base
A197MUL3JD1NII,2,7,retest,1,two_refs_egocentric,two_refs_egocentric_target,away,towards,Ali is facing towards Mark. Ali turns around. Ali is facing BLANK Mark.,03aa1fc7-369b-5dbc-a94e-7d6f36d60ff7,base
A197MUL3JD1NII,2,7,retest,1,relative_pos,relative_pos_context,desk on the box,box on the desk,The box is next to the desk. Ali stacks the BLANK. The box is below the desk.,c2788238-3365-5292-9d47-fe45ebf9d292,base
A197MUL3JD1NII,2,7,retest,0,two_refs_egocentric,two_refs_egocentric_target,away from,towards,Mark and Ali are both facing right. Ali turns to his left. Ali is facing BLANK Mark.,313894db-d76b-5163-8db3-6e5c4869a7c2,base
A197MUL3JD1NII,2,7,retest,0,two_refs_egocentric,two_refs_egocentric_target,towards,away from,Mark is to the left of Ali. Mark looks to his left and Ali looks to his left. Ali is facing BLANK Mark.,3b349749-0956-5093-b528-ea281f998710,base
A197MUL3JD1NII,2,7,retest,1,relative_pos,relative_pos_target,lower than,higher than,The ball and the box are on top of the ramp. The ball rolls down the ramp. The ball is BLANK the box.,43ee992d-ffc4-5dbd-9aa3-d6017f8b92d1,base
A197MUL3JD1NII,2,7,retest,0,two_refs_egocentric,two_refs_egocentric_context,right of,left of,Ali is to the BLANK Mark. Mark looks to his left and Ali looks to his right. Ali is facing away from Mark.,5042a6f6-7c11-5467-85b5-0ab828d3c5d1,base
A197MUL3JD1NII,2,7,retest,1,two_refs_egocentric,two_refs_egocentric_context,right,left,Ali is to Mark's BLANK. Mark turns around. Ali is to Mark's left.,0d41b0d1-a40c-52ae-8a94-0328e70ebb21,base
A197MUL3JD1NII,2,7,retest,1,two_refs_egocentric,two_refs_egocentric_context,Mark,Ali,Ali and Mark are facing eachother. BLANK turns around. Ali is facing towards Mark.,554eecfd-5f36-53a1-a69b-9db494809329,base
A197MUL3JD1NII,2,7,retest,0,two_refs_egocentric,two_refs_egocentric_target,right,left,Ali is to Mark's right. Ali turns around. Ali is to Mark's BLANK.,fb50aa4f-e1a5-5502-b6c5-af9ac29e973f,base
A197MUL3JD1NII,2,7,retest,1,two_refs_egocentric,two_refs_egocentric_target,further from,closer to,Mark is behind Ali. Mark walks backwards. Mark is getting BLANK Ali.,48bff914-3c65-5b87-a359-0a1184e0384a,base
A197MUL3JD1NII,2,7,retest,1,relative_pos,relative_pos_target,below,above,The box is next to the desk. Ali stacks the desk on the box. The box is BLANK the desk.,8aeff28e-26ae-521e-82a2-2e601a18054c,base
A197MUL3JD1NII,2,7,retest,0,two_refs_egocentric,two_refs_egocentric_target,towards,away from,Ali and Mark are facing eachother. Mark turns around. Ali is facing BLANK Mark.,0f27ed08-ff9a-593c-a9d7-a3c11c3fa063,base
A197MUL3JD1NII,2,7,retest,1,relative_pos,relative_pos_target,not touching,touching,The ball is inside the box. Ali picks up the ball. The ball is BLANK the box.,5a02c0af-7a58-5836-894b-de2e4b5c22df,base
A197MUL3JD1NII,2,7,retest,0,two_refs_egocentric,two_refs_egocentric_target,away from,towards,Ali is to the right of Mark. Mark looks to his left and Ali looks to his right. Ali is facing BLANK Mark.,55e95efb-f247-5bea-8540-4b6bee6c11de,base
A197MUL3JD1NII,2,7,retest,1,two_refs_egocentric,two_refs_egocentric_context,away from,towards,Ali is facing BLANK Mark. Ali turns around. Ali is facing towards Mark.,449d83b2-712b-5aac-8c22-00d1bb07b0f7,base
A197MUL3JD1NII,2,7,retest,1,relative_pos,relative_pos_target,higher than,lower than,The ball and the box are on the table. Ali picks up the ball. The ball is BLANK the box.,86bdb97e-1aa8-54ef-91f1-a041c3184f9e,base
A197MUL3JD1NII,2,7,retest,1,two_refs_egocentric,two_refs_egocentric_target,can't see,sees,Ali is to the right of Mark. Mark looks to his left. Mark BLANK Ali.,fbf592f6-8ba1-5c3c-9621-b9b115f14b45,base
A197MUL3JD1NII,2,7,retest,1,two_refs_egocentric,two_refs_egocentric_context,in front of,behind,Mark is BLANK Ali. Mark walks forwards. Mark is getting further from Ali.,65c476d8-7b46-50ad-9fa1-ba59c9300205,base
A197MUL3JD1NII,2,7,retest,1,relative_pos,relative_pos_target,touching,not touching,The box is next to the ball. Ali puts the ball inside the box. The ball is BLANK the box.,8b324b61-eae2-5fb9-a533-4edc94fc8959,base
A197MUL3JD1NII,2,7,retest,1,two_refs_egocentric,two_refs_egocentric_context,towards,away from,Ali is facing BLANK Mark. Ali turns around. Ali is facing away from Mark.,f4266518-1793-5186-bc8d-ae526e9a43f9,base
A197MUL3JD1NII,2,7,retest,1,two_refs_egocentric,two_refs_egocentric_target,left,right,Ali is to Mark's right. Mark turns around. Ali is to Mark's BLANK.,2206d693-156b-580d-a926-7c9dd845f0df,base
A197MUL3JD1NII,2,7,retest,0,two_refs_egocentric,two_refs_egocentric_context,behind,in front of,Mark is BLANK Ali. Mark walks backwards. Mark is getting further from Ali.,ecf7b885-f68f-5217-ad5e-060cd2931386,base
A197MUL3JD1NII,2,7,retest,0,two_refs_egocentric,two_refs_egocentric_context,behind,in front of,Mark is BLANK Ali. Mark walks backwards. Mark is getting further from Ali.,ecf7b885-f68f-5217-ad5e-060cd2931386,base
A197MUL3JD1NII,2,7,retest,0,relative_pos,relative_pos_context,drops,picks up,Ali is holding the tennis ball and the ping pong ball is on the floor. Ali BLANK the ping pong ball. The ping pong ball is closer to the tennis ball.,e9045eb2-8977-5b55-a497-b208a72d84e3,base
A197MUL3JD1NII,2,7,retest,0,relative_pos,relative_pos_context,drops,picks up,Ali is holding the tennis ball and the ping pong ball is on the floor. Ali BLANK the ping pong ball. The ping pong ball is closer to the tennis ball.,e9045eb2-8977-5b55-a497-b208a72d84e3,base
A197MUL3JD1NII,2,7,retest,1,relative_pos,relative_pos_context,box inside the ball,ball inside the box,The box is next to the ball. Ali puts the BLANK. the ball is larger than the box.,d0f6e14f-c11f-5129-a06d-757d2ef1f3e0,base
A197MUL3JD1NII,2,7,retest,1,relative_pos,relative_pos_context,box inside the ball,ball inside the box,The box is next to the ball. Ali puts the BLANK. the ball is larger than the box.,d0f6e14f-c11f-5129-a06d-757d2ef1f3e0,base
A197MUL3JD1NII,2,7,retest,0,two_refs_egocentric,two_refs_egocentric_target,away from,towards,Mark is to the left of Ali. Mark looks to his left and Ali looks to his right. Ali is facing BLANK Mark.,d2172169-bc46-53a4-b15d-1427bee617a3,base
A197MUL3JD1NII,2,7,retest,0,two_refs_egocentric,two_refs_egocentric_target,away from,towards,Mark is to the left of Ali. Mark looks to his left and Ali looks to his right. Ali is facing BLANK Mark.,d2172169-bc46-53a4-b15d-1427bee617a3,base
A197MUL3JD1NII,2,7,retest,0,two_refs_egocentric,two_refs_egocentric_target,away from,towards,Mark and Ali are both facing left. Ali turns to his right. Ali is facing BLANK Mark.,b95f9817-6f0f-52e4-917e-5e53b7e08502,base
A197MUL3JD1NII,2,7,retest,0,two_refs_egocentric,two_refs_egocentric_target,away from,towards,Mark and Ali are both facing left. Ali turns to his right. Ali is facing BLANK Mark.,b95f9817-6f0f-52e4-917e-5e53b7e08502,base
A197MUL3JD1NII,2,7,retest,0,two_refs_egocentric,two_refs_egocentric_context,left of,right of,Mark is to the BLANK Ali. Mark looks to his left and Ali looks to his left. Ali is facing towards Mark.,32e2f418-ea5f-51a7-b0a7-31dc7b546d0d,base
A197MUL3JD1NII,2,7,retest,0,two_refs_egocentric,two_refs_egocentric_context,left of,right of,Mark is to the BLANK Ali. Mark looks to his left and Ali looks to his left. Ali is facing towards Mark.,32e2f418-ea5f-51a7-b0a7-31dc7b546d0d,base
A197MUL3JD1NII,2,7,retest,1,relative_pos,relative_pos_target,larger than,smaller than,The box is next to the ball. Ali puts the box inside the ball. the ball is BLANK the box.,e9cd54e4-b0c0-5fb6-b31f-9d48dd2f95be,base
A197MUL3JD1NII,2,7,retest,1,relative_pos,relative_pos_target,larger than,smaller than,The box is next to the ball. Ali puts the box inside the ball. the ball is BLANK the box.,e9cd54e4-b0c0-5fb6-b31f-9d48dd2f95be,base
A197MUL3JD1NII,2,7,retest,0,two_refs_egocentric,two_refs_egocentric_context,away from,towards,Mark and Ali are facing BLANK eachother. Mark turns around. Ali is facing away from Mark.,7639e22f-157b-54af-bc89-d24f4f594fbc,base
A197MUL3JD1NII,2,7,retest,0,two_refs_egocentric,two_refs_egocentric_context,away from,towards,Mark and Ali are facing BLANK eachother. Mark turns around. Ali is facing away from Mark.,7639e22f-157b-54af-bc89-d24f4f594fbc,base
A197MUL3JD1NII,2,7,retest,1,two_refs_egocentric,two_refs_egocentric_target,away,towards,Mark is facing away from Ali. Ali turns around. Mark is facing BLANK Ali.,b76b8738-c1c0-51f3-a9d3-afd39d7b27de,base
A197MUL3JD1NII,2,7,retest,1,two_refs_egocentric,two_refs_egocentric_target,away,towards,Mark is facing away from Ali. Ali turns around. Mark is facing BLANK Ali.,b76b8738-c1c0-51f3-a9d3-afd39d7b27de,base
A197MUL3JD1NII,2,7,retest,1,two_refs_egocentric,two_refs_egocentric_target,towards,away from,Mark is facing right and Ali is facing left. Mark turns to his left. Mark is facing BLANK Ali.,fd16ce5b-b6ff-590c-8c7d-97dea24f49f2,base
A197MUL3JD1NII,2,7,retest,1,two_refs_egocentric,two_refs_egocentric_target,towards,away from,Mark is facing right and Ali is facing left. Mark turns to his left. Mark is facing BLANK Ali.,fd16ce5b-b6ff-590c-8c7d-97dea24f49f2,base
A197MUL3JD1NII,2,7,retest,0,two_refs_egocentric,two_refs_egocentric_context,away from,towards,Mark is facing BLANK Ali. Ali turns around. Mark is facing away Ali.,895de9d1-e0d1-5c72-8735-26632183eb17,base
A197MUL3JD1NII,2,7,retest,0,two_refs_egocentric,two_refs_egocentric_context,away from,towards,Mark is facing BLANK Ali. Ali turns around. Mark is facing away Ali.,895de9d1-e0d1-5c72-8735-26632183eb17,base
A197MUL3JD1NII,2,7,retest,0,two_refs_egocentric,two_refs_egocentric_target,away from,towards,Mark and Ali are facing away from eachother. Mark turns around. Ali is facing BLANK Mark.,be5f74e8-5413-5aa2-97f3-17a48d7c1398,base
A197MUL3JD1NII,2,7,retest,0,two_refs_egocentric,two_refs_egocentric_target,away from,towards,Mark and Ali are facing away from eachother. Mark turns around. Ali is facing BLANK Mark.,be5f74e8-5413-5aa2-97f3-17a48d7c1398,base
A197MUL3JD1NII,2,7,retest,0,relative_pos,relative_pos_context,touching,far from,The tennis ball is BLANK the bowling ball. Ali rolls the bowling ball. The bowling ball is further from the tennis ball.,4da6b0a2-fbd8-5d77-8b6a-05110a23606c,base
A197MUL3JD1NII,2,7,retest,0,relative_pos,relative_pos_context,touching,far from,The tennis ball is BLANK the bowling ball. Ali rolls the bowling ball. The bowling ball is further from the tennis ball.,4da6b0a2-fbd8-5d77-8b6a-05110a23606c,base
A197MUL3JD1NII,2,7,retest,0,two_refs_egocentric,two_refs_egocentric_context,left,right,Mark and Ali are both facing BLANK. Ali turns to his right. Ali is facing away from Mark.,e558cc86-f7fb-53e8-a6d0-b663f3736066,base
A197MUL3JD1NII,2,7,retest,0,two_refs_egocentric,two_refs_egocentric_context,left,right,Mark and Ali are both facing BLANK. Ali turns to his right. Ali is facing away from Mark.,e558cc86-f7fb-53e8-a6d0-b663f3736066,base
A197MUL3JD1NII,2,7,retest,0,two_refs_egocentric,two_refs_egocentric_context,right,left,Ali is to Mark's BLANK. Ali turns around. Ali is to Mark's right.,3d9a8209-4859-5626-ae60-7106a591cf7d,base
A197MUL3JD1NII,2,7,retest,0,two_refs_egocentric,two_refs_egocentric_context,right,left,Ali is to Mark's BLANK. Ali turns around. Ali is to Mark's right.,3d9a8209-4859-5626-ae60-7106a591cf7d,base
A197MUL3JD1NII,2,7,retest,0,two_refs_egocentric,two_refs_egocentric_context,right of,left of,Ali is to the BLANK Mark. Mark looks to his right. Mark see Ali.,162a2775-ee11-5113-88b7-2c0428ec9880,base
A197MUL3JD1NII,2,7,retest,0,two_refs_egocentric,two_refs_egocentric_context,right of,left of,Ali is to the BLANK Mark. Mark looks to his right. Mark see Ali.,162a2775-ee11-5113-88b7-2c0428ec9880,base
A197MUL3JD1NII,2,7,retest,0,two_refs_egocentric,two_refs_egocentric_target,away from,towards,Mark and Ali are both facing right. Ali turns to his left. Ali is facing BLANK Mark.,313894db-d76b-5163-8db3-6e5c4869a7c2,base
A197MUL3JD1NII,2,7,retest,0,two_refs_egocentric,two_refs_egocentric_target,away from,towards,Mark and Ali are both facing right. Ali turns to his left. Ali is facing BLANK Mark.,313894db-d76b-5163-8db3-6e5c4869a7c2,base
A197MUL3JD1NII,2,7,retest,0,two_refs_egocentric,two_refs_egocentric_target,towards,away from,Mark is to the left of Ali. Mark looks to his left and Ali looks to his left. Ali is facing BLANK Mark.,3b349749-0956-5093-b528-ea281f998710,base
A197MUL3JD1NII,2,7,retest,0,two_refs_egocentric,two_refs_egocentric_target,towards,away from,Mark is to the left of Ali. Mark looks to his left and Ali looks to his left. Ali is facing BLANK Mark.,3b349749-0956-5093-b528-ea281f998710,base
A197MUL3JD1NII,2,7,retest,1,relative_pos,relative_pos_target,lower than,higher than,The ball and the box are on top of the ramp. The ball rolls down the ramp. The ball is BLANK the box.,43ee992d-ffc4-5dbd-9aa3-d6017f8b92d1,base
A197MUL3JD1NII,2,7,retest,1,relative_pos,relative_pos_target,lower than,higher than,The ball and the box are on top of the ramp. The ball rolls down the ramp. The ball is BLANK the box.,43ee992d-ffc4-5dbd-9aa3-d6017f8b92d1,base
A197MUL3JD1NII,2,7,retest,1,two_refs_egocentric,two_refs_egocentric_context,right of,left of,Ali is to the BLANK Mark. Mark looks to his left and Ali looks to his right. Ali is facing away from Mark.,5042a6f6-7c11-5467-85b5-0ab828d3c5d1,base
A197MUL3JD1NII,2,7,retest,1,two_refs_egocentric,two_refs_egocentric_context,right of,left of,Ali is to the BLANK Mark. Mark looks to his left and Ali looks to his right. Ali is facing away from Mark.,5042a6f6-7c11-5467-85b5-0ab828d3c5d1,base
A197MUL3JD1NII,2,7,retest,0,two_refs_egocentric,two_refs_egocentric_target,right,left,Ali is to Mark's right. Ali turns around. Ali is to Mark's BLANK.,fb50aa4f-e1a5-5502-b6c5-af9ac29e973f,base
A197MUL3JD1NII,2,7,retest,0,two_refs_egocentric,two_refs_egocentric_target,right,left,Ali is to Mark's right. Ali turns around. Ali is to Mark's BLANK.,fb50aa4f-e1a5-5502-b6c5-af9ac29e973f,base
A197MUL3JD1NII,2,7,retest,0,two_refs_egocentric,two_refs_egocentric_target,towards,away from,Ali and Mark are facing eachother. Mark turns around. Ali is facing BLANK Mark.,0f27ed08-ff9a-593c-a9d7-a3c11c3fa063,base
A197MUL3JD1NII,2,7,retest,0,two_refs_egocentric,two_refs_egocentric_target,towards,away from,Ali and Mark are facing eachother. Mark turns around. Ali is facing BLANK Mark.,0f27ed08-ff9a-593c-a9d7-a3c11c3fa063,base
A197MUL3JD1NII,2,7,retest,1,two_refs_egocentric,two_refs_egocentric_target,away from,towards,Ali is to the right of Mark. Mark looks to his left and Ali looks to his right. Ali is facing BLANK Mark.,55e95efb-f247-5bea-8540-4b6bee6c11de,base
A197MUL3JD1NII,2,7,retest,1,two_refs_egocentric,two_refs_egocentric_target,away from,towards,Ali is to the right of Mark. Mark looks to his left and Ali looks to his right. Ali is facing BLANK Mark.,55e95efb-f247-5bea-8540-4b6bee6c11de,base
A197MUL3JD1NII,2,7,retest,1,two_refs_egocentric,two_refs_egocentric_context,away from,towards,Ali is facing BLANK Mark. Ali turns around. Ali is facing towards Mark.,449d83b2-712b-5aac-8c22-00d1bb07b0f7,base
A197MUL3JD1NII,2,7,retest,1,two_refs_egocentric,two_refs_egocentric_context,away from,towards,Ali is facing BLANK Mark. Ali turns around. Ali is facing towards Mark.,449d83b2-712b-5aac-8c22-00d1bb07b0f7,base
A197MUL3JD1NII,2,7,retest,1,two_refs_egocentric,two_refs_egocentric_target,can't see,sees,Ali is to the right of Mark. Mark looks to his left. Mark BLANK Ali.,fbf592f6-8ba1-5c3c-9621-b9b115f14b45,base
A197MUL3JD1NII,2,7,retest,1,two_refs_egocentric,two_refs_egocentric_target,can't see,sees,Ali is to the right of Mark. Mark looks to his left. Mark BLANK Ali.,fbf592f6-8ba1-5c3c-9621-b9b115f14b45,base
A197MUL3JD1NII,2,7,retest,0,two_refs_egocentric,two_refs_egocentric_context,in front of,behind,Mark is BLANK Ali. Mark walks forwards. Mark is getting further from Ali.,65c476d8-7b46-50ad-9fa1-ba59c9300205,base
A197MUL3JD1NII,2,7,retest,0,two_refs_egocentric,two_refs_egocentric_context,in front of,behind,Mark is BLANK Ali. Mark walks forwards. Mark is getting further from Ali.,65c476d8-7b46-50ad-9fa1-ba59c9300205,base
A1F8MH33EFT5VQ,2,5,retest,0,geocentric_distant,geocentric_distant_context,East,West,Ali is BLANK of Milwaukee. Ali walks West. Ali is getting closer to Milwaukee.,ecba7770-0edf-5558-834c-89382aa91d3c,base
A1F8MH33EFT5VQ,2,5,retest,0,geocentric_near,geocentric_near_context,West of,North of,The painting is BLANK Ali. Ali turns right. The painting is West of Ali.,df69c89a-abfd-5c88-b5fa-7baaa5a6d4de,base
A1F8MH33EFT5VQ,2,5,retest,0,geocentric_near,geocentric_near_context,East of,North of,The painting is BLANK Ali. Ali turns left. The painting is East of Ali.,6739b82c-779d-5d65-91f9-d9be398a0575,base
A1F8MH33EFT5VQ,2,5,retest,1,geocentric_near,geocentric_near_context,South of,North of,The box is BLANK Ali. Ali turns around. The box is South of Ali.,c571fc7a-710d-59d5-a140-4564ef29503a,base
A1F8MH33EFT5VQ,2,5,retest,1,geocentric_near,geocentric_near_target,East of,South of,The statue is East of Ali. Ali walks North. The statue is BLANK of Ali.,84f02edd-6bd8-5f19-8279-4ada591a8a0b,base
A1F8MH33EFT5VQ,2,5,retest,1,geocentric_near,geocentric_near_target,West of,North of,The painting is West of Ali. Ali turns right. The painting is BLANK Ali.,9d469069-c214-567d-a48d-359883082244,base
A1F8MH33EFT5VQ,2,5,retest,1,geocentric_near,geocentric_near_target,West of,East of,The painting is West of Ali. Ali turns around. The painting is BLANK Ali.,f40523d5-45d1-5f96-b162-ae6520bf7202,base
A1F8MH33EFT5VQ,2,5,retest,1,geocentric_distant,geocentric_distant_target,closer to,further from,Ali is South of Milwaukee. Ali walks North. Ali is getting BLANK Milwaukee.,21a31cff-69cd-5fb6-aa15-b02b298e738a,base
A1F8MH33EFT5VQ,2,5,retest,0,geocentric_near,geocentric_near_target,South,North,Mark is facing East. Mark turns 90 degrees to his right. Mark is facing BLANK.,815c9fc1-43f2-5386-90fa-6c0db0268448,base
A1F8MH33EFT5VQ,2,5,retest,0,geocentric_distant,geocentric_distant_context,West of,South of,Milwaukee is BLANK Ali. Ali turns left. Milwaukee is West of Ali.,aeefbdde-433a-5ea8-93fd-c5b5c1788a6e,base
A1F8MH33EFT5VQ,2,5,retest,1,geocentric_near,geocentric_near_target,South of,West of,The painting is South of Ali. Ali turns right. The painting is BLANK Ali.,210a7a1b-215f-574d-96be-bb4575d7df97,base
A1F8MH33EFT5VQ,2,5,retest,1,geocentric_distant,geocentric_distant_target,further from,closer to,Ali is East of Milwaukee. Ali walks East. Ali is getting BLANK Milwaukee.,322374e3-84ec-5bc6-9a25-6ed40685fec2,base
A1F8MH33EFT5VQ,2,5,retest,1,geocentric_distant,geocentric_distant_context,North of,West of,Milwaukee is BLANK Ali. Ali turns left. Milwaukee is North of Ali.,77cc2803-02b1-54af-a10d-fb663433d4ec,base
A1F8MH33EFT5VQ,2,5,retest,1,geocentric_distant,geocentric_distant_context,South,North,Ali is BLANK of Milwaukee. Ali walks North. Ali is getting closer to Milwaukee.,10ca4a05-1305-559c-8e2c-dfbf1794f86d,base
A1F8MH33EFT5VQ,2,5,retest,1,geocentric_near,geocentric_near_context,North of,South of,The box is BLANK Ali. Ali turns around. The box is North of Ali.,cdb36630-3e0a-5c82-9cdf-40f72ff02544,base
A1F8MH33EFT5VQ,2,5,retest,1,geocentric_near,geocentric_near_context,South of,North of,The painting is BLANK Ali. Ali turns around. The painting is South of Ali.,57cc77e0-a299-5a13-85a3-20664a0f6ef1,base
A1F8MH33EFT5VQ,2,5,retest,1,geocentric_distant,geocentric_distant_target,North of,West of,Milwaukee is North of Ali. Ali turns left. Milwaukee is BLANK Ali.,4ec6ce58-d4e5-5258-9721-9abd60a41155,base
A1F8MH33EFT5VQ,2,5,retest,0,geocentric_distant,geocentric_distant_context,South,North,Ali is BLANK of Milwaukee. Ali walks South. Ali is getting further from Milwaukee.,d254416b-1414-500b-a96f-e13cb28c20dc,base
A1F8MH33EFT5VQ,2,5,retest,1,geocentric_distant,geocentric_distant_context,South of,East of,Milwaukee is BLANK Ali. Ali turns left. Milwaukee is South of Ali.,5d911c67-0b83-55ee-8134-8ce38b110d99,base
A1F8MH33EFT5VQ,2,5,retest,1,geocentric_distant,geocentric_distant_context,West of,North of,Milwaukee is BLANK Ali. Ali turns right. Milwaukee is West of Ali.,20c122a7-ab2c-5966-b297-c5040adfe23e,base
A1F8MH33EFT5VQ,2,5,retest,1,geocentric_near,geocentric_near_target,West of,North of,The statue is West of Ali. Ali walks South. The statue is BLANK of Ali.,b98ce98d-a5c6-5c6e-92a3-473ae5b1df40,base
A1F8MH33EFT5VQ,2,5,retest,1,geocentric_near,geocentric_near_context,West of,North of,The statue is BLANK Ali. Ali walks South. The statue is West of Ali.,53eb0547-cabf-5f87-bb4d-eeb9eb0e29ca,base
A1F8MH33EFT5VQ,2,5,retest,1,geocentric_near,geocentric_near_context,South of,East of,The painting is BLANK Ali. Ali turns left. The painting is South of Ali.,b470477e-c9cf-5a97-a47c-98dd08229c8e,base
A1F8MH33EFT5VQ,2,5,retest,0,geocentric_near,geocentric_near_target,East of,North of,The painting is East of Ali. Ali turns left. The painting is BLANK Ali.,1524fa21-bce4-5af0-9fdc-6a1ff52e8db6,base
A1F8MH33EFT5VQ,2,5,retest,1,geocentric_distant,geocentric_distant_context,East,West,Ali is BLANK of Milwaukee. Ali walks East. Ali is getting further from Milwaukee.,d49f1d3c-5027-5233-ac07-8710c3e3b449,base
A1F8MH33EFT5VQ,2,5,retest,1,geocentric_near,geocentric_near_context,North of,West of,The painting is BLANK Ali. Ali turns left. The painting is North of Ali.,6e349340-1734-5b6c-94b3-79765fdef94d,base
A1F8MH33EFT5VQ,2,5,retest,1,geocentric_near,geocentric_near_target,North of,West of,The statue is North of Ali. Ali walks East. The statue is BLANK of Ali.,53b9d39a-77d2-590e-9013-2041416cf80e,base
A1F8MH33EFT5VQ,2,5,retest,1,geocentric_distant,geocentric_distant_target,North of,South of,Milwaukee is North of Ali. Ali turns around. Milwaukee is BLANK Ali.,5ee8a7e5-a2c1-5a21-b180-f0a7a538e6be,base
A1F8MH33EFT5VQ,2,5,retest,1,geocentric_near,geocentric_near_target,South of,North of,The painting is South of Ali. Ali turns around. The painting is BLANK Ali.,de7d1dc5-03dc-52ca-8424-ff56dbd5e0d7,base
A1F8MH33EFT5VQ,2,5,retest,1,geocentric_distant,geocentric_distant_target,West of,North of,Milwaukee is West of Ali. Ali turns right. Milwaukee is BLANK Ali.,ab393531-7a45-54be-8745-da5f51d0a854,base
A1F8MH33EFT5VQ,2,5,retest,0,geocentric_near,geocentric_near_context,West of,East of,The painting is BLANK of Ali. Ali turns around. The painting is West of Ali.,a22b454f-f1c2-51cf-a7f3-f1d55dc1383d,base
A1F8MH33EFT5VQ,2,5,retest,1,geocentric_near,geocentric_near_target,North of,South of,The box is North of Ali. Ali turns around. The box is BLANK Ali.,ba1c054b-7213-5f8e-bf33-019a9a67c091,base
A1F8MH33EFT5VQ,2,5,retest,0,geocentric_distant,geocentric_distant_context,East of,South of,Milwaukee is BLANK Ali. Ali turns right. Milwaukee is East of Ali.,b9877f9e-1fa9-545f-ac6d-fe640fc90d29,base
A1F8MH33EFT5VQ,2,5,retest,0,geocentric_near,geocentric_near_context,South of,West of,The statue is BLANK Ali. Ali walks East. The statue is South of Ali.,8252c422-568f-56ae-a206-72dd86dd7b40,base
A1F8MH33EFT5VQ,2,5,retest,1,geocentric_near,geocentric_near_target,North of,East of,The statue is North of Ali. Ali walks West. The statue is BLANK of Ali.,509b8364-1a32-5e7f-93c8-449b551718c5,base
A1F8MH33EFT5VQ,2,5,retest,0,geocentric_distant,geocentric_distant_context,West of,East of,Milwaukee is BLANK Ali. Ali turns around. Milwaukee is West of Ali.,5971347d-237f-515b-b782-01ff47f5650a,base
A1F8MH33EFT5VQ,2,5,retest,1,geocentric_near,geocentric_near_target,North of,West of,The painting is North of Ali. Ali turns left. The painting is BLANK Ali.,bdee18b4-ee23-5b20-bae4-65648a17a7e7,base
A1F8MH33EFT5VQ,2,5,retest,0,geocentric_near,geocentric_near_target,East,West,Mark is facing North. Mark turns 90 degrees to his right. Mark is facing BLANK.,4684617b-bc66-5458-84f2-0a4ff0a561ac,base
A1F8MH33EFT5VQ,2,5,retest,1,geocentric_distant,geocentric_distant_target,East of,South of,Milwaukee is East of Ali. Ali turns right. Milwaukee is BLANK Ali.,ce49bac3-2edd-5319-8db6-9c23dcaffb9e,base
A1F8MH33EFT5VQ,2,5,retest,1,geocentric_near,geocentric_near_context,East of,South of,The statue is BLANK Ali. Ali walks North. The statue is East of Ali.,c0571aef-9e9a-5c28-8136-16cf5969f8c4,base
A1F8MH33EFT5VQ,2,5,retest,1,geocentric_near,geocentric_near_context,West of,East of,The box is BLANK Ali. Ali turns around. The box is West of Ali.,54597470-4866-5387-8c1a-5629d30b67d7,base
A1F8MH33EFT5VQ,2,5,retest,0,geocentric_distant,geocentric_distant_context,East,West,Ali is BLANK of Milwaukee. Ali walks West. Ali is getting closer to Milwaukee.,ecba7770-0edf-5558-834c-89382aa91d3c,base
A1F8MH33EFT5VQ,2,5,retest,0,geocentric_distant,geocentric_distant_context,East,West,Ali is BLANK of Milwaukee. Ali walks West. Ali is getting closer to Milwaukee.,ecba7770-0edf-5558-834c-89382aa91d3c,base
A1F8MH33EFT5VQ,2,5,retest,1,geocentric_near,geocentric_near_context,West of,North of,The painting is BLANK Ali. Ali turns right. The painting is West of Ali.,df69c89a-abfd-5c88-b5fa-7baaa5a6d4de,base
A1F8MH33EFT5VQ,2,5,retest,1,geocentric_near,geocentric_near_context,West of,North of,The painting is BLANK Ali. Ali turns right. The painting is West of Ali.,df69c89a-abfd-5c88-b5fa-7baaa5a6d4de,base
A1F8MH33EFT5VQ,2,5,retest,0,geocentric_near,geocentric_near_context,East of,North of,The painting is BLANK Ali. Ali turns left. The painting is East of Ali.,6739b82c-779d-5d65-91f9-d9be398a0575,base
A1F8MH33EFT5VQ,2,5,retest,0,geocentric_near,geocentric_near_context,East of,North of,The painting is BLANK Ali. Ali turns left. The painting is East of Ali.,6739b82c-779d-5d65-91f9-d9be398a0575,base
A1F8MH33EFT5VQ,2,5,retest,1,geocentric_near,geocentric_near_context,South of,North of,The box is BLANK Ali. Ali turns around. The box is South of Ali.,c571fc7a-710d-59d5-a140-4564ef29503a,base
A1F8MH33EFT5VQ,2,5,retest,1,geocentric_near,geocentric_near_context,South of,North of,The box is BLANK Ali. Ali turns around. The box is South of Ali.,c571fc7a-710d-59d5-a140-4564ef29503a,base
A1F8MH33EFT5VQ,2,5,retest,1,geocentric_near,geocentric_near_target,West of,North of,The painting is West of Ali. Ali turns right. The painting is BLANK Ali.,9d469069-c214-567d-a48d-359883082244,base
A1F8MH33EFT5VQ,2,5,retest,1,geocentric_near,geocentric_near_target,West of,North of,The painting is West of Ali. Ali turns right. The painting is BLANK Ali.,9d469069-c214-567d-a48d-359883082244,base
A1F8MH33EFT5VQ,2,5,retest,1,geocentric_distant,geocentric_distant_target,closer to,further from,Ali is South of Milwaukee. Ali walks North. Ali is getting BLANK Milwaukee.,21a31cff-69cd-5fb6-aa15-b02b298e738a,base
A1F8MH33EFT5VQ,2,5,retest,1,geocentric_distant,geocentric_distant_target,closer to,further from,Ali is South of Milwaukee. Ali walks North. Ali is getting BLANK Milwaukee.,21a31cff-69cd-5fb6-aa15-b02b298e738a,base
A1F8MH33EFT5VQ,2,5,retest,0,geocentric_near,geocentric_near_target,South,North,Mark is facing East. Mark turns 90 degrees to his right. Mark is facing BLANK.,815c9fc1-43f2-5386-90fa-6c0db0268448,base
A1F8MH33EFT5VQ,2,5,retest,0,geocentric_near,geocentric_near_target,South,North,Mark is facing East. Mark turns 90 degrees to his right. Mark is facing BLANK.,815c9fc1-43f2-5386-90fa-6c0db0268448,base
A1F8MH33EFT5VQ,2,5,retest,1,geocentric_distant,geocentric_distant_context,West of,South of,Milwaukee is BLANK Ali. Ali turns left. Milwaukee is West of Ali.,aeefbdde-433a-5ea8-93fd-c5b5c1788a6e,base
A1F8MH33EFT5VQ,2,5,retest,1,geocentric_distant,geocentric_distant_context,West of,South of,Milwaukee is BLANK Ali. Ali turns left. Milwaukee is West of Ali.,aeefbdde-433a-5ea8-93fd-c5b5c1788a6e,base
A1F8MH33EFT5VQ,2,5,retest,1,geocentric_distant,geocentric_distant_context,North of,West of,Milwaukee is BLANK Ali. Ali turns left. Milwaukee is North of Ali.,77cc2803-02b1-54af-a10d-fb663433d4ec,base
A1F8MH33EFT5VQ,2,5,retest,1,geocentric_distant,geocentric_distant_context,North of,West of,Milwaukee is BLANK Ali. Ali turns left. Milwaukee is North of Ali.,77cc2803-02b1-54af-a10d-fb663433d4ec,base
A1F8MH33EFT5VQ,2,5,retest,1,geocentric_near,geocentric_near_context,North of,South of,The box is BLANK Ali. Ali turns around. The box is North of Ali.,cdb36630-3e0a-5c82-9cdf-40f72ff02544,base
A1F8MH33EFT5VQ,2,5,retest,1,geocentric_near,geocentric_near_context,North of,South of,The box is BLANK Ali. Ali turns around. The box is North of Ali.,cdb36630-3e0a-5c82-9cdf-40f72ff02544,base
A1F8MH33EFT5VQ,2,5,retest,1,geocentric_distant,geocentric_distant_target,North of,West of,Milwaukee is North of Ali. Ali turns left. Milwaukee is BLANK Ali.,4ec6ce58-d4e5-5258-9721-9abd60a41155,base
A1F8MH33EFT5VQ,2,5,retest,1,geocentric_distant,geocentric_distant_target,North of,West of,Milwaukee is North of Ali. Ali turns left. Milwaukee is BLANK Ali.,4ec6ce58-d4e5-5258-9721-9abd60a41155,base
A1F8MH33EFT5VQ,2,5,retest,1,geocentric_distant,geocentric_distant_context,South,North,Ali is BLANK of Milwaukee. Ali walks South. Ali is getting further from Milwaukee.,d254416b-1414-500b-a96f-e13cb28c20dc,base
A1F8MH33EFT5VQ,2,5,retest,1,geocentric_distant,geocentric_distant_context,South,North,Ali is BLANK of Milwaukee. Ali walks South. Ali is getting further from Milwaukee.,d254416b-1414-500b-a96f-e13cb28c20dc,base
A1F8MH33EFT5VQ,2,5,retest,0,geocentric_near,geocentric_near_target,West of,North of,The statue is West of Ali. Ali walks South. The statue is BLANK of Ali.,b98ce98d-a5c6-5c6e-92a3-473ae5b1df40,base
A1F8MH33EFT5VQ,2,5,retest,0,geocentric_near,geocentric_near_target,West of,North of,The statue is West of Ali. Ali walks South. The statue is BLANK of Ali.,b98ce98d-a5c6-5c6e-92a3-473ae5b1df40,base
A1F8MH33EFT5VQ,2,5,retest,0,geocentric_near,geocentric_near_target,East of,North of,The painting is East of Ali. Ali turns left. The painting is BLANK Ali.,1524fa21-bce4-5af0-9fdc-6a1ff52e8db6,base
A1F8MH33EFT5VQ,2,5,retest,0,geocentric_near,geocentric_near_target,East of,North of,The painting is East of Ali. Ali turns left. The painting is BLANK Ali.,1524fa21-bce4-5af0-9fdc-6a1ff52e8db6,base
A1F8MH33EFT5VQ,2,5,retest,1,geocentric_distant,geocentric_distant_context,East,West,Ali is BLANK of Milwaukee. Ali walks East. Ali is getting further from Milwaukee.,d49f1d3c-5027-5233-ac07-8710c3e3b449,base
A1F8MH33EFT5VQ,2,5,retest,1,geocentric_distant,geocentric_distant_context,East,West,Ali is BLANK of Milwaukee. Ali walks East. Ali is getting further from Milwaukee.,d49f1d3c-5027-5233-ac07-8710c3e3b449,base
A1F8MH33EFT5VQ,2,5,retest,1,geocentric_near,geocentric_near_target,South of,North of,The painting is South of Ali. Ali turns around. The painting is BLANK Ali.,de7d1dc5-03dc-52ca-8424-ff56dbd5e0d7,base
A1F8MH33EFT5VQ,2,5,retest,1,geocentric_near,geocentric_near_target,South of,North of,The painting is South of Ali. Ali turns around. The painting is BLANK Ali.,de7d1dc5-03dc-52ca-8424-ff56dbd5e0d7,base
A1F8MH33EFT5VQ,2,5,retest,1,geocentric_near,geocentric_near_context,West of,East of,The painting is BLANK of Ali. Ali turns around. The painting is West of Ali.,a22b454f-f1c2-51cf-a7f3-f1d55dc1383d,base
A1F8MH33EFT5VQ,2,5,retest,1,geocentric_near,geocentric_near_context,West of,East of,The painting is BLANK of Ali. Ali turns around. The painting is West of Ali.,a22b454f-f1c2-51cf-a7f3-f1d55dc1383d,base
A1F8MH33EFT5VQ,2,5,retest,1,geocentric_near,geocentric_near_target,North of,South of,The box is North of Ali. Ali turns around. The box is BLANK Ali.,ba1c054b-7213-5f8e-bf33-019a9a67c091,base
A1F8MH33EFT5VQ,2,5,retest,1,geocentric_near,geocentric_near_target,North of,South of,The box is North of Ali. Ali turns around. The box is BLANK Ali.,ba1c054b-7213-5f8e-bf33-019a9a67c091,base
A1F8MH33EFT5VQ,2,5,retest,1,geocentric_distant,geocentric_distant_context,East of,South of,Milwaukee is BLANK Ali. Ali turns right. Milwaukee is East of Ali.,b9877f9e-1fa9-545f-ac6d-fe640fc90d29,base
A1F8MH33EFT5VQ,2,5,retest,1,geocentric_distant,geocentric_distant_context,East of,South of,Milwaukee is BLANK Ali. Ali turns right. Milwaukee is East of Ali.,b9877f9e-1fa9-545f-ac6d-fe640fc90d29,base
A1F8MH33EFT5VQ,2,5,retest,1,geocentric_near,geocentric_near_context,South of,West of,The statue is BLANK Ali. Ali walks East. The statue is South of Ali.,8252c422-568f-56ae-a206-72dd86dd7b40,base
A1F8MH33EFT5VQ,2,5,retest,1,geocentric_near,geocentric_near_context,South of,West of,The statue is BLANK Ali. Ali walks East. The statue is South of Ali.,8252c422-568f-56ae-a206-72dd86dd7b40,base
A1F8MH33EFT5VQ,2,5,retest,0,geocentric_distant,geocentric_distant_context,West of,East of,Milwaukee is BLANK Ali. Ali turns around. Milwaukee is West of Ali.,5971347d-237f-515b-b782-01ff47f5650a,base
A1F8MH33EFT5VQ,2,5,retest,0,geocentric_distant,geocentric_distant_context,West of,East of,Milwaukee is BLANK Ali. Ali turns around. Milwaukee is West of Ali.,5971347d-237f-515b-b782-01ff47f5650a,base
A1F8MH33EFT5VQ,2,5,retest,1,geocentric_near,geocentric_near_target,North of,West of,The painting is North of Ali. Ali turns left. The painting is BLANK Ali.,bdee18b4-ee23-5b20-bae4-65648a17a7e7,base
A1F8MH33EFT5VQ,2,5,retest,1,geocentric_near,geocentric_near_target,North of,West of,The painting is North of Ali. Ali turns left. The painting is BLANK Ali.,bdee18b4-ee23-5b20-bae4-65648a17a7e7,base
A1F8MH33EFT5VQ,2,5,retest,0,geocentric_near,geocentric_near_target,East,West,Mark is facing North. Mark turns 90 degrees to his right. Mark is facing BLANK.,4684617b-bc66-5458-84f2-0a4ff0a561ac,base
A1F8MH33EFT5VQ,2,5,retest,0,geocentric_near,geocentric_near_target,East,West,Mark is facing North. Mark turns 90 degrees to his right. Mark is facing BLANK.,4684617b-bc66-5458-84f2-0a4ff0a561ac,base
A1F8MH33EFT5VQ,2,5,retest,1,geocentric_near,geocentric_near_context,East of,South of,The statue is BLANK Ali. Ali walks North. The statue is East of Ali.,c0571aef-9e9a-5c28-8136-16cf5969f8c4,base
A1F8MH33EFT5VQ,2,5,retest,1,geocentric_near,geocentric_near_context,East of,South of,The statue is BLANK Ali. Ali walks North. The statue is East of Ali.,c0571aef-9e9a-5c28-8136-16cf5969f8c4,base
A1YW7H9U84E80N,2,4,retest,0,geocentric_near,geocentric_near_context,North of,East of,The painting is BLANK Ali. Ali turns right. The painting is North of Ali.,27cfaf60-c6de-5209-b4bb-2abcd703a542,base
A1YW7H9U84E80N,2,4,retest,1,geocentric_near,geocentric_near_target,West,East,Mark is facing South. Mark turns 90 degrees to his right. Mark is facing BLANK.,6cfeef00-729e-52ba-985d-1252fd2428ed,base
A1YW7H9U84E80N,2,4,retest,0,geocentric_distant,geocentric_distant_context,South of,North of,Milwaukee is BLANK Ali. Ali turns around. Milwaukee is South of Ali.,6f6037ad-89d1-53c6-9b58-e857b51d6d83,base
A1YW7H9U84E80N,2,4,retest,0,geocentric_distant,geocentric_distant_target,East of,West of,Milwaukee is East of Ali. Ali turns around. Milwaukee is BLANK Ali.,e71a3a3e-4266-5822-8098-4001479aa3d8,base
A1YW7H9U84E80N,2,4,retest,1,geocentric_near,geocentric_near_target,South of,West of,The statue is South of Ali. Ali walks East. The statue is BLANK of Ali.,b41b1558-d83e-5607-b398-f85601d40e7e,base
A1YW7H9U84E80N,2,4,retest,0,geocentric_distant,geocentric_distant_target,South of,North of,Milwaukee is South of Ali. Ali turns around. Milwaukee is BLANK Ali.,0a0053eb-14a6-5355-ba4c-111aa119ddba,base
A1YW7H9U84E80N,2,4,retest,0,geocentric_near,geocentric_near_context,East of,West of,The painting is BLANK of Ali. Ali turns around. The painting is East of Ali.,617ce912-b692-5ce2-acf4-9eabd9adc7e8,base
A1YW7H9U84E80N,2,4,retest,1,geocentric_distant,geocentric_distant_target,North of,East of,Milwaukee is North of Ali. Ali turns right. Milwaukee is BLANK Ali.,477d44eb-6672-5eae-bebc-bd944786e92c,base
A1YW7H9U84E80N,2,4,retest,1,geocentric_near,geocentric_near_context,North of,East of,The statue is BLANK Ali. Ali walks West. The statue is North of Ali.,c8c0fe33-a72d-5683-9846-b72cf18312aa,base
A1YW7H9U84E80N,2,4,retest,1,geocentric_near,geocentric_near_target,West of,South of,The painting is West of Ali. Ali turns left. The painting is BLANK Ali.,f296bfa3-3f6c-55b1-b35b-190dfe359ebd,base
A1YW7H9U84E80N,2,4,retest,0,geocentric_distant,geocentric_distant_context,North of,South of,Milwaukee is BLANK Ali. Ali turns around. Milwaukee is North of Ali.,1c80ade4-3063-5830-8934-448a2e3ccdb3,base
A1YW7H9U84E80N,2,4,retest,1,geocentric_near,geocentric_near_context,North of,West of,The statue is BLANK Ali. Ali walks East. The statue is North of Ali.,d07fd4d0-1e85-5fc3-8eeb-e7144e7bb5b6,base
A1YW7H9U84E80N,2,4,retest,1,geocentric_near,geocentric_near_context,West of,South of,The statue is BLANK Ali. Ali walks North. The statue is West of Ali.,f5993fbe-e095-503a-8913-5bae1684dcbb,base
A1YW7H9U84E80N,2,4,retest,1,geocentric_distant,geocentric_distant_target,West of,South of,Milwaukee is West of Ali. Ali turns left. Milwaukee is BLANK Ali.,1dfa5edb-b651-5e4f-84d7-cbc32c618e98,base
A1YW7H9U84E80N,2,4,retest,1,geocentric_near,geocentric_near_context,South of,West of,The painting is BLANK Ali. Ali turns right. The painting is South of Ali.,9066630c-6525-5574-b5bc-3cbff1f62ccd,base
A1YW7H9U84E80N,2,4,retest,1,geocentric_distant,geocentric_distant_target,South,East of,Milwaukee is South of Ali. Ali turns left. Milwaukee is BLANK Ali.,244dbf50-7c56-53b3-a5e2-96526647c538,base
A1YW7H9U84E80N,2,4,retest,0,geocentric_near,geocentric_near_context,North of,South of,The painting is BLANK Ali. Ali turns around. The painting is North of Ali.,6f999144-fcd0-52e0-acea-ca152a4a32a9,base
A1YW7H9U84E80N,2,4,retest,1,geocentric_near,geocentric_near_context,East of,North of,The statue is BLANK Ali. Ali walks South. The statue is East of Ali.,654f3246-8a02-5b35-998c-05ad57e525bc,base
A1YW7H9U84E80N,2,4,retest,0,geocentric_distant,geocentric_distant_context,East of,West of,Milwaukee is BLANK Ali. Ali turns around. Milwaukee is East of Ali.,01d5a51d-7378-576b-aafc-5a45a1ffab63,base
A1YW7H9U84E80N,2,4,retest,1,geocentric_near,geocentric_near_context,East of,West of,The box is BLANK Ali. Ali turns around. The box is East of Ali.,4ff80aaf-24a6-56a6-8436-4aafd349574d,base
A1YW7H9U84E80N,2,4,retest,1,geocentric_distant,geocentric_distant_context,South of,West of,Milwaukee is BLANK Ali. Ali turns right. Milwaukee is South of Ali.,bf2af8a4-eb41-5828-869b-c6b1138f2890,base
A1YW7H9U84E80N,2,4,retest,1,geocentric_near,geocentric_near_target,West of,South of,The statue is West of Ali. Ali walks North. The statue is BLANK of Ali.,b9f30b99-3fb3-5807-a2ec-bbe349b45d3a,base
A1YW7H9U84E80N,2,4,retest,1,geocentric_distant,geocentric_distant_context,West,East,Milwaukee is BLANK of Ali. Ali walks West. Ali is getting closer to Milwaukee.,6cb3e4e3-1a79-542e-80fc-c7618ababd10,base
A1YW7H9U84E80N,2,4,retest,0,geocentric_near,geocentric_near_context,East of,South of,The painting is BLANK Ali. Ali turns right. The painting is East of Ali.,bbe1c4e0-6ae6-53c2-8e3d-2d90016d6cde,base
A1YW7H9U84E80N,2,4,retest,0,geocentric_near,geocentric_near_target,West of,East of,The box is West of Ali. Ali turns around. The box is BLANK Ali.,424089ec-6146-5b3f-bd32-9565a5513fe0,base
A1YW7H9U84E80N,2,4,retest,1,geocentric_near,geocentric_near_target,South of,East of,The painting is South of Ali. Ali turns left. The painting is BLANK Ali.,3d1c523b-903d-52c2-a5ef-c6868cafe157,base
A1YW7H9U84E80N,2,4,retest,0,geocentric_near,geocentric_near_target,South of,North of,The box is South of Ali. Ali turns around. The box is BLANK Ali.,87863690-da01-5035-a227-bad8f7e6a8a3,base
A1YW7H9U84E80N,2,4,retest,0,geocentric_near,geocentric_near_target,North of,South of,The painting is North of Ali. Ali turns around. The painting is BLANK Ali.,64e3f33d-f1bb-5469-960d-6b974ada7e0a,base
A1YW7H9U84E80N,2,4,retest,1,geocentric_distant,geocentric_distant_context,North of,East of,Milwaukee is BLANK Ali. Ali turns right. Milwaukee is North of Ali.,d1003ff7-62f8-5266-b577-0992f8f5f4a6,base
A1YW7H9U84E80N,2,4,retest,1,geocentric_near,geocentric_near_target,East of,West of,The box is East of Ali. Ali turns around. The box is BLANK Ali.,d85b86e6-538e-59bf-9eb9-7d30d754f01d,base
A1YW7H9U84E80N,2,4,retest,0,geocentric_distant,geocentric_distant_context,East of,North of,Milwaukee is BLANK Ali. Ali turns left. Milwaukee is East of Ali.,b1c9a0f0-680c-58c2-8a69-4c63ee969cad,base
A1YW7H9U84E80N,2,4,retest,0,geocentric_near,geocentric_near_target,East of,South of,The painting is East of Ali. Ali turns right. The painting is BLANK Ali.,47856cd0-4034-58db-b6c8-09eef76a40e4,base
A1YW7H9U84E80N,2,4,retest,0,geocentric_near,geocentric_near_target,North of,East of,The painting is North of Ali. Ali turns right. The painting is BLANK Ali.,83aaa4c2-ac51-5fc1-bda3-12bea9d4ee43,base
A1YW7H9U84E80N,2,4,retest,1,geocentric_distant,geocentric_distant_target,closer to,further from,Ali is East of Milwaukee. Ali walks West. Ali is getting BLANK Milwaukee.,074db133-5b7c-5b64-bf17-595f0672a13e,base
A1YW7H9U84E80N,2,4,retest,0,geocentric_distant,geocentric_distant_context,South,North,Ali is directly BLANK of Milwaukee. Ali walks West. Ali is Southwest of Milwaukee.,6fc3e325-93ce-5aec-bf73-393a4cdad0fd,base
A1YW7H9U84E80N,2,4,retest,1,geocentric_near,geocentric_near_context,South,North,Mark is facing BLANK. Mark turns 90 degrees to his right. Mark is facing West.,71d55d9d-7f72-50e7-9a53-e410341ef56d,base
A1YW7H9U84E80N,2,4,retest,0,geocentric_near,geocentric_near_target,East of,West of,The painting is East of Ali. Ali turns around. The painting is BLANK Ali.,039eef21-48ea-5f03-97a8-50099c8411f3,base
A1YW7H9U84E80N,2,4,retest,1,geocentric_near,geocentric_near_target,East of,North of,The statue is East of Ali. Ali walks South. The statue is BLANK of Ali.,4e2ccb54-af98-56e1-8eb8-74bc46abf088,base
A1YW7H9U84E80N,2,4,retest,1,geocentric_near,geocentric_near_context,West of,South of,The painting is BLANK Ali. Ali turns left. The painting is West of Ali.,6748370c-52c8-5597-b79f-c9a2e0e485d4,base
A1YW7H9U84E80N,2,4,retest,0,geocentric_distant,geocentric_distant_target,West of,East of,Milwaukee is West of Ali. Ali turns around. Milwaukee is BLANK Ali.,e6dd6cf2-8418-56eb-be84-4808492be4b9,base
A1YW7H9U84E80N,2,4,retest,1,geocentric_distant,geocentric_distant_target,Northeast,Southwest,Ali is directly North of Milwaukee. Ali walks East. Ali is BLANK Milwaukee.,6de916f2-8e10-52d0-8e30-7ae3dcd5aa73,base
A1YW7H9U84E80N,2,4,retest,0,geocentric_near,geocentric_near_context,West,East,Mark is facing BLANK. Mark turns 90 degrees to his right. Mark is facing North.,bfd08d04-41bc-5f32-a1fd-873972891edb,base
A1YW7H9U84E80N,2,4,retest,1,geocentric_near,geocentric_near_context,North of,East of,The painting is BLANK Ali. Ali turns right. The painting is North of Ali.,27cfaf60-c6de-5209-b4bb-2abcd703a542,base
A1YW7H9U84E80N,2,4,retest,1,geocentric_near,geocentric_near_context,North of,East of,The painting is BLANK Ali. Ali turns right. The painting is North of Ali.,27cfaf60-c6de-5209-b4bb-2abcd703a542,base
A1YW7H9U84E80N,2,4,retest,1,geocentric_near,geocentric_near_target,West,East,Mark is facing South. Mark turns 90 degrees to his right. Mark is facing BLANK.,6cfeef00-729e-52ba-985d-1252fd2428ed,base
A1YW7H9U84E80N,2,4,retest,1,geocentric_near,geocentric_near_target,West,East,Mark is facing South. Mark turns 90 degrees to his right. Mark is facing BLANK.,6cfeef00-729e-52ba-985d-1252fd2428ed,base
A1YW7H9U84E80N,2,4,retest,0,geocentric_distant,geocentric_distant_context,South of,North of,Milwaukee is BLANK Ali. Ali turns around. Milwaukee is South of Ali.,6f6037ad-89d1-53c6-9b58-e857b51d6d83,base
A1YW7H9U84E80N,2,4,retest,0,geocentric_distant,geocentric_distant_context,South of,North of,Milwaukee is BLANK Ali. Ali turns around. Milwaukee is South of Ali.,6f6037ad-89d1-53c6-9b58-e857b51d6d83,base
A1YW7H9U84E80N,2,4,retest,0,geocentric_distant,geocentric_distant_target,East of,West of,Milwaukee is East of Ali. Ali turns around. Milwaukee is BLANK Ali.,e71a3a3e-4266-5822-8098-4001479aa3d8,base
A1YW7H9U84E80N,2,4,retest,0,geocentric_distant,geocentric_distant_target,East of,West of,Milwaukee is East of Ali. Ali turns around. Milwaukee is BLANK Ali.,e71a3a3e-4266-5822-8098-4001479aa3d8,base
A1YW7H9U84E80N,2,4,retest,0,geocentric_distant,geocentric_distant_target,South of,North of,Milwaukee is South of Ali. Ali turns around. Milwaukee is BLANK Ali.,0a0053eb-14a6-5355-ba4c-111aa119ddba,base
A1YW7H9U84E80N,2,4,retest,0,geocentric_distant,geocentric_distant_target,South of,North of,Milwaukee is South of Ali. Ali turns around. Milwaukee is BLANK Ali.,0a0053eb-14a6-5355-ba4c-111aa119ddba,base
A1YW7H9U84E80N,2,4,retest,1,geocentric_near,geocentric_near_context,East of,West of,The painting is BLANK of Ali. Ali turns around. The painting is East of Ali.,617ce912-b692-5ce2-acf4-9eabd9adc7e8,base
A1YW7H9U84E80N,2,4,retest,1,geocentric_near,geocentric_near_context,East of,West of,The painting is BLANK of Ali. Ali turns around. The painting is East of Ali.,617ce912-b692-5ce2-acf4-9eabd9adc7e8,base
A1YW7H9U84E80N,2,4,retest,1,geocentric_near,geocentric_near_context,North of,East of,The statue is BLANK Ali. Ali walks West. The statue is North of Ali.,c8c0fe33-a72d-5683-9846-b72cf18312aa,base
A1YW7H9U84E80N,2,4,retest,1,geocentric_near,geocentric_near_context,North of,East of,The statue is BLANK Ali. Ali walks West. The statue is North of Ali.,c8c0fe33-a72d-5683-9846-b72cf18312aa,base
A1YW7H9U84E80N,2,4,retest,0,geocentric_distant,geocentric_distant_context,North of,South of,Milwaukee is BLANK Ali. Ali turns around. Milwaukee is North of Ali.,1c80ade4-3063-5830-8934-448a2e3ccdb3,base
A1YW7H9U84E80N,2,4,retest,0,geocentric_distant,geocentric_distant_context,North of,South of,Milwaukee is BLANK Ali. Ali turns around. Milwaukee is North of Ali.,1c80ade4-3063-5830-8934-448a2e3ccdb3,base
A1YW7H9U84E80N,2,4,retest,1,geocentric_near,geocentric_near_context,North of,West of,The statue is BLANK Ali. Ali walks East. The statue is North of Ali.,d07fd4d0-1e85-5fc3-8eeb-e7144e7bb5b6,base
A1YW7H9U84E80N,2,4,retest,1,geocentric_near,geocentric_near_context,North of,West of,The statue is BLANK Ali. Ali walks East. The statue is North of Ali.,d07fd4d0-1e85-5fc3-8eeb-e7144e7bb5b6,base
A1YW7H9U84E80N,2,4,retest,1,geocentric_distant,geocentric_distant_target,West of,South of,Milwaukee is West of Ali. Ali turns left. Milwaukee is BLANK Ali.,1dfa5edb-b651-5e4f-84d7-cbc32c618e98,base
A1YW7H9U84E80N,2,4,retest,1,geocentric_distant,geocentric_distant_target,West of,South of,Milwaukee is West of Ali. Ali turns left. Milwaukee is BLANK Ali.,1dfa5edb-b651-5e4f-84d7-cbc32c618e98,base
A1YW7H9U84E80N,2,4,retest,1,geocentric_near,geocentric_near_context,North of,South of,The painting is BLANK Ali. Ali turns around. The painting is North of Ali.,6f999144-fcd0-52e0-acea-ca152a4a32a9,base
A1YW7H9U84E80N,2,4,retest,1,geocentric_near,geocentric_near_context,North of,South of,The painting is BLANK Ali. Ali turns around. The painting is North of Ali.,6f999144-fcd0-52e0-acea-ca152a4a32a9,base
A1YW7H9U84E80N,2,4,retest,1,geocentric_distant,geocentric_distant_context,East of,West of,Milwaukee is BLANK Ali. Ali turns around. Milwaukee is East of Ali.,01d5a51d-7378-576b-aafc-5a45a1ffab63,base
A1YW7H9U84E80N,2,4,retest,1,geocentric_distant,geocentric_distant_context,East of,West of,Milwaukee is BLANK Ali. Ali turns around. Milwaukee is East of Ali.,01d5a51d-7378-576b-aafc-5a45a1ffab63,base
A1YW7H9U84E80N,2,4,retest,1,geocentric_near,geocentric_near_context,East of,West of,The box is BLANK Ali. Ali turns around. The box is East of Ali.,4ff80aaf-24a6-56a6-8436-4aafd349574d,base
A1YW7H9U84E80N,2,4,retest,1,geocentric_near,geocentric_near_context,East of,West of,The box is BLANK Ali. Ali turns around. The box is East of Ali.,4ff80aaf-24a6-56a6-8436-4aafd349574d,base
A1YW7H9U84E80N,2,4,retest,1,geocentric_distant,geocentric_distant_context,South of,West of,Milwaukee is BLANK Ali. Ali turns right. Milwaukee is South of Ali.,bf2af8a4-eb41-5828-869b-c6b1138f2890,base
A1YW7H9U84E80N,2,4,retest,1,geocentric_distant,geocentric_distant_context,South of,West of,Milwaukee is BLANK Ali. Ali turns right. Milwaukee is South of Ali.,bf2af8a4-eb41-5828-869b-c6b1138f2890,base
A1YW7H9U84E80N,2,4,retest,1,geocentric_near,geocentric_near_target,West of,South of,The statue is West of Ali. Ali walks North. The statue is BLANK of Ali.,b9f30b99-3fb3-5807-a2ec-bbe349b45d3a,base
A1YW7H9U84E80N,2,4,retest,1,geocentric_near,geocentric_near_target,West of,South of,The statue is West of Ali. Ali walks North. The statue is BLANK of Ali.,b9f30b99-3fb3-5807-a2ec-bbe349b45d3a,base
A1YW7H9U84E80N,2,4,retest,1,geocentric_distant,geocentric_distant_context,West,East,Milwaukee is BLANK of Ali. Ali walks West. Ali is getting closer to Milwaukee.,6cb3e4e3-1a79-542e-80fc-c7618ababd10,base
A1YW7H9U84E80N,2,4,retest,1,geocentric_distant,geocentric_distant_context,West,East,Milwaukee is BLANK of Ali. Ali walks West. Ali is getting closer to Milwaukee.,6cb3e4e3-1a79-542e-80fc-c7618ababd10,base
A1YW7H9U84E80N,2,4,retest,1,geocentric_near,geocentric_near_context,East of,South of,The painting is BLANK Ali. Ali turns right. The painting is East of Ali.,bbe1c4e0-6ae6-53c2-8e3d-2d90016d6cde,base
A1YW7H9U84E80N,2,4,retest,1,geocentric_near,geocentric_near_context,East of,South of,The painting is BLANK Ali. Ali turns right. The painting is East of Ali.,bbe1c4e0-6ae6-53c2-8e3d-2d90016d6cde,base
A1YW7H9U84E80N,2,4,retest,1,geocentric_near,geocentric_near_target,West of,East of,The box is West of Ali. Ali turns around. The box is BLANK Ali.,424089ec-6146-5b3f-bd32-9565a5513fe0,base
A1YW7H9U84E80N,2,4,retest,1,geocentric_near,geocentric_near_target,West of,East of,The box is West of Ali. Ali turns around. The box is BLANK Ali.,424089ec-6146-5b3f-bd32-9565a5513fe0,base
A1YW7H9U84E80N,2,4,retest,1,geocentric_near,geocentric_near_target,South of,North of,The box is South of Ali. Ali turns around. The box is BLANK Ali.,87863690-da01-5035-a227-bad8f7e6a8a3,base
A1YW7H9U84E80N,2,4,retest,1,geocentric_near,geocentric_near_target,South of,North of,The box is South of Ali. Ali turns around. The box is BLANK Ali.,87863690-da01-5035-a227-bad8f7e6a8a3,base
A1YW7H9U84E80N,2,4,retest,1,geocentric_near,geocentric_near_target,North of,South of,The painting is North of Ali. Ali turns around. The painting is BLANK Ali.,64e3f33d-f1bb-5469-960d-6b974ada7e0a,base
A1YW7H9U84E80N,2,4,retest,1,geocentric_near,geocentric_near_target,North of,South of,The painting is North of Ali. Ali turns around. The painting is BLANK Ali.,64e3f33d-f1bb-5469-960d-6b974ada7e0a,base
A1YW7H9U84E80N,2,4,retest,1,geocentric_distant,geocentric_distant_context,East of,North of,Milwaukee is BLANK Ali. Ali turns left. Milwaukee is East of Ali.,b1c9a0f0-680c-58c2-8a69-4c63ee969cad,base
A1YW7H9U84E80N,2,4,retest,1,geocentric_distant,geocentric_distant_context,East of,North of,Milwaukee is BLANK Ali. Ali turns left. Milwaukee is East of Ali.,b1c9a0f0-680c-58c2-8a69-4c63ee969cad,base
A1YW7H9U84E80N,2,4,retest,1,geocentric_near,geocentric_near_target,East of,South of,The painting is East of Ali. Ali turns right. The painting is BLANK Ali.,47856cd0-4034-58db-b6c8-09eef76a40e4,base
A1YW7H9U84E80N,2,4,retest,1,geocentric_near,geocentric_near_target,East of,South of,The painting is East of Ali. Ali turns right. The painting is BLANK Ali.,47856cd0-4034-58db-b6c8-09eef76a40e4,base
A1YW7H9U84E80N,2,4,retest,1,geocentric_near,geocentric_near_target,North of,East of,The painting is North of Ali. Ali turns right. The painting is BLANK Ali.,83aaa4c2-ac51-5fc1-bda3-12bea9d4ee43,base
A1YW7H9U84E80N,2,4,retest,1,geocentric_near,geocentric_near_target,North of,East of,The painting is North of Ali. Ali turns right. The painting is BLANK Ali.,83aaa4c2-ac51-5fc1-bda3-12bea9d4ee43,base
A1YW7H9U84E80N,2,4,retest,0,geocentric_distant,geocentric_distant_target,closer to,further from,Ali is East of Milwaukee. Ali walks West. Ali is getting BLANK Milwaukee.,074db133-5b7c-5b64-bf17-595f0672a13e,base
A1YW7H9U84E80N,2,4,retest,0,geocentric_distant,geocentric_distant_target,closer to,further from,Ali is East of Milwaukee. Ali walks West. Ali is getting BLANK Milwaukee.,074db133-5b7c-5b64-bf17-595f0672a13e,base
A1YW7H9U84E80N,2,4,retest,1,geocentric_distant,geocentric_distant_context,South,North,Ali is directly BLANK of Milwaukee. Ali walks West. Ali is Southwest of Milwaukee.,6fc3e325-93ce-5aec-bf73-393a4cdad0fd,base
A1YW7H9U84E80N,2,4,retest,1,geocentric_distant,geocentric_distant_context,South,North,Ali is directly BLANK of Milwaukee. Ali walks West. Ali is Southwest of Milwaukee.,6fc3e325-93ce-5aec-bf73-393a4cdad0fd,base
A1YW7H9U84E80N,2,4,retest,1,geocentric_near,geocentric_near_target,East of,West of,The painting is East of Ali. Ali turns around. The painting is BLANK Ali.,039eef21-48ea-5f03-97a8-50099c8411f3,base
A1YW7H9U84E80N,2,4,retest,1,geocentric_near,geocentric_near_target,East of,West of,The painting is East of Ali. Ali turns around. The painting is BLANK Ali.,039eef21-48ea-5f03-97a8-50099c8411f3,base
A1YW7H9U84E80N,2,4,retest,1,geocentric_distant,geocentric_distant_target,West of,East of,Milwaukee is West of Ali. Ali turns around. Milwaukee is BLANK Ali.,e6dd6cf2-8418-56eb-be84-4808492be4b9,base
A1YW7H9U84E80N,2,4,retest,1,geocentric_distant,geocentric_distant_target,West of,East of,Milwaukee is West of Ali. Ali turns around. Milwaukee is BLANK Ali.,e6dd6cf2-8418-56eb-be84-4808492be4b9,base
A1YW7H9U84E80N,2,4,retest,1,geocentric_near,geocentric_near_context,West,East,Mark is facing BLANK. Mark turns 90 degrees to his right. Mark is facing North.,bfd08d04-41bc-5f32-a1fd-873972891edb,base
A1YW7H9U84E80N,2,4,retest,1,geocentric_near,geocentric_near_context,West,East,Mark is facing BLANK. Mark turns 90 degrees to his right. Mark is facing North.,bfd08d04-41bc-5f32-a1fd-873972891edb,base
A2A07J1P6YEW6Z,2,3,retest,1,egocentric_distant,egocentric_distant_context,left of,right of,Chicago is BLANK Ali. Ali turns around. Chicago is right of Ali.,e5deed13-5822-5717-897b-4a0ac2a78615,base
A2A07J1P6YEW6Z,2,3,retest,0,egocentric_distant,egocentric_distant_context,towards,away from,Ali is facing BLANK Chicago. Ali turns right. Chicago is left of Ali.,58361726-9384-5c8e-b9f5-34e514fbfb2c,base
A2A07J1P6YEW6Z,2,3,retest,0,action_nonfollows,action_nonfollows_target,doesn't move,moves,Ali is in the wagon. Ali pushes on the wagon. The wagon BLANK.,a8981c8e-2d19-5659-ab76-8a4c027c51e5,base
A2A07J1P6YEW6Z,2,3,retest,1,action_nonfollows,action_nonfollows_context,in,outside,Ali is BLANK the wagon. Ali pushes on the wagon. The wagon doesn't move.,313607e6-5da0-5cda-9e5c-816f8b002988,base
A2A07J1P6YEW6Z,2,3,retest,0,action_nonfollows,action_nonfollows_context,ball,box,The box is close to Ali. Ali throws the BLANK. The box is close to Ali.,97f1b8d8-8f88-575a-a82e-5557d245f329,base
A2A07J1P6YEW6Z,2,3,retest,1,action_nonfollows,action_nonfollows_target,doesn't move,moves,The book is under the table. Ali moves the book. The table BLANK.,0db7dd2a-b02c-5034-9735-67371cfe2717,base
A2A07J1P6YEW6Z,2,3,retest,1,egocentric_distant,egocentric_distant_target,left of,right of,Chicago is right of Ali. Ali turns around. Chicago is BLANK Ali.,02ed9d8b-8be8-5d09-8e50-1c31eed01911,base
A2A07J1P6YEW6Z,2,3,retest,1,state_follows,state_follows_target,breaks,doesn't break,The glass is on the table. Ali bumps the table. The glass BLANK.,6dce2e1a-b2fc-56ae-a304-0378aec4ff7b,base
A2A07J1P6YEW6Z,2,3,retest,1,egocentric_near,egocentric_near_target,right of,left of,The painting is left of Ali. Ali turns around. The painting is BLANK Ali.,65d0a958-c00d-5c1f-8f9a-c3732b584548,base
A2A07J1P6YEW6Z,2,3,retest,1,egocentric_distant,egocentric_distant_context,away from,towards,Ali is facing BLANK Milwaukee. Ali turns 180 degrees. Ali is facing towards Milwaukee.,6dd46ce3-4a45-5c9f-b40d-27839337750b,base
A2A07J1P6YEW6Z,2,3,retest,1,action_nonfollows,action_nonfollows_context,inside,outside,The ball is BLANK the box. Ali pushes the box forward. The ball is inside the box.,a4774963-8e72-50a3-bd53-59fc8a24d0f9,base
A2A07J1P6YEW6Z,2,3,retest,1,egocentric_near,egocentric_near_context,in front of,behind,The painting is BLANK Ali. Ali turns right. The painting is left of Ali.,0e01e057-85b8-55f1-aa7c-67aa83d13493,base
A2A07J1P6YEW6Z,2,3,retest,1,action_nonfollows,action_nonfollows_context,behind the statue,in front of the statue,Ali is BLANK. Ali turns around. Ali is behind the statue.,7d17626f-d7ad-50f5-8804-948780e275ec,base
A2A07J1P6YEW6Z,2,3,retest,1,action_nonfollows,action_nonfollows_context,under,on,The book is BLANK the table. Ali moves the table. The book doesn't move.,daae5815-074e-5b9c-a1b7-d2704748305c,base
A2A07J1P6YEW6Z,2,3,retest,1,action_nonfollows,action_nonfollows_context,far from,touching,The ball is BLANK the box. Ali moves the box. The ball doesn't move.,c3650617-8199-590c-8d8b-d16df14b77b1,base
A2A07J1P6YEW6Z,2,3,retest,1,state_nonfollows,state_nonfollows_context,sink,glass,The empty glass is on the table. Ali fills the BLANK halfway. The glass is dry.,19257184-707f-5809-ae07-f015d47b973f,base
A2A07J1P6YEW6Z,2,3,retest,1,action_nonfollows,action_nonfollows_target,in front of the statue,behind the statue,Ali is in front of the statue. Ali turns around. Ali is BLANK.,a32ed162-2be9-5aa8-93bc-ead31fd7049b,base
A2A07J1P6YEW6Z,2,3,retest,0,state_nonfollows,state_nonfollows_target,doesn't break,breaks,The glass and the cup are on the table. Ali pushes the cup off the table. The glass BLANK.,8dc99dd8-2eac-5a2a-bc48-48d899f2d287,base
A2A07J1P6YEW6Z,2,3,retest,0,action_nonfollows,action_nonfollows_target,bottom,top of,The ball is at the bottom of the ramp. Ali pushes the ball. The ball is at the BLANK of the ramp.,4638c94d-5d90-536c-8392-2529e12efbd1,base
A2A07J1P6YEW6Z,2,3,retest,0,egocentric_distant,egocentric_distant_context,behind,in front of,Chicago is BLANK Ali. Ali turns right. Chicago is right of Ali.,dcec3e75-40eb-54de-bb48-ea58e65342e2,base
A2A07J1P6YEW6Z,2,3,retest,0,action_nonfollows,action_nonfollows_target,doesn't move,moves,Ali is in the wagon. Ali pulls on the wagon. The wagon BLANK.,9794199e-e300-558b-b9ec-95fcbc93544f,base
A2A07J1P6YEW6Z,2,3,retest,1,egocentric_near,egocentric_near_target,left of,right of,The painting is right of Ali. Ali turns around. The painting is BLANK Ali.,6a7ee4a1-5db3-5076-ac24-2230ea37aa9e,base
A2A07J1P6YEW6Z,2,3,retest,0,action_nonfollows,action_nonfollows_context,box,ball,The ball is close to Ali. Ali throws the BLANK. The ball is close to Ali.,f7802c6b-6603-57cf-876b-586d4f097a2f,base
A2A07J1P6YEW6Z,2,3,retest,1,action_follows,action_follows_target,far from,close to,The baseball is close to Ali. Ali throws the baseball. The baseball is BLANK Ali.,b9e80e51-f4e6-5c6f-b976-6140e86b35a1,base
A2A07J1P6YEW6Z,2,3,retest,1,egocentric_distant,egocentric_distant_target,towards,away from,Ali is facing away from Milwaukee. Ali turns 180 degrees. Ali is facing BLANK Milwaukee.,5dcfd461-7fc1-571b-a376-3585ca034a0e,base
A2A07J1P6YEW6Z,2,3,retest,0,egocentric_distant,egocentric_distant_context,behind,in front of,Chicago is BLANK Ali. Ali turns left. Chicago is left of Ali.,67a9f12e-deda-5f51-b5e2-d24f0caec230,base
A2A07J1P6YEW6Z,2,3,retest,1,action_nonfollows,action_nonfollows_target,on top of,below,The ball is resting on top of the box. Ali pushes the box forward. The ball is BLANK the box.,e370550d-ab15-5ae2-b47f-7b94238ca644,base
A2A07J1P6YEW6Z,2,3,retest,1,action_nonfollows,action_nonfollows_context,lamp,table,The wine glass is on the table. Ali bumps the BLANK. The wine doesn't spill.,c2bfe739-1139-5eac-a500-bf7cde68550a,base
A2A07J1P6YEW6Z,2,3,retest,1,action_nonfollows,action_nonfollows_context,above,under,The ball is BLANK the box. The ball moves right. The ball is higher than the box.,ee32b476-c535-542e-91e6-7f3a2a64fe12,base
A2A07J1P6YEW6Z,2,3,retest,0,state_nonfollows,state_nonfollows_target,colder,warmer,The soup is on the table. Ali turns on the stove. The soup gets BLANK.,43bffc24-3955-522c-a74b-5fd4b204d283,base
A2A07J1P6YEW6Z,2,3,retest,1,state_nonfollows,state_nonfollows_context,1 month,5 minutes,The wall was painted BLANK ago. Ali touches the wall. Ali's hand is clean.,3912f615-9518-5062-bfe9-b9deae98b3cc,base
A2A07J1P6YEW6Z,2,3,retest,1,egocentric_near,egocentric_near_target,left of,right of,The painting is in front of Ali. Ali turns right. The painting is BLANK Ali.,0e4f4e87-15d0-5112-9419-f448e5fefa0a,base
A2A07J1P6YEW6Z,2,3,retest,1,egocentric_distant,egocentric_distant_context,towards,away from,Ali is facing BLANK Chicago. Ali turns right. Chicago is left of Ali.,58361726-9384-5c8e-b9f5-34e514fbfb2c,base
A2A07J1P6YEW6Z,2,3,retest,1,egocentric_distant,egocentric_distant_context,towards,away from,Ali is facing BLANK Chicago. Ali turns right. Chicago is left of Ali.,58361726-9384-5c8e-b9f5-34e514fbfb2c,base
A2A07J1P6YEW6Z,2,3,retest,1,action_nonfollows,action_nonfollows_target,doesn't move,moves,Ali is in the wagon. Ali pushes on the wagon. The wagon BLANK.,a8981c8e-2d19-5659-ab76-8a4c027c51e5,base
A2A07J1P6YEW6Z,2,3,retest,1,action_nonfollows,action_nonfollows_target,doesn't move,moves,Ali is in the wagon. Ali pushes on the wagon. The wagon BLANK.,a8981c8e-2d19-5659-ab76-8a4c027c51e5,base
A2A07J1P6YEW6Z,2,3,retest,0,action_nonfollows,action_nonfollows_context,ball,box,The box is close to Ali. Ali throws the BLANK. The box is close to Ali.,97f1b8d8-8f88-575a-a82e-5557d245f329,base
A2A07J1P6YEW6Z,2,3,retest,0,action_nonfollows,action_nonfollows_context,ball,box,The box is close to Ali. Ali throws the BLANK. The box is close to Ali.,97f1b8d8-8f88-575a-a82e-5557d245f329,base
A2A07J1P6YEW6Z,2,3,retest,1,action_nonfollows,action_nonfollows_target,doesn't move,moves,The book is under the table. Ali moves the book. The table BLANK.,0db7dd2a-b02c-5034-9735-67371cfe2717,base
A2A07J1P6YEW6Z,2,3,retest,1,action_nonfollows,action_nonfollows_target,doesn't move,moves,The book is under the table. Ali moves the book. The table BLANK.,0db7dd2a-b02c-5034-9735-67371cfe2717,base
A2A07J1P6YEW6Z,2,3,retest,1,action_nonfollows,action_nonfollows_context,inside,outside,The ball is BLANK the box. Ali pushes the box forward. The ball is inside the box.,a4774963-8e72-50a3-bd53-59fc8a24d0f9,base
A2A07J1P6YEW6Z,2,3,retest,1,action_nonfollows,action_nonfollows_context,inside,outside,The ball is BLANK the box. Ali pushes the box forward. The ball is inside the box.,a4774963-8e72-50a3-bd53-59fc8a24d0f9,base
A2A07J1P6YEW6Z,2,3,retest,1,action_nonfollows,action_nonfollows_context,behind the statue,in front of the statue,Ali is BLANK. Ali turns around. Ali is behind the statue.,7d17626f-d7ad-50f5-8804-948780e275ec,base
A2A07J1P6YEW6Z,2,3,retest,1,action_nonfollows,action_nonfollows_context,behind the statue,in front of the statue,Ali is BLANK. Ali turns around. Ali is behind the statue.,7d17626f-d7ad-50f5-8804-948780e275ec,base
A2A07J1P6YEW6Z,2,3,retest,1,action_nonfollows,action_nonfollows_context,under,on,The book is BLANK the table. Ali moves the table. The book doesn't move.,daae5815-074e-5b9c-a1b7-d2704748305c,base
A2A07J1P6YEW6Z,2,3,retest,1,action_nonfollows,action_nonfollows_context,under,on,The book is BLANK the table. Ali moves the table. The book doesn't move.,daae5815-074e-5b9c-a1b7-d2704748305c,base
A2A07J1P6YEW6Z,2,3,retest,1,state_nonfollows,state_nonfollows_context,sink,glass,The empty glass is on the table. Ali fills the BLANK halfway. The glass is dry.,19257184-707f-5809-ae07-f015d47b973f,base
A2A07J1P6YEW6Z,2,3,retest,1,state_nonfollows,state_nonfollows_context,sink,glass,The empty glass is on the table. Ali fills the BLANK halfway. The glass is dry.,19257184-707f-5809-ae07-f015d47b973f,base
A2A07J1P6YEW6Z,2,3,retest,0,state_nonfollows,state_nonfollows_target,doesn't break,breaks,The glass and the cup are on the table. Ali pushes the cup off the table. The glass BLANK.,8dc99dd8-2eac-5a2a-bc48-48d899f2d287,base
A2A07J1P6YEW6Z,2,3,retest,0,state_nonfollows,state_nonfollows_target,doesn't break,breaks,The glass and the cup are on the table. Ali pushes the cup off the table. The glass BLANK.,8dc99dd8-2eac-5a2a-bc48-48d899f2d287,base
A2A07J1P6YEW6Z,2,3,retest,0,action_nonfollows,action_nonfollows_target,bottom,top of,The ball is at the bottom of the ramp. Ali pushes the ball. The ball is at the BLANK of the ramp.,4638c94d-5d90-536c-8392-2529e12efbd1,base
A2A07J1P6YEW6Z,2,3,retest,0,action_nonfollows,action_nonfollows_target,bottom,top of,The ball is at the bottom of the ramp. Ali pushes the ball. The ball is at the BLANK of the ramp.,4638c94d-5d90-536c-8392-2529e12efbd1,base
A2A07J1P6YEW6Z,2,3,retest,1,egocentric_distant,egocentric_distant_context,behind,in front of,Chicago is BLANK Ali. Ali turns right. Chicago is right of Ali.,dcec3e75-40eb-54de-bb48-ea58e65342e2,base
A2A07J1P6YEW6Z,2,3,retest,1,egocentric_distant,egocentric_distant_context,behind,in front of,Chicago is BLANK Ali. Ali turns right. Chicago is right of Ali.,dcec3e75-40eb-54de-bb48-ea58e65342e2,base
A2A07J1P6YEW6Z,2,3,retest,1,action_nonfollows,action_nonfollows_target,doesn't move,moves,Ali is in the wagon. Ali pulls on the wagon. The wagon BLANK.,9794199e-e300-558b-b9ec-95fcbc93544f,base
A2A07J1P6YEW6Z,2,3,retest,1,action_nonfollows,action_nonfollows_target,doesn't move,moves,Ali is in the wagon. Ali pulls on the wagon. The wagon BLANK.,9794199e-e300-558b-b9ec-95fcbc93544f,base
A2A07J1P6YEW6Z,2,3,retest,1,action_nonfollows,action_nonfollows_context,box,ball,The ball is close to Ali. Ali throws the BLANK. The ball is close to Ali.,f7802c6b-6603-57cf-876b-586d4f097a2f,base
A2A07J1P6YEW6Z,2,3,retest,1,action_nonfollows,action_nonfollows_context,box,ball,The ball is close to Ali. Ali throws the BLANK. The ball is close to Ali.,f7802c6b-6603-57cf-876b-586d4f097a2f,base
A2A07J1P6YEW6Z,2,3,retest,1,egocentric_distant,egocentric_distant_target,towards,away from,Ali is facing away from Milwaukee. Ali turns 180 degrees. Ali is facing BLANK Milwaukee.,5dcfd461-7fc1-571b-a376-3585ca034a0e,base
A2A07J1P6YEW6Z,2,3,retest,1,egocentric_distant,egocentric_distant_target,towards,away from,Ali is facing away from Milwaukee. Ali turns 180 degrees. Ali is facing BLANK Milwaukee.,5dcfd461-7fc1-571b-a376-3585ca034a0e,base
A2A07J1P6YEW6Z,2,3,retest,1,egocentric_distant,egocentric_distant_context,behind,in front of,Chicago is BLANK Ali. Ali turns left. Chicago is left of Ali.,67a9f12e-deda-5f51-b5e2-d24f0caec230,base
A2A07J1P6YEW6Z,2,3,retest,1,egocentric_distant,egocentric_distant_context,behind,in front of,Chicago is BLANK Ali. Ali turns left. Chicago is left of Ali.,67a9f12e-deda-5f51-b5e2-d24f0caec230,base
A2A07J1P6YEW6Z,2,3,retest,1,action_nonfollows,action_nonfollows_target,on top of,below,The ball is resting on top of the box. Ali pushes the box forward. The ball is BLANK the box.,e370550d-ab15-5ae2-b47f-7b94238ca644,base
A2A07J1P6YEW6Z,2,3,retest,1,action_nonfollows,action_nonfollows_target,on top of,below,The ball is resting on top of the box. Ali pushes the box forward. The ball is BLANK the box.,e370550d-ab15-5ae2-b47f-7b94238ca644,base
A2A07J1P6YEW6Z,2,3,retest,1,action_nonfollows,action_nonfollows_context,lamp,table,The wine glass is on the table. Ali bumps the BLANK. The wine doesn't spill.,c2bfe739-1139-5eac-a500-bf7cde68550a,base
A2A07J1P6YEW6Z,2,3,retest,1,action_nonfollows,action_nonfollows_context,lamp,table,The wine glass is on the table. Ali bumps the BLANK. The wine doesn't spill.,c2bfe739-1139-5eac-a500-bf7cde68550a,base
A2A07J1P6YEW6Z,2,3,retest,1,action_nonfollows,action_nonfollows_context,above,under,The ball is BLANK the box. The ball moves right. The ball is higher than the box.,ee32b476-c535-542e-91e6-7f3a2a64fe12,base
A2A07J1P6YEW6Z,2,3,retest,1,action_nonfollows,action_nonfollows_context,above,under,The ball is BLANK the box. The ball moves right. The ball is higher than the box.,ee32b476-c535-542e-91e6-7f3a2a64fe12,base
A2A07J1P6YEW6Z,2,3,retest,1,state_nonfollows,state_nonfollows_target,colder,warmer,The soup is on the table. Ali turns on the stove. The soup gets BLANK.,43bffc24-3955-522c-a74b-5fd4b204d283,base
A2A07J1P6YEW6Z,2,3,retest,1,state_nonfollows,state_nonfollows_target,colder,warmer,The soup is on the table. Ali turns on the stove. The soup gets BLANK.,43bffc24-3955-522c-a74b-5fd4b204d283,base
A2A07J1P6YEW6Z,2,3,retest,1,state_nonfollows,state_nonfollows_context,1 month,5 minutes,The wall was painted BLANK ago. Ali touches the wall. Ali's hand is clean.,3912f615-9518-5062-bfe9-b9deae98b3cc,base
A2A07J1P6YEW6Z,2,3,retest,1,state_nonfollows,state_nonfollows_context,1 month,5 minutes,The wall was painted BLANK ago. Ali touches the wall. Ali's hand is clean.,3912f615-9518-5062-bfe9-b9deae98b3cc,base
A2HYIKTX401EJV,2,7,retest,1,two_refs_egocentric,two_refs_egocentric_context,behind,in front of,Mark is BLANK Ali. Mark walks forwards. Mark is getting closer to Ali.,c2e3cc6a-24a4-5d9e-9c86-9aa843019959,base
A2HYIKTX401EJV,2,7,retest,1,two_refs_egocentric,two_refs_egocentric_target,left,right,Ali is to Mark's right. Mark turns around. Ali is to Mark's BLANK.,2206d693-156b-580d-a926-7c9dd845f0df,base
A2HYIKTX401EJV,2,7,retest,1,relative_pos,relative_pos_target,lower than,higher than,The ball and the box are on top of the ramp. The ball rolls down the ramp. The ball is BLANK the box.,43ee992d-ffc4-5dbd-9aa3-d6017f8b92d1,base
A2HYIKTX401EJV,2,7,retest,1,two_refs_egocentric,two_refs_egocentric_context,right,left,Ali is to Mark's BLANK. Mark turns around. Ali is to Mark's left.,0d41b0d1-a40c-52ae-8a94-0328e70ebb21,base
A2HYIKTX401EJV,2,7,retest,1,two_refs_egocentric,two_refs_egocentric_context,away from,towards,Ali is facing BLANK Mark. Ali turns around. Ali is facing towards Mark.,449d83b2-712b-5aac-8c22-00d1bb07b0f7,base
A2HYIKTX401EJV,2,7,retest,0,two_refs_egocentric,two_refs_egocentric_target,away from,towards,Ali is to the right of Mark. Mark looks to his left and Ali looks to his right. Ali is facing BLANK Mark.,55e95efb-f247-5bea-8540-4b6bee6c11de,base
A2HYIKTX401EJV,2,7,retest,1,relative_pos,relative_pos_context,drops,picks up,Ali is holding the tennis ball and the ping pong ball. Ali BLANK the ping pong ball. The ping pong ball is further from the tennis ball.,e0a90fc5-4ebc-567a-bbc8-8bd5d3b008ec,base
A2HYIKTX401EJV,2,7,retest,1,two_refs_egocentric,two_refs_egocentric_context,right,left,Mark and Ali are both facing BLANK. Ali turns to his left. Ali is facing away from Mark.,6b81874a-94f4-52ac-8699-24e6582fc7e8,base
A2HYIKTX401EJV,2,7,retest,1,two_refs_egocentric,two_refs_egocentric_context,right,left,Mark is facing BLANK and Ali is facing left. Mark turns to his left. Mark is facing towards Ali.,7de47fb4-c4b1-5b47-be35-ade455a74837,base
A2HYIKTX401EJV,2,7,retest,1,two_refs_egocentric,two_refs_egocentric_target,closer to,further from,Mark is behind Ali. Mark walks fowards. Mark is getting BLANK Ali.,95034e79-b705-587b-9cd2-41aa02e2609b,base
A2HYIKTX401EJV,2,7,retest,1,two_refs_egocentric,two_refs_egocentric_context,right of,left of,Ali is to the BLANK Mark. Mark looks to his left and Ali looks to his right. Ali is facing away from Mark.,5042a6f6-7c11-5467-85b5-0ab828d3c5d1,base
A2HYIKTX401EJV,2,7,retest,1,two_refs_egocentric,two_refs_egocentric_target,towards,away from,Mark is facing right and Ali is facing left. Mark turns to his left. Mark is facing BLANK Ali.,fd16ce5b-b6ff-590c-8c7d-97dea24f49f2,base
A2HYIKTX401EJV,2,7,retest,1,relative_pos,relative_pos_target,not touching,touching,The ball is inside the box. Ali picks up the ball. The ball is BLANK the box.,5a02c0af-7a58-5836-894b-de2e4b5c22df,base
A2HYIKTX401EJV,2,7,retest,1,relative_pos,relative_pos_target,touching,not touching,The box is next to the ball. Ali puts the ball inside the box. The ball is BLANK the box.,8b324b61-eae2-5fb9-a533-4edc94fc8959,base
A2HYIKTX401EJV,2,7,retest,1,two_refs_egocentric,two_refs_egocentric_target,further from,closer to,Mark is in front of Ali. Mark walks forwards. Mark is getting BLANK Ali.,2829a666-eb26-5378-b0eb-cfd72cc8b03f,base
A2HYIKTX401EJV,2,7,retest,0,relative_pos,relative_pos_context,drops,picks up,Ali is holding the tennis ball and the ping pong ball is on the floor. Ali BLANK the ping pong ball. The ping pong ball is closer to the tennis ball.,e9045eb2-8977-5b55-a497-b208a72d84e3,base
A2HYIKTX401EJV,2,7,retest,1,two_refs_egocentric,two_refs_egocentric_target,away,towards,Ali is facing towards Mark. Ali turns around. Ali is facing BLANK Mark.,03aa1fc7-369b-5dbc-a94e-7d6f36d60ff7,base
A2HYIKTX401EJV,2,7,retest,0,two_refs_egocentric,two_refs_egocentric_target,away from,towards,Mark and Ali are facing away from eachother. Mark turns around. Ali is facing BLANK Mark.,be5f74e8-5413-5aa2-97f3-17a48d7c1398,base
A2HYIKTX401EJV,2,7,retest,0,two_refs_egocentric,two_refs_egocentric_context,behind,in front of,Mark is BLANK Ali. Mark walks backwards. Mark is getting further from Ali.,ecf7b885-f68f-5217-ad5e-060cd2931386,base
A2HYIKTX401EJV,2,7,retest,0,two_refs_egocentric,two_refs_egocentric_context,away from,towards,Mark and Ali are facing BLANK eachother. Mark turns around. Ali is facing away from Mark.,7639e22f-157b-54af-bc89-d24f4f594fbc,base
A2HYIKTX401EJV,2,7,retest,1,two_refs_egocentric,two_refs_egocentric_target,can't see,sees,Ali is to the right of Mark. Mark looks to his left. Mark BLANK Ali.,fbf592f6-8ba1-5c3c-9621-b9b115f14b45,base
A2HYIKTX401EJV,2,7,retest,1,two_refs_egocentric,two_refs_egocentric_target,away from,towards,Mark is to the left of Ali. Mark looks to his left and Ali looks to his right. Ali is facing BLANK Mark.,d2172169-bc46-53a4-b15d-1427bee617a3,base
A2HYIKTX401EJV,2,7,retest,1,two_refs_egocentric,two_refs_egocentric_target,further from,closer to,Mark is behind Ali. Mark walks backwards. Mark is getting BLANK Ali.,48bff914-3c65-5b87-a359-0a1184e0384a,base
A2HYIKTX401EJV,2,7,retest,0,relative_pos,relative_pos_context,touching,far from,The tennis ball is BLANK the bowling ball. Ali rolls the bowling ball. The bowling ball is further from the tennis ball.,4da6b0a2-fbd8-5d77-8b6a-05110a23606c,base
A2HYIKTX401EJV,2,7,retest,1,relative_pos,relative_pos_target,below,above,The box is next to the desk. Ali stacks the desk on the box. The box is BLANK the desk.,8aeff28e-26ae-521e-82a2-2e601a18054c,base
A2HYIKTX401EJV,2,7,retest,1,two_refs_egocentric,two_refs_egocentric_context,towards,away from,Ali is facing BLANK Mark. Ali turns around. Ali is facing away from Mark.,f4266518-1793-5186-bc8d-ae526e9a43f9,base
A2HYIKTX401EJV,2,7,retest,1,relative_pos,relative_pos_target,closer to,further from,Ali is holding the tennis ball and the ping pong ball is on the floor. Ali picks up the ping pong ball. The ping pong ball is BLANK the tennis ball.,af77a546-4fb5-5490-b4db-cac9fd597078,base
A2HYIKTX401EJV,2,7,retest,1,two_refs_egocentric,two_refs_egocentric_target,away from,towards,Mark and Ali are both facing right. Ali turns to his left. Ali is facing BLANK Mark.,313894db-d76b-5163-8db3-6e5c4869a7c2,base
A2HYIKTX401EJV,2,7,retest,0,two_refs_egocentric,two_refs_egocentric_target,away from,towards,Mark and Ali are both facing left. Ali turns to his right. Ali is facing BLANK Mark.,b95f9817-6f0f-52e4-917e-5e53b7e08502,base
A2HYIKTX401EJV,2,7,retest,0,two_refs_egocentric,two_refs_egocentric_target,towards,away from,Mark is to the left of Ali. Mark looks to his left and Ali looks to his left. Ali is facing BLANK Mark.,3b349749-0956-5093-b528-ea281f998710,base
A2HYIKTX401EJV,2,7,retest,0,two_refs_egocentric,two_refs_egocentric_context,left of,right of,Mark is to the BLANK Ali. Mark looks to his left and Ali looks to his left. Ali is facing towards Mark.,32e2f418-ea5f-51a7-b0a7-31dc7b546d0d,base
A2HYIKTX401EJV,2,7,retest,1,two_refs_egocentric,two_refs_egocentric_context,left,right,Mark and Ali are both facing BLANK. Ali turns to his right. Ali is facing away from Mark.,e558cc86-f7fb-53e8-a6d0-b663f3736066,base
A2HYIKTX401EJV,2,7,retest,0,two_refs_egocentric,two_refs_egocentric_target,towards,away from,Ali and Mark are facing eachother. Mark turns around. Ali is facing BLANK Mark.,0f27ed08-ff9a-593c-a9d7-a3c11c3fa063,base
A2HYIKTX401EJV,2,7,retest,1,two_refs_egocentric,two_refs_egocentric_context,Mark,Ali,Ali and Mark are facing eachother. BLANK turns around. Ali is facing towards Mark.,554eecfd-5f36-53a1-a69b-9db494809329,base
A2HYIKTX401EJV,2,7,retest,1,relative_pos,relative_pos_context,box inside the ball,ball inside the box,The box is next to the ball. Ali puts the BLANK. the ball is larger than the box.,d0f6e14f-c11f-5129-a06d-757d2ef1f3e0,base
A2HYIKTX401EJV,2,7,retest,0,two_refs_egocentric,two_refs_egocentric_context,away from,towards,Mark is facing BLANK Ali. Ali turns around. Mark is facing away Ali.,895de9d1-e0d1-5c72-8735-26632183eb17,base
A2HYIKTX401EJV,2,7,retest,0,two_refs_egocentric,two_refs_egocentric_context,right,left,Ali is to Mark's BLANK. Ali turns around. Ali is to Mark's right.,3d9a8209-4859-5626-ae60-7106a591cf7d,base
A2HYIKTX401EJV,2,7,retest,0,two_refs_egocentric,two_refs_egocentric_target,right,left,Ali is to Mark's right. Ali turns around. Ali is to Mark's BLANK.,fb50aa4f-e1a5-5502-b6c5-af9ac29e973f,base
A2HYIKTX401EJV,2,7,retest,1,two_refs_egocentric,two_refs_egocentric_context,right of,left of,Ali is to the BLANK Mark. Mark looks to his right. Mark see Ali.,162a2775-ee11-5113-88b7-2c0428ec9880,base
A2HYIKTX401EJV,2,7,retest,0,two_refs_egocentric,two_refs_egocentric_context,in front of,behind,Mark is BLANK Ali. Mark walks forwards. Mark is getting further from Ali.,65c476d8-7b46-50ad-9fa1-ba59c9300205,base
A2HYIKTX401EJV,2,7,retest,1,relative_pos,relative_pos_context,desk on the box,box on the desk,The box is next to the desk. Ali stacks the BLANK. The box is below the desk.,c2788238-3365-5292-9d47-fe45ebf9d292,base
A2HYIKTX401EJV,2,7,retest,0,two_refs_egocentric,two_refs_egocentric_target,away,towards,Mark is facing away from Ali. Ali turns around. Mark is facing BLANK Ali.,b76b8738-c1c0-51f3-a9d3-afd39d7b27de,base
A2HYIKTX401EJV,2,7,retest,1,relative_pos,relative_pos_target,larger than,smaller than,The box is next to the ball. Ali puts the box inside the ball. the ball is BLANK the box.,e9cd54e4-b0c0-5fb6-b31f-9d48dd2f95be,base
A2HYIKTX401EJV,2,7,retest,1,relative_pos,relative_pos_target,higher than,lower than,The ball and the box are on the table. Ali picks up the ball. The ball is BLANK the box.,86bdb97e-1aa8-54ef-91f1-a041c3184f9e,base
A2HYIKTX401EJV,2,7,retest,1,relative_pos,relative_pos_target,lower than,higher than,The ball and the box are on top of the ramp. The ball rolls down the ramp. The ball is BLANK the box.,43ee992d-ffc4-5dbd-9aa3-d6017f8b92d1,base
A2HYIKTX401EJV,2,7,retest,1,relative_pos,relative_pos_target,lower than,higher than,The ball and the box are on top of the ramp. The ball rolls down the ramp. The ball is BLANK the box.,43ee992d-ffc4-5dbd-9aa3-d6017f8b92d1,base
A2HYIKTX401EJV,2,7,retest,1,two_refs_egocentric,two_refs_egocentric_context,away from,towards,Ali is facing BLANK Mark. Ali turns around. Ali is facing towards Mark.,449d83b2-712b-5aac-8c22-00d1bb07b0f7,base
A2HYIKTX401EJV,2,7,retest,1,two_refs_egocentric,two_refs_egocentric_context,away from,towards,Ali is facing BLANK Mark. Ali turns around. Ali is facing towards Mark.,449d83b2-712b-5aac-8c22-00d1bb07b0f7,base
A2HYIKTX401EJV,2,7,retest,0,two_refs_egocentric,two_refs_egocentric_target,away from,towards,Ali is to the right of Mark. Mark looks to his left and Ali looks to his right. Ali is facing BLANK Mark.,55e95efb-f247-5bea-8540-4b6bee6c11de,base
A2HYIKTX401EJV,2,7,retest,0,two_refs_egocentric,two_refs_egocentric_target,away from,towards,Ali is to the right of Mark. Mark looks to his left and Ali looks to his right. Ali is facing BLANK Mark.,55e95efb-f247-5bea-8540-4b6bee6c11de,base
A2HYIKTX401EJV,2,7,retest,1,relative_pos,relative_pos_context,drops,picks up,Ali is holding the tennis ball and the ping pong ball. Ali BLANK the ping pong ball. The ping pong ball is further from the tennis ball.,e0a90fc5-4ebc-567a-bbc8-8bd5d3b008ec,base
A2HYIKTX401EJV,2,7,retest,1,relative_pos,relative_pos_context,drops,picks up,Ali is holding the tennis ball and the ping pong ball. Ali BLANK the ping pong ball. The ping pong ball is further from the tennis ball.,e0a90fc5-4ebc-567a-bbc8-8bd5d3b008ec,base
A2HYIKTX401EJV,2,7,retest,1,two_refs_egocentric,two_refs_egocentric_target,closer to,further from,Mark is behind Ali. Mark walks fowards. Mark is getting BLANK Ali.,95034e79-b705-587b-9cd2-41aa02e2609b,base
A2HYIKTX401EJV,2,7,retest,1,two_refs_egocentric,two_refs_egocentric_target,closer to,further from,Mark is behind Ali. Mark walks fowards. Mark is getting BLANK Ali.,95034e79-b705-587b-9cd2-41aa02e2609b,base
A2HYIKTX401EJV,2,7,retest,1,two_refs_egocentric,two_refs_egocentric_context,right of,left of,Ali is to the BLANK Mark. Mark looks to his left and Ali looks to his right. Ali is facing away from Mark.,5042a6f6-7c11-5467-85b5-0ab828d3c5d1,base
A2HYIKTX401EJV,2,7,retest,1,two_refs_egocentric,two_refs_egocentric_context,right of,left of,Ali is to the BLANK Mark. Mark looks to his left and Ali looks to his right. Ali is facing away from Mark.,5042a6f6-7c11-5467-85b5-0ab828d3c5d1,base
A2HYIKTX401EJV,2,7,retest,1,relative_pos,relative_pos_target,touching,not touching,The box is next to the ball. Ali puts the ball inside the box. The ball is BLANK the box.,8b324b61-eae2-5fb9-a533-4edc94fc8959,base
A2HYIKTX401EJV,2,7,retest,1,relative_pos,relative_pos_target,touching,not touching,The box is next to the ball. Ali puts the ball inside the box. The ball is BLANK the box.,8b324b61-eae2-5fb9-a533-4edc94fc8959,base
A2HYIKTX401EJV,2,7,retest,1,two_refs_egocentric,two_refs_egocentric_target,further from,closer to,Mark is in front of Ali. Mark walks forwards. Mark is getting BLANK Ali.,2829a666-eb26-5378-b0eb-cfd72cc8b03f,base
A2HYIKTX401EJV,2,7,retest,1,two_refs_egocentric,two_refs_egocentric_target,further from,closer to,Mark is in front of Ali. Mark walks forwards. Mark is getting BLANK Ali.,2829a666-eb26-5378-b0eb-cfd72cc8b03f,base
A2HYIKTX401EJV,2,7,retest,0,relative_pos,relative_pos_context,drops,picks up,Ali is holding the tennis ball and the ping pong ball is on the floor. Ali BLANK the ping pong ball. The ping pong ball is closer to the tennis ball.,e9045eb2-8977-5b55-a497-b208a72d84e3,base
A2HYIKTX401EJV,2,7,retest,0,relative_pos,relative_pos_context,drops,picks up,Ali is holding the tennis ball and the ping pong ball is on the floor. Ali BLANK the ping pong ball. The ping pong ball is closer to the tennis ball.,e9045eb2-8977-5b55-a497-b208a72d84e3,base
A2HYIKTX401EJV,2,7,retest,0,two_refs_egocentric,two_refs_egocentric_target,away from,towards,Mark and Ali are facing away from eachother. Mark turns around. Ali is facing BLANK Mark.,be5f74e8-5413-5aa2-97f3-17a48d7c1398,base
A2HYIKTX401EJV,2,7,retest,0,two_refs_egocentric,two_refs_egocentric_target,away from,towards,Mark and Ali are facing away from eachother. Mark turns around. Ali is facing BLANK Mark.,be5f74e8-5413-5aa2-97f3-17a48d7c1398,base
A2HYIKTX401EJV,2,7,retest,0,two_refs_egocentric,two_refs_egocentric_context,behind,in front of,Mark is BLANK Ali. Mark walks backwards. Mark is getting further from Ali.,ecf7b885-f68f-5217-ad5e-060cd2931386,base
A2HYIKTX401EJV,2,7,retest,0,two_refs_egocentric,two_refs_egocentric_context,behind,in front of,Mark is BLANK Ali. Mark walks backwards. Mark is getting further from Ali.,ecf7b885-f68f-5217-ad5e-060cd2931386,base
A2HYIKTX401EJV,2,7,retest,0,two_refs_egocentric,two_refs_egocentric_context,away from,towards,Mark and Ali are facing BLANK eachother. Mark turns around. Ali is facing away from Mark.,7639e22f-157b-54af-bc89-d24f4f594fbc,base
A2HYIKTX401EJV,2,7,retest,0,two_refs_egocentric,two_refs_egocentric_context,away from,towards,Mark and Ali are facing BLANK eachother. Mark turns around. Ali is facing away from Mark.,7639e22f-157b-54af-bc89-d24f4f594fbc,base
A2HYIKTX401EJV,2,7,retest,0,relative_pos,relative_pos_context,touching,far from,The tennis ball is BLANK the bowling ball. Ali rolls the bowling ball. The bowling ball is further from the tennis ball.,4da6b0a2-fbd8-5d77-8b6a-05110a23606c,base
A2HYIKTX401EJV,2,7,retest,0,relative_pos,relative_pos_context,touching,far from,The tennis ball is BLANK the bowling ball. Ali rolls the bowling ball. The bowling ball is further from the tennis ball.,4da6b0a2-fbd8-5d77-8b6a-05110a23606c,base
A2HYIKTX401EJV,2,7,retest,1,relative_pos,relative_pos_target,below,above,The box is next to the desk. Ali stacks the desk on the box. The box is BLANK the desk.,8aeff28e-26ae-521e-82a2-2e601a18054c,base
A2HYIKTX401EJV,2,7,retest,1,relative_pos,relative_pos_target,below,above,The box is next to the desk. Ali stacks the desk on the box. The box is BLANK the desk.,8aeff28e-26ae-521e-82a2-2e601a18054c,base
A2HYIKTX401EJV,2,7,retest,1,two_refs_egocentric,two_refs_egocentric_target,away from,towards,Mark and Ali are both facing left. Ali turns to his right. Ali is facing BLANK Mark.,b95f9817-6f0f-52e4-917e-5e53b7e08502,base
A2HYIKTX401EJV,2,7,retest,1,two_refs_egocentric,two_refs_egocentric_target,away from,towards,Mark and Ali are both facing left. Ali turns to his right. Ali is facing BLANK Mark.,b95f9817-6f0f-52e4-917e-5e53b7e08502,base
A2HYIKTX401EJV,2,7,retest,0,two_refs_egocentric,two_refs_egocentric_target,towards,away from,Mark is to the left of Ali. Mark looks to his left and Ali looks to his left. Ali is facing BLANK Mark.,3b349749-0956-5093-b528-ea281f998710,base
A2HYIKTX401EJV,2,7,retest,0,two_refs_egocentric,two_refs_egocentric_target,towards,away from,Mark is to the left of Ali. Mark looks to his left and Ali looks to his left. Ali is facing BLANK Mark.,3b349749-0956-5093-b528-ea281f998710,base
A2HYIKTX401EJV,2,7,retest,0,two_refs_egocentric,two_refs_egocentric_context,left of,right of,Mark is to the BLANK Ali. Mark looks to his left and Ali looks to his left. Ali is facing towards Mark.,32e2f418-ea5f-51a7-b0a7-31dc7b546d0d,base
A2HYIKTX401EJV,2,7,retest,0,two_refs_egocentric,two_refs_egocentric_context,left of,right of,Mark is to the BLANK Ali. Mark looks to his left and Ali looks to his left. Ali is facing towards Mark.,32e2f418-ea5f-51a7-b0a7-31dc7b546d0d,base
A2HYIKTX401EJV,2,7,retest,1,two_refs_egocentric,two_refs_egocentric_context,left,right,Mark and Ali are both facing BLANK. Ali turns to his right. Ali is facing away from Mark.,e558cc86-f7fb-53e8-a6d0-b663f3736066,base
A2HYIKTX401EJV,2,7,retest,1,two_refs_egocentric,two_refs_egocentric_context,left,right,Mark and Ali are both facing BLANK. Ali turns to his right. Ali is facing away from Mark.,e558cc86-f7fb-53e8-a6d0-b663f3736066,base
A2HYIKTX401EJV,2,7,retest,0,two_refs_egocentric,two_refs_egocentric_target,towards,away from,Ali and Mark are facing eachother. Mark turns around. Ali is facing BLANK Mark.,0f27ed08-ff9a-593c-a9d7-a3c11c3fa063,base
A2HYIKTX401EJV,2,7,retest,0,two_refs_egocentric,two_refs_egocentric_target,towards,away from,Ali and Mark are facing eachother. Mark turns around. Ali is facing BLANK Mark.,0f27ed08-ff9a-593c-a9d7-a3c11c3fa063,base
A2HYIKTX401EJV,2,7,retest,0,two_refs_egocentric,two_refs_egocentric_context,away from,towards,Mark is facing BLANK Ali. Ali turns around. Mark is facing away Ali.,895de9d1-e0d1-5c72-8735-26632183eb17,base
A2HYIKTX401EJV,2,7,retest,0,two_refs_egocentric,two_refs_egocentric_context,away from,towards,Mark is facing BLANK Ali. Ali turns around. Mark is facing away Ali.,895de9d1-e0d1-5c72-8735-26632183eb17,base
A2HYIKTX401EJV,2,7,retest,0,two_refs_egocentric,two_refs_egocentric_context,right,left,Ali is to Mark's BLANK. Ali turns around. Ali is to Mark's right.,3d9a8209-4859-5626-ae60-7106a591cf7d,base
A2HYIKTX401EJV,2,7,retest,0,two_refs_egocentric,two_refs_egocentric_context,right,left,Ali is to Mark's BLANK. Ali turns around. Ali is to Mark's right.,3d9a8209-4859-5626-ae60-7106a591cf7d,base
A2HYIKTX401EJV,2,7,retest,0,two_refs_egocentric,two_refs_egocentric_target,right,left,Ali is to Mark's right. Ali turns around. Ali is to Mark's BLANK.,fb50aa4f-e1a5-5502-b6c5-af9ac29e973f,base
A2HYIKTX401EJV,2,7,retest,0,two_refs_egocentric,two_refs_egocentric_target,right,left,Ali is to Mark's right. Ali turns around. Ali is to Mark's BLANK.,fb50aa4f-e1a5-5502-b6c5-af9ac29e973f,base
A2HYIKTX401EJV,2,7,retest,1,two_refs_egocentric,two_refs_egocentric_context,in front of,behind,Mark is BLANK Ali. Mark walks forwards. Mark is getting further from Ali.,65c476d8-7b46-50ad-9fa1-ba59c9300205,base
A2HYIKTX401EJV,2,7,retest,1,two_refs_egocentric,two_refs_egocentric_context,in front of,behind,Mark is BLANK Ali. Mark walks forwards. Mark is getting further from Ali.,65c476d8-7b46-50ad-9fa1-ba59c9300205,base
A2HYIKTX401EJV,2,7,retest,0,two_refs_egocentric,two_refs_egocentric_target,away,towards,Mark is facing away from Ali. Ali turns around. Mark is facing BLANK Ali.,b76b8738-c1c0-51f3-a9d3-afd39d7b27de,base
A2HYIKTX401EJV,2,7,retest,0,two_refs_egocentric,two_refs_egocentric_target,away,towards,Mark is facing away from Ali. Ali turns around. Mark is facing BLANK Ali.,b76b8738-c1c0-51f3-a9d3-afd39d7b27de,base
A2HYIKTX401EJV,2,7,retest,1,relative_pos,relative_pos_target,larger than,smaller than,The box is next to the ball. Ali puts the box inside the ball. the ball is BLANK the box.,e9cd54e4-b0c0-5fb6-b31f-9d48dd2f95be,base
A2HYIKTX401EJV,2,7,retest,1,relative_pos,relative_pos_target,larger than,smaller than,The box is next to the ball. Ali puts the box inside the ball. the ball is BLANK the box.,e9cd54e4-b0c0-5fb6-b31f-9d48dd2f95be,base
A2KTQS8KIG5GIU,2,6,retest,0,two_refs_geocentric,two_refs_geocentric_context,West,East,Mark is facing East and Ali is facing BLANK. Mark turns 180 degrees. Mark and Ali are facing the same direction.,09a5259f-f1f6-5316-829f-75de35dc7fe2,base
A2KTQS8KIG5GIU,2,6,retest,0,two_refs_geocentric,two_refs_geocentric_context,West,East,Mark is BLANK of Ali facing East. Ali is East of Mark facing West. Mark is facing towards Ali.,d88cd359-fee1-5421-b204-da79447cd71c,base
A2KTQS8KIG5GIU,2,6,retest,1,two_refs_geocentric,two_refs_geocentric_target,North,South,Mark and Ali are both directly West of Budapest. Mark walks South. Ali is BLANK of Mark.,83b8ada3-adc0-51d6-8c2c-d39bacde7ea1,base
A2KTQS8KIG5GIU,2,6,retest,1,two_refs_geocentric,two_refs_geocentric_target,away from,towards,Mark is East of Ali facing East. Ali is West of Mark facing West. Mark is facing BLANK Ali.,d7c6e00b-4c44-5369-ac36-15cf71d8f6b8,base
A2KTQS8KIG5GIU,2,6,retest,1,two_refs_geocentric,two_refs_geocentric_context,West,East,Milwaukee is South of Mark. Mark goes BLANK. Milwaukee is Southeast of Mark.,d8873371-c599-505f-a895-9df8ff3d5ebd,base
A2KTQS8KIG5GIU,2,6,retest,0,two_refs_geocentric,two_refs_geocentric_context,East,West,Milwaukee is North of Mark. Mark goes BLANK. Milwaukee is Northwest of Mark.,a4e641f8-8936-52ee-87ee-a034509bc15f,base
A2KTQS8KIG5GIU,2,6,retest,1,two_refs_geocentric,two_refs_geocentric_target,East,West,Mark is East of Budapest and Ali is West of Budapest. Ali walks directly towards Mark. Ali is heading BLANK.,50388291-cfb1-51f5-b757-16c6ee10b4c6,base
A2KTQS8KIG5GIU,2,6,retest,1,two_refs_geocentric,two_refs_geocentric_context,East,West,Mark is facing BLANK and Ali is facing West. Mark turns around. Mark is facing West.,e7a0ff83-cb27-54fe-bcf5-24d5d5f5b950,base
A2KTQS8KIG5GIU,2,6,retest,1,two_refs_geocentric,two_refs_geocentric_context,East,West,Mark is facing South and Ali is facing BLANK. Mark turns 90 degrees to his right. Mark and Ali are facing different directions.,afb3e71e-dd5a-51dd-bdc0-e3e027d7048d,base
A2KTQS8KIG5GIU,2,6,retest,0,two_refs_geocentric,two_refs_geocentric_context,East,West,Mark is BLANK of Ali. Mark turns right. Mark is East of Ali.,cb89881b-c899-5760-bd9d-f73c4ab4521c,base
A2KTQS8KIG5GIU,2,6,retest,1,two_refs_geocentric,two_refs_geocentric_context,towards,away from,Mark is East of Budapest and Ali is West of Budapest. Mark walks directly BLANK Ali. Mark is heading West.,07d45d86-9d5e-5f76-a281-81fd6837ef87,base
A2KTQS8KIG5GIU,2,6,retest,0,two_refs_geocentric,two_refs_geocentric_context,East,West,Mark is BLANK of Ali facing East. Ali is West of Mark facing West. Mark is facing away from Ali.,a55a83e9-f5a4-5aee-907d-c7ec664911e3,base
A2KTQS8KIG5GIU,2,6,retest,1,two_refs_geocentric,two_refs_geocentric_target,the same direction,different directions,Mark is facing South and Ali is facing East. Mark turns 90 degrees to his right. Mark and Ali are facing BLANK.,2a3beaa8-c767-5efa-9738-2608cfab99a2,base
A2KTQS8KIG5GIU,2,6,retest,1,two_refs_geocentric,two_refs_geocentric_context,East,West,Mark is facing North and Ali is facing BLANK. Mark turns 90 degrees to his right. Mark and Ali are facing the same direction.,deba861b-2296-5137-a8b7-9d7504d90d47,base
A2KTQS8KIG5GIU,2,6,retest,1,two_refs_geocentric,two_refs_geocentric_target,South,North,Mark is North of Budapest and Ali is South of Budapest. Ali walks directly away from Mark. Ali is walking BLANK.,2c8f684c-1ce8-521c-8d68-9c703b78727d,base
A2KTQS8KIG5GIU,2,6,retest,0,two_refs_geocentric,two_refs_geocentric_context,West,East,Milwaukee is South of Mark. Mark goes BLANK. Mark is Northeast of Milwaukee.,e35d39b7-29e7-5f8f-89c1-1daa34e84ebd,base
A2KTQS8KIG5GIU,2,6,retest,1,two_refs_geocentric,two_refs_geocentric_target,towards,away from,Mark is West of Ali facing East. Ali is East of Mark facing West. Mark is facing BLANK Ali.,c653d385-9060-521b-a3d2-7b3bdc386792,base
A2KTQS8KIG5GIU,2,6,retest,1,two_refs_geocentric,two_refs_geocentric_target,Northwest,Southeast,Milwaukee is North of Mark. Mark goes East. Milwaukee is BLANK of Mark.,4ec12ad0-e7c6-511d-97e4-2c59b20c8143,base
A2KTQS8KIG5GIU,2,6,retest,0,two_refs_geocentric,two_refs_geocentric_target,South,North,Mark and Ali are both directly East of Budapest. Mark walks North. Ali is BLANK of Mark.,b4bfe01b-251a-51c6-a900-d1307f5ec5cb,base
A2KTQS8KIG5GIU,2,6,retest,1,two_refs_geocentric,two_refs_geocentric_context,away from,towards,Mark is North of Budapest and Ali is South of Budapest. Ali walks directly BLANK Mark. Ali is walking South.,51d41ac1-cf08-5458-8208-4162c1e865f6,base
A2KTQS8KIG5GIU,2,6,retest,1,two_refs_geocentric,two_refs_geocentric_target,the same direction,different directions,Mark is facing North and Ali is facing East. Mark turns 90 degrees to his right. Mark and Ali are facing BLANK.,286ce04e-0e99-55bd-b40b-485e9a55ddc1,base
A2KTQS8KIG5GIU,2,6,retest,0,two_refs_geocentric,two_refs_geocentric_target,Northest,Southeast,Milwaukee is South of Mark. Mark goes West. Mark is BLANK of Milwaukee.,e23f07b1-bdfa-5969-9480-74020b4ede21,base
A2KTQS8KIG5GIU,2,6,retest,1,two_refs_geocentric,two_refs_geocentric_context,West,East,Mark is facing East and Ali is facing BLANK. Mark turns 180 degrees. Mark and Ali are facing the same direction.,09a5259f-f1f6-5316-829f-75de35dc7fe2,base
A2KTQS8KIG5GIU,2,6,retest,1,two_refs_geocentric,two_refs_geocentric_context,West,East,Mark is facing East and Ali is facing BLANK. Mark turns 180 degrees. Mark and Ali are facing the same direction.,09a5259f-f1f6-5316-829f-75de35dc7fe2,base
A2KTQS8KIG5GIU,2,6,retest,1,two_refs_geocentric,two_refs_geocentric_context,West,East,Mark is BLANK of Ali facing East. Ali is East of Mark facing West. Mark is facing towards Ali.,d88cd359-fee1-5421-b204-da79447cd71c,base
A2KTQS8KIG5GIU,2,6,retest,1,two_refs_geocentric,two_refs_geocentric_context,West,East,Mark is BLANK of Ali facing East. Ali is East of Mark facing West. Mark is facing towards Ali.,d88cd359-fee1-5421-b204-da79447cd71c,base
A2KTQS8KIG5GIU,2,6,retest,0,two_refs_geocentric,two_refs_geocentric_target,North,South,Mark and Ali are both directly West of Budapest. Mark walks South. Ali is BLANK of Mark.,83b8ada3-adc0-51d6-8c2c-d39bacde7ea1,base
A2KTQS8KIG5GIU,2,6,retest,0,two_refs_geocentric,two_refs_geocentric_target,North,South,Mark and Ali are both directly West of Budapest. Mark walks South. Ali is BLANK of Mark.,83b8ada3-adc0-51d6-8c2c-d39bacde7ea1,base
A2KTQS8KIG5GIU,2,6,retest,0,two_refs_geocentric,two_refs_geocentric_target,away from,towards,Mark is East of Ali facing East. Ali is West of Mark facing West. Mark is facing BLANK Ali.,d7c6e00b-4c44-5369-ac36-15cf71d8f6b8,base
A2KTQS8KIG5GIU,2,6,retest,0,two_refs_geocentric,two_refs_geocentric_target,away from,towards,Mark is East of Ali facing East. Ali is West of Mark facing West. Mark is facing BLANK Ali.,d7c6e00b-4c44-5369-ac36-15cf71d8f6b8,base
A2KTQS8KIG5GIU,2,6,retest,0,two_refs_geocentric,two_refs_geocentric_context,East,West,Milwaukee is North of Mark. Mark goes BLANK. Milwaukee is Northwest of Mark.,a4e641f8-8936-52ee-87ee-a034509bc15f,base
A2KTQS8KIG5GIU,2,6,retest,0,two_refs_geocentric,two_refs_geocentric_context,East,West,Milwaukee is North of Mark. Mark goes BLANK. Milwaukee is Northwest of Mark.,a4e641f8-8936-52ee-87ee-a034509bc15f,base
A2KTQS8KIG5GIU,2,6,retest,1,two_refs_geocentric,two_refs_geocentric_target,East,West,Mark is East of Budapest and Ali is West of Budapest. Ali walks directly towards Mark. Ali is heading BLANK.,50388291-cfb1-51f5-b757-16c6ee10b4c6,base
A2KTQS8KIG5GIU,2,6,retest,1,two_refs_geocentric,two_refs_geocentric_target,East,West,Mark is East of Budapest and Ali is West of Budapest. Ali walks directly towards Mark. Ali is heading BLANK.,50388291-cfb1-51f5-b757-16c6ee10b4c6,base
A2KTQS8KIG5GIU,2,6,retest,1,two_refs_geocentric,two_refs_geocentric_context,East,West,Mark is facing BLANK and Ali is facing West. Mark turns around. Mark is facing West.,e7a0ff83-cb27-54fe-bcf5-24d5d5f5b950,base
A2KTQS8KIG5GIU,2,6,retest,1,two_refs_geocentric,two_refs_geocentric_context,East,West,Mark is facing BLANK and Ali is facing West. Mark turns around. Mark is facing West.,e7a0ff83-cb27-54fe-bcf5-24d5d5f5b950,base
A2KTQS8KIG5GIU,2,6,retest,0,two_refs_geocentric,two_refs_geocentric_context,East,West,Mark is BLANK of Ali. Mark turns right. Mark is East of Ali.,cb89881b-c899-5760-bd9d-f73c4ab4521c,base
A2KTQS8KIG5GIU,2,6,retest,0,two_refs_geocentric,two_refs_geocentric_context,East,West,Mark is BLANK of Ali. Mark turns right. Mark is East of Ali.,cb89881b-c899-5760-bd9d-f73c4ab4521c,base
A2KTQS8KIG5GIU,2,6,retest,0,two_refs_geocentric,two_refs_geocentric_context,East,West,Mark is BLANK of Ali facing East. Ali is West of Mark facing West. Mark is facing away from Ali.,a55a83e9-f5a4-5aee-907d-c7ec664911e3,base
A2KTQS8KIG5GIU,2,6,retest,0,two_refs_geocentric,two_refs_geocentric_context,East,West,Mark is BLANK of Ali facing East. Ali is West of Mark facing West. Mark is facing away from Ali.,a55a83e9-f5a4-5aee-907d-c7ec664911e3,base
A2KTQS8KIG5GIU,2,6,retest,0,two_refs_geocentric,two_refs_geocentric_context,West,East,Milwaukee is South of Mark. Mark goes BLANK. Mark is Northeast of Milwaukee.,e35d39b7-29e7-5f8f-89c1-1daa34e84ebd,base
A2KTQS8KIG5GIU,2,6,retest,0,two_refs_geocentric,two_refs_geocentric_context,West,East,Milwaukee is South of Mark. Mark goes BLANK. Mark is Northeast of Milwaukee.,e35d39b7-29e7-5f8f-89c1-1daa34e84ebd,base
A2KTQS8KIG5GIU,2,6,retest,0,two_refs_geocentric,two_refs_geocentric_target,towards,away from,Mark is West of Ali facing East. Ali is East of Mark facing West. Mark is facing BLANK Ali.,c653d385-9060-521b-a3d2-7b3bdc386792,base
A2KTQS8KIG5GIU,2,6,retest,0,two_refs_geocentric,two_refs_geocentric_target,towards,away from,Mark is West of Ali facing East. Ali is East of Mark facing West. Mark is facing BLANK Ali.,c653d385-9060-521b-a3d2-7b3bdc386792,base
A2KTQS8KIG5GIU,2,6,retest,0,two_refs_geocentric,two_refs_geocentric_target,South,North,Mark and Ali are both directly East of Budapest. Mark walks North. Ali is BLANK of Mark.,b4bfe01b-251a-51c6-a900-d1307f5ec5cb,base
A2KTQS8KIG5GIU,2,6,retest,0,two_refs_geocentric,two_refs_geocentric_target,South,North,Mark and Ali are both directly East of Budapest. Mark walks North. Ali is BLANK of Mark.,b4bfe01b-251a-51c6-a900-d1307f5ec5cb,base
A2KTQS8KIG5GIU,2,6,retest,0,two_refs_geocentric,two_refs_geocentric_target,Northest,Southeast,Milwaukee is South of Mark. Mark goes West. Mark is BLANK of Milwaukee.,e23f07b1-bdfa-5969-9480-74020b4ede21,base
A2KTQS8KIG5GIU,2,6,retest,0,two_refs_geocentric,two_refs_geocentric_target,Northest,Southeast,Milwaukee is South of Mark. Mark goes West. Mark is BLANK of Milwaukee.,e23f07b1-bdfa-5969-9480-74020b4ede21,base
A2V2FWJO9PMPK3,2,7,retest,1,two_refs_egocentric,two_refs_egocentric_target,further from,closer to,Mark is behind Ali. Mark walks backwards. Mark is getting BLANK Ali.,48bff914-3c65-5b87-a359-0a1184e0384a,base
A2V2FWJO9PMPK3,2,7,retest,1,two_refs_egocentric,two_refs_egocentric_context,away from,towards,Mark is facing BLANK Ali. Ali turns around. Mark is facing away Ali.,895de9d1-e0d1-5c72-8735-26632183eb17,base
A2V2FWJO9PMPK3,2,7,retest,1,two_refs_egocentric,two_refs_egocentric_target,further from,closer to,Mark is in front of Ali. Mark walks forwards. Mark is getting BLANK Ali.,2829a666-eb26-5378-b0eb-cfd72cc8b03f,base
A2V2FWJO9PMPK3,2,7,retest,1,two_refs_egocentric,two_refs_egocentric_context,right,left,Mark and Ali are both facing BLANK. Ali turns to his left. Ali is facing away from Mark.,6b81874a-94f4-52ac-8699-24e6582fc7e8,base
A2V2FWJO9PMPK3,2,7,retest,0,two_refs_egocentric,two_refs_egocentric_context,in front of,behind,Mark is BLANK Ali. Mark walks forwards. Mark is getting further from Ali.,65c476d8-7b46-50ad-9fa1-ba59c9300205,base
A2V2FWJO9PMPK3,2,7,retest,0,two_refs_egocentric,two_refs_egocentric_target,away from,towards,Mark and Ali are both facing right. Ali turns to his left. Ali is facing BLANK Mark.,313894db-d76b-5163-8db3-6e5c4869a7c2,base
A2V2FWJO9PMPK3,2,7,retest,0,relative_pos,relative_pos_context,touching,far from,The tennis ball is BLANK the bowling ball. Ali rolls the bowling ball. The bowling ball is further from the tennis ball.,4da6b0a2-fbd8-5d77-8b6a-05110a23606c,base
A2V2FWJO9PMPK3,2,7,retest,1,two_refs_egocentric,two_refs_egocentric_context,right,left,Mark is facing BLANK and Ali is facing left. Mark turns to his left. Mark is facing towards Ali.,7de47fb4-c4b1-5b47-be35-ade455a74837,base
A2V2FWJO9PMPK3,2,7,retest,0,relative_pos,relative_pos_context,box inside the ball,ball inside the box,The box is next to the ball. Ali puts the BLANK. the ball is larger than the box.,d0f6e14f-c11f-5129-a06d-757d2ef1f3e0,base
A2V2FWJO9PMPK3,2,7,retest,1,relative_pos,relative_pos_target,below,above,The box is next to the desk. Ali stacks the desk on the box. The box is BLANK the desk.,8aeff28e-26ae-521e-82a2-2e601a18054c,base
A2V2FWJO9PMPK3,2,7,retest,1,two_refs_egocentric,two_refs_egocentric_target,away,towards,Ali is facing towards Mark. Ali turns around. Ali is facing BLANK Mark.,03aa1fc7-369b-5dbc-a94e-7d6f36d60ff7,base
A2V2FWJO9PMPK3,2,7,retest,1,relative_pos,relative_pos_target,not touching,touching,The ball is inside the box. Ali picks up the ball. The ball is BLANK the box.,5a02c0af-7a58-5836-894b-de2e4b5c22df,base
A2V2FWJO9PMPK3,2,7,retest,1,two_refs_egocentric,two_refs_egocentric_target,towards,away from,Mark is facing right and Ali is facing left. Mark turns to his left. Mark is facing BLANK Ali.,fd16ce5b-b6ff-590c-8c7d-97dea24f49f2,base
A2V2FWJO9PMPK3,2,7,retest,1,two_refs_egocentric,two_refs_egocentric_context,behind,in front of,Mark is BLANK Ali. Mark walks forwards. Mark is getting closer to Ali.,c2e3cc6a-24a4-5d9e-9c86-9aa843019959,base
A2V2FWJO9PMPK3,2,7,retest,1,two_refs_egocentric,two_refs_egocentric_context,right of,left of,Ali is to the BLANK Mark. Mark looks to his left and Ali looks to his right. Ali is facing away from Mark.,5042a6f6-7c11-5467-85b5-0ab828d3c5d1,base
A2V2FWJO9PMPK3,2,7,retest,1,relative_pos,relative_pos_context,drops,picks up,Ali is holding the tennis ball and the ping pong ball is on the floor. Ali BLANK the ping pong ball. The ping pong ball is closer to the tennis ball.,e9045eb2-8977-5b55-a497-b208a72d84e3,base
A2V2FWJO9PMPK3,2,7,retest,1,two_refs_egocentric,two_refs_egocentric_context,left,right,Mark and Ali are both facing BLANK. Ali turns to his right. Ali is facing away from Mark.,e558cc86-f7fb-53e8-a6d0-b663f3736066,base
A2V2FWJO9PMPK3,2,7,retest,1,relative_pos,relative_pos_target,higher than,lower than,The ball and the box are on the table. Ali picks up the ball. The ball is BLANK the box.,86bdb97e-1aa8-54ef-91f1-a041c3184f9e,base
A2V2FWJO9PMPK3,2,7,retest,0,relative_pos,relative_pos_context,desk on the box,box on the desk,The box is next to the desk. Ali stacks the BLANK. The box is below the desk.,c2788238-3365-5292-9d47-fe45ebf9d292,base
A2V2FWJO9PMPK3,2,7,retest,0,two_refs_egocentric,two_refs_egocentric_target,right,left,Ali is to Mark's right. Ali turns around. Ali is to Mark's BLANK.,fb50aa4f-e1a5-5502-b6c5-af9ac29e973f,base
A2V2FWJO9PMPK3,2,7,retest,0,two_refs_egocentric,two_refs_egocentric_context,behind,in front of,Mark is BLANK Ali. Mark walks backwards. Mark is getting further from Ali.,ecf7b885-f68f-5217-ad5e-060cd2931386,base
A2V2FWJO9PMPK3,2,7,retest,1,two_refs_egocentric,two_refs_egocentric_target,away from,towards,Ali is to the right of Mark. Mark looks to his left and Ali looks to his right. Ali is facing BLANK Mark.,55e95efb-f247-5bea-8540-4b6bee6c11de,base
A2V2FWJO9PMPK3,2,7,retest,0,two_refs_egocentric,two_refs_egocentric_context,left of,right of,Mark is to the BLANK Ali. Mark looks to his left and Ali looks to his left. Ali is facing towards Mark.,32e2f418-ea5f-51a7-b0a7-31dc7b546d0d,base
A2V2FWJO9PMPK3,2,7,retest,1,relative_pos,relative_pos_target,lower than,higher than,The ball and the box are on top of the ramp. The ball rolls down the ramp. The ball is BLANK the box.,43ee992d-ffc4-5dbd-9aa3-d6017f8b92d1,base
A2V2FWJO9PMPK3,2,7,retest,0,two_refs_egocentric,two_refs_egocentric_target,towards,away from,Ali and Mark are facing eachother. Mark turns around. Ali is facing BLANK Mark.,0f27ed08-ff9a-593c-a9d7-a3c11c3fa063,base
A2V2FWJO9PMPK3,2,7,retest,0,two_refs_egocentric,two_refs_egocentric_context,right,left,Ali is to Mark's BLANK. Ali turns around. Ali is to Mark's right.,3d9a8209-4859-5626-ae60-7106a591cf7d,base
A2V2FWJO9PMPK3,2,7,retest,1,two_refs_egocentric,two_refs_egocentric_context,right,left,Ali is to Mark's BLANK. Mark turns around. Ali is to Mark's left.,0d41b0d1-a40c-52ae-8a94-0328e70ebb21,base
A2V2FWJO9PMPK3,2,7,retest,0,two_refs_egocentric,two_refs_egocentric_target,away from,towards,Mark is to the left of Ali. Mark looks to his left and Ali looks to his right. Ali is facing BLANK Mark.,d2172169-bc46-53a4-b15d-1427bee617a3,base
A2V2FWJO9PMPK3,2,7,retest,1,relative_pos,relative_pos_target,touching,not touching,The box is next to the ball. Ali puts the ball inside the box. The ball is BLANK the box.,8b324b61-eae2-5fb9-a533-4edc94fc8959,base
A2V2FWJO9PMPK3,2,7,retest,1,two_refs_egocentric,two_refs_egocentric_context,away from,towards,Ali is facing BLANK Mark. Ali turns around. Ali is facing towards Mark.,449d83b2-712b-5aac-8c22-00d1bb07b0f7,base
A2V2FWJO9PMPK3,2,7,retest,1,two_refs_egocentric,two_refs_egocentric_context,Mark,Ali,Ali and Mark are facing eachother. BLANK turns around. Ali is facing towards Mark.,554eecfd-5f36-53a1-a69b-9db494809329,base
A2V2FWJO9PMPK3,2,7,retest,1,two_refs_egocentric,two_refs_egocentric_target,left,right,Ali is to Mark's right. Mark turns around. Ali is to Mark's BLANK.,2206d693-156b-580d-a926-7c9dd845f0df,base
A2V2FWJO9PMPK3,2,7,retest,1,relative_pos,relative_pos_target,closer to,further from,Ali is holding the tennis ball and the ping pong ball is on the floor. Ali picks up the ping pong ball. The ping pong ball is BLANK the tennis ball.,af77a546-4fb5-5490-b4db-cac9fd597078,base
A2V2FWJO9PMPK3,2,7,retest,1,two_refs_egocentric,two_refs_egocentric_target,can't see,sees,Ali is to the right of Mark. Mark looks to his left. Mark BLANK Ali.,fbf592f6-8ba1-5c3c-9621-b9b115f14b45,base
A2V2FWJO9PMPK3,2,7,retest,1,two_refs_egocentric,two_refs_egocentric_target,closer to,further from,Mark is behind Ali. Mark walks fowards. Mark is getting BLANK Ali.,95034e79-b705-587b-9cd2-41aa02e2609b,base
A2V2FWJO9PMPK3,2,7,retest,0,two_refs_egocentric,two_refs_egocentric_context,away from,towards,Mark and Ali are facing BLANK eachother. Mark turns around. Ali is facing away from Mark.,7639e22f-157b-54af-bc89-d24f4f594fbc,base
A2V2FWJO9PMPK3,2,7,retest,1,relative_pos,relative_pos_context,drops,picks up,Ali is holding the tennis ball and the ping pong ball. Ali BLANK the ping pong ball. The ping pong ball is further from the tennis ball.,e0a90fc5-4ebc-567a-bbc8-8bd5d3b008ec,base
A2V2FWJO9PMPK3,2,7,retest,1,two_refs_egocentric,two_refs_egocentric_context,towards,away from,Ali is facing BLANK Mark. Ali turns around. Ali is facing away from Mark.,f4266518-1793-5186-bc8d-ae526e9a43f9,base
A2V2FWJO9PMPK3,2,7,retest,1,relative_pos,relative_pos_target,larger than,smaller than,The box is next to the ball. Ali puts the box inside the ball. the ball is BLANK the box.,e9cd54e4-b0c0-5fb6-b31f-9d48dd2f95be,base
A2V2FWJO9PMPK3,2,7,retest,0,two_refs_egocentric,two_refs_egocentric_context,right of,left of,Ali is to the BLANK Mark. Mark looks to his right. Mark see Ali.,162a2775-ee11-5113-88b7-2c0428ec9880,base
A2V2FWJO9PMPK3,2,7,retest,0,two_refs_egocentric,two_refs_egocentric_target,away from,towards,Mark and Ali are facing away from eachother. Mark turns around. Ali is facing BLANK Mark.,be5f74e8-5413-5aa2-97f3-17a48d7c1398,base
A2V2FWJO9PMPK3,2,7,retest,0,two_refs_egocentric,two_refs_egocentric_target,towards,away from,Mark is to the left of Ali. Mark looks to his left and Ali looks to his left. Ali is facing BLANK Mark.,3b349749-0956-5093-b528-ea281f998710,base
A2V2FWJO9PMPK3,2,7,retest,0,two_refs_egocentric,two_refs_egocentric_target,away from,towards,Mark and Ali are both facing left. Ali turns to his right. Ali is facing BLANK Mark.,b95f9817-6f0f-52e4-917e-5e53b7e08502,base
A2V2FWJO9PMPK3,2,7,retest,0,two_refs_egocentric,two_refs_egocentric_target,away,towards,Mark is facing away from Ali. Ali turns around. Mark is facing BLANK Ali.,b76b8738-c1c0-51f3-a9d3-afd39d7b27de,base
A2V2FWJO9PMPK3,2,7,retest,0,two_refs_egocentric,two_refs_egocentric_context,away from,towards,Mark is facing BLANK Ali. Ali turns around. Mark is facing away Ali.,895de9d1-e0d1-5c72-8735-26632183eb17,base
A2V2FWJO9PMPK3,2,7,retest,0,two_refs_egocentric,two_refs_egocentric_context,away from,towards,Mark is facing BLANK Ali. Ali turns around. Mark is facing away Ali.,895de9d1-e0d1-5c72-8735-26632183eb17,base
A2V2FWJO9PMPK3,2,7,retest,0,two_refs_egocentric,two_refs_egocentric_context,right,left,Mark and Ali are both facing BLANK. Ali turns to his left. Ali is facing away from Mark.,6b81874a-94f4-52ac-8699-24e6582fc7e8,base
A2V2FWJO9PMPK3,2,7,retest,0,two_refs_egocentric,two_refs_egocentric_context,right,left,Mark and Ali are both facing BLANK. Ali turns to his left. Ali is facing away from Mark.,6b81874a-94f4-52ac-8699-24e6582fc7e8,base
A2V2FWJO9PMPK3,2,7,retest,1,two_refs_egocentric,two_refs_egocentric_context,in front of,behind,Mark is BLANK Ali. Mark walks forwards. Mark is getting further from Ali.,65c476d8-7b46-50ad-9fa1-ba59c9300205,base
A2V2FWJO9PMPK3,2,7,retest,1,two_refs_egocentric,two_refs_egocentric_context,in front of,behind,Mark is BLANK Ali. Mark walks forwards. Mark is getting further from Ali.,65c476d8-7b46-50ad-9fa1-ba59c9300205,base
A2V2FWJO9PMPK3,2,7,retest,1,two_refs_egocentric,two_refs_egocentric_target,away from,towards,Mark and Ali are both facing right. Ali turns to his left. Ali is facing BLANK Mark.,313894db-d76b-5163-8db3-6e5c4869a7c2,base
A2V2FWJO9PMPK3,2,7,retest,1,two_refs_egocentric,two_refs_egocentric_target,away from,towards,Mark and Ali are both facing right. Ali turns to his left. Ali is facing BLANK Mark.,313894db-d76b-5163-8db3-6e5c4869a7c2,base
A2V2FWJO9PMPK3,2,7,retest,0,relative_pos,relative_pos_context,touching,far from,The tennis ball is BLANK the bowling ball. Ali rolls the bowling ball. The bowling ball is further from the tennis ball.,4da6b0a2-fbd8-5d77-8b6a-05110a23606c,base
A2V2FWJO9PMPK3,2,7,retest,0,relative_pos,relative_pos_context,touching,far from,The tennis ball is BLANK the bowling ball. Ali rolls the bowling ball. The bowling ball is further from the tennis ball.,4da6b0a2-fbd8-5d77-8b6a-05110a23606c,base
A2V2FWJO9PMPK3,2,7,retest,1,relative_pos,relative_pos_context,box inside the ball,ball inside the box,The box is next to the ball. Ali puts the BLANK. the ball is larger than the box.,d0f6e14f-c11f-5129-a06d-757d2ef1f3e0,base
A2V2FWJO9PMPK3,2,7,retest,1,relative_pos,relative_pos_context,box inside the ball,ball inside the box,The box is next to the ball. Ali puts the BLANK. the ball is larger than the box.,d0f6e14f-c11f-5129-a06d-757d2ef1f3e0,base
A2V2FWJO9PMPK3,2,7,retest,1,relative_pos,relative_pos_target,below,above,The box is next to the desk. Ali stacks the desk on the box. The box is BLANK the desk.,8aeff28e-26ae-521e-82a2-2e601a18054c,base
A2V2FWJO9PMPK3,2,7,retest,1,relative_pos,relative_pos_target,below,above,The box is next to the desk. Ali stacks the desk on the box. The box is BLANK the desk.,8aeff28e-26ae-521e-82a2-2e601a18054c,base
A2V2FWJO9PMPK3,2,7,retest,1,two_refs_egocentric,two_refs_egocentric_target,away,towards,Ali is facing towards Mark. Ali turns around. Ali is facing BLANK Mark.,03aa1fc7-369b-5dbc-a94e-7d6f36d60ff7,base
A2V2FWJO9PMPK3,2,7,retest,1,two_refs_egocentric,two_refs_egocentric_target,away,towards,Ali is facing towards Mark. Ali turns around. Ali is facing BLANK Mark.,03aa1fc7-369b-5dbc-a94e-7d6f36d60ff7,base
A2V2FWJO9PMPK3,2,7,retest,1,relative_pos,relative_pos_target,not touching,touching,The ball is inside the box. Ali picks up the ball. The ball is BLANK the box.,5a02c0af-7a58-5836-894b-de2e4b5c22df,base
A2V2FWJO9PMPK3,2,7,retest,1,relative_pos,relative_pos_target,not touching,touching,The ball is inside the box. Ali picks up the ball. The ball is BLANK the box.,5a02c0af-7a58-5836-894b-de2e4b5c22df,base
A2V2FWJO9PMPK3,2,7,retest,0,relative_pos,relative_pos_context,drops,picks up,Ali is holding the tennis ball and the ping pong ball is on the floor. Ali BLANK the ping pong ball. The ping pong ball is closer to the tennis ball.,e9045eb2-8977-5b55-a497-b208a72d84e3,base
A2V2FWJO9PMPK3,2,7,retest,0,relative_pos,relative_pos_context,drops,picks up,Ali is holding the tennis ball and the ping pong ball is on the floor. Ali BLANK the ping pong ball. The ping pong ball is closer to the tennis ball.,e9045eb2-8977-5b55-a497-b208a72d84e3,base
A2V2FWJO9PMPK3,2,7,retest,1,relative_pos,relative_pos_context,desk on the box,box on the desk,The box is next to the desk. Ali stacks the BLANK. The box is below the desk.,c2788238-3365-5292-9d47-fe45ebf9d292,base
A2V2FWJO9PMPK3,2,7,retest,1,relative_pos,relative_pos_context,desk on the box,box on the desk,The box is next to the desk. Ali stacks the BLANK. The box is below the desk.,c2788238-3365-5292-9d47-fe45ebf9d292,base
A2V2FWJO9PMPK3,2,7,retest,0,two_refs_egocentric,two_refs_egocentric_target,right,left,Ali is to Mark's right. Ali turns around. Ali is to Mark's BLANK.,fb50aa4f-e1a5-5502-b6c5-af9ac29e973f,base
A2V2FWJO9PMPK3,2,7,retest,0,two_refs_egocentric,two_refs_egocentric_target,right,left,Ali is to Mark's right. Ali turns around. Ali is to Mark's BLANK.,fb50aa4f-e1a5-5502-b6c5-af9ac29e973f,base
A2V2FWJO9PMPK3,2,7,retest,1,two_refs_egocentric,two_refs_egocentric_context,behind,in front of,Mark is BLANK Ali. Mark walks backwards. Mark is getting further from Ali.,ecf7b885-f68f-5217-ad5e-060cd2931386,base
A2V2FWJO9PMPK3,2,7,retest,1,two_refs_egocentric,two_refs_egocentric_context,behind,in front of,Mark is BLANK Ali. Mark walks backwards. Mark is getting further from Ali.,ecf7b885-f68f-5217-ad5e-060cd2931386,base
A2V2FWJO9PMPK3,2,7,retest,1,two_refs_egocentric,two_refs_egocentric_target,away from,towards,Ali is to the right of Mark. Mark looks to his left and Ali looks to his right. Ali is facing BLANK Mark.,55e95efb-f247-5bea-8540-4b6bee6c11de,base
A2V2FWJO9PMPK3,2,7,retest,1,two_refs_egocentric,two_refs_egocentric_target,away from,towards,Ali is to the right of Mark. Mark looks to his left and Ali looks to his right. Ali is facing BLANK Mark.,55e95efb-f247-5bea-8540-4b6bee6c11de,base
A2V2FWJO9PMPK3,2,7,retest,0,two_refs_egocentric,two_refs_egocentric_context,left of,right of,Mark is to the BLANK Ali. Mark looks to his left and Ali looks to his left. Ali is facing towards Mark.,32e2f418-ea5f-51a7-b0a7-31dc7b546d0d,base
A2V2FWJO9PMPK3,2,7,retest,0,two_refs_egocentric,two_refs_egocentric_context,left of,right of,Mark is to the BLANK Ali. Mark looks to his left and Ali looks to his left. Ali is facing towards Mark.,32e2f418-ea5f-51a7-b0a7-31dc7b546d0d,base
A2V2FWJO9PMPK3,2,7,retest,1,relative_pos,relative_pos_target,lower than,higher than,The ball and the box are on top of the ramp. The ball rolls down the ramp. The ball is BLANK the box.,43ee992d-ffc4-5dbd-9aa3-d6017f8b92d1,base
A2V2FWJO9PMPK3,2,7,retest,1,relative_pos,relative_pos_target,lower than,higher than,The ball and the box are on top of the ramp. The ball rolls down the ramp. The ball is BLANK the box.,43ee992d-ffc4-5dbd-9aa3-d6017f8b92d1,base
A2V2FWJO9PMPK3,2,7,retest,0,two_refs_egocentric,two_refs_egocentric_target,towards,away from,Ali and Mark are facing eachother. Mark turns around. Ali is facing BLANK Mark.,0f27ed08-ff9a-593c-a9d7-a3c11c3fa063,base
A2V2FWJO9PMPK3,2,7,retest,0,two_refs_egocentric,two_refs_egocentric_target,towards,away from,Ali and Mark are facing eachother. Mark turns around. Ali is facing BLANK Mark.,0f27ed08-ff9a-593c-a9d7-a3c11c3fa063,base
A2V2FWJO9PMPK3,2,7,retest,0,two_refs_egocentric,two_refs_egocentric_context,right,left,Ali is to Mark's BLANK. Ali turns around. Ali is to Mark's right.,3d9a8209-4859-5626-ae60-7106a591cf7d,base
A2V2FWJO9PMPK3,2,7,retest,0,two_refs_egocentric,two_refs_egocentric_context,right,left,Ali is to Mark's BLANK. Ali turns around. Ali is to Mark's right.,3d9a8209-4859-5626-ae60-7106a591cf7d,base
A2V2FWJO9PMPK3,2,7,retest,1,two_refs_egocentric,two_refs_egocentric_target,away from,towards,Mark is to the left of Ali. Mark looks to his left and Ali looks to his right. Ali is facing BLANK Mark.,d2172169-bc46-53a4-b15d-1427bee617a3,base
A2V2FWJO9PMPK3,2,7,retest,1,two_refs_egocentric,two_refs_egocentric_target,away from,towards,Mark is to the left of Ali. Mark looks to his left and Ali looks to his right. Ali is facing BLANK Mark.,d2172169-bc46-53a4-b15d-1427bee617a3,base
A2V2FWJO9PMPK3,2,7,retest,1,two_refs_egocentric,two_refs_egocentric_target,left,right,Ali is to Mark's right. Mark turns around. Ali is to Mark's BLANK.,2206d693-156b-580d-a926-7c9dd845f0df,base
A2V2FWJO9PMPK3,2,7,retest,1,two_refs_egocentric,two_refs_egocentric_target,left,right,Ali is to Mark's right. Mark turns around. Ali is to Mark's BLANK.,2206d693-156b-580d-a926-7c9dd845f0df,base
A2V2FWJO9PMPK3,2,7,retest,0,two_refs_egocentric,two_refs_egocentric_context,away from,towards,Mark and Ali are facing BLANK eachother. Mark turns around. Ali is facing away from Mark.,7639e22f-157b-54af-bc89-d24f4f594fbc,base
A2V2FWJO9PMPK3,2,7,retest,0,two_refs_egocentric,two_refs_egocentric_context,away from,towards,Mark and Ali are facing BLANK eachother. Mark turns around. Ali is facing away from Mark.,7639e22f-157b-54af-bc89-d24f4f594fbc,base
A2V2FWJO9PMPK3,2,7,retest,0,two_refs_egocentric,two_refs_egocentric_context,right of,left of,Ali is to the BLANK Mark. Mark looks to his right. Mark see Ali.,162a2775-ee11-5113-88b7-2c0428ec9880,base
A2V2FWJO9PMPK3,2,7,retest,0,two_refs_egocentric,two_refs_egocentric_context,right of,left of,Ali is to the BLANK Mark. Mark looks to his right. Mark see Ali.,162a2775-ee11-5113-88b7-2c0428ec9880,base
A2V2FWJO9PMPK3,2,7,retest,0,two_refs_egocentric,two_refs_egocentric_target,away from,towards,Mark and Ali are facing away from eachother. Mark turns around. Ali is facing BLANK Mark.,be5f74e8-5413-5aa2-97f3-17a48d7c1398,base
A2V2FWJO9PMPK3,2,7,retest,0,two_refs_egocentric,two_refs_egocentric_target,away from,towards,Mark and Ali are facing away from eachother. Mark turns around. Ali is facing BLANK Mark.,be5f74e8-5413-5aa2-97f3-17a48d7c1398,base
A2V2FWJO9PMPK3,2,7,retest,0,two_refs_egocentric,two_refs_egocentric_target,towards,away from,Mark is to the left of Ali. Mark looks to his left and Ali looks to his left. Ali is facing BLANK Mark.,3b349749-0956-5093-b528-ea281f998710,base
A2V2FWJO9PMPK3,2,7,retest,0,two_refs_egocentric,two_refs_egocentric_target,towards,away from,Mark is to the left of Ali. Mark looks to his left and Ali looks to his left. Ali is facing BLANK Mark.,3b349749-0956-5093-b528-ea281f998710,base
A2V2FWJO9PMPK3,2,7,retest,0,two_refs_egocentric,two_refs_egocentric_target,away from,towards,Mark and Ali are both facing left. Ali turns to his right. Ali is facing BLANK Mark.,b95f9817-6f0f-52e4-917e-5e53b7e08502,base
A2V2FWJO9PMPK3,2,7,retest,0,two_refs_egocentric,two_refs_egocentric_target,away from,towards,Mark and Ali are both facing left. Ali turns to his right. Ali is facing BLANK Mark.,b95f9817-6f0f-52e4-917e-5e53b7e08502,base
A2V2FWJO9PMPK3,2,7,retest,0,two_refs_egocentric,two_refs_egocentric_target,away,towards,Mark is facing away from Ali. Ali turns around. Mark is facing BLANK Ali.,b76b8738-c1c0-51f3-a9d3-afd39d7b27de,base
A2V2FWJO9PMPK3,2,7,retest,0,two_refs_egocentric,two_refs_egocentric_target,away,towards,Mark is facing away from Ali. Ali turns around. Mark is facing BLANK Ali.,b76b8738-c1c0-51f3-a9d3-afd39d7b27de,base
A35QJA7XU61YLX,2,1,retest,1,action_follows,action_follows_target,moves,doesn't move,The book is on the table. Ali moves the table. The book BLANK.,bf93e811-9a49-58b7-b6dc-6a47ece87d9f,base
A35QJA7XU61YLX,2,1,retest,0,egocentric_near,egocentric_near_context,behind,in front of,The painting is BLANK Ali. Ali turns right. The painting is right of Ali.,1916451f-868a-5f58-9e6c-6033ca77e634,base
A35QJA7XU61YLX,2,1,retest,0,action_nonfollows,action_nonfollows_target,close to,far from,The box is close to Ali. Ali throws the ball. The box is BLANK Ali.,27bc3da0-29e8-5aff-8cdc-aebfdecd2412,base
A35QJA7XU61YLX,2,1,retest,0,egocentric_near,egocentric_near_context,behind,in front of,Ali is BLANK painting. Ali turns around. Ali is behind the painting.,d91e34a1-58ec-5efe-bd1d-3da56dfe0d5c,base
A35QJA7XU61YLX,2,1,retest,0,egocentric_near,egocentric_near_context,behind,in front of,The painting is BLANK Ali. Ali turns left. The painting is left of Ali.,8c63c6ea-38dc-5bb2-a95b-c1b63865bdaf,base
A35QJA7XU61YLX,2,1,retest,1,egocentric_near,egocentric_near_context,right of,left of,The painting is BLANK Ali. Ali turns around. The painting is left of Ali.,a350fecf-cf01-5eef-a227-25028fad7f14,base
A35QJA7XU61YLX,2,1,retest,0,egocentric_distant,egocentric_distant_context,towards,away from,Ali is facing BLANK Chicago. Ali turns left. Chicago is right of Ali.,fe65df9a-14f6-5a27-8f01-1a0bed69b8e5,base
A35QJA7XU61YLX,2,1,retest,1,action_nonfollows,action_nonfollows_context,under,above,The ball is BLANK the box. Ali pushes the ball forward. The ball is under the box.,11b9c7f0-ecb6-5489-b941-2a3815cb66ce,base
A35QJA7XU61YLX,2,1,retest,1,action_nonfollows,action_nonfollows_target,doesn't move,moves,The ball is five feet from the box. Ali moves the box. The ball BLANK.,eae220a6-b112-595b-8808-41aaec2e4f3d,base
A35QJA7XU61YLX,2,1,retest,0,action_nonfollows,action_nonfollows_target,behind the statue,in front of the statue,Ali is behind the statue. Ali turns around. Ali is BLANK.,527fdd15-db92-57e8-bc5c-09d9964e45b1,base
A35QJA7XU61YLX,2,1,retest,1,egocentric_distant,egocentric_distant_target,in front of,behind,Ali is facing away from Chicago. Ali turns around. Chicago is BLANK Ali.,1710b645-2bb2-54c6-8ac1-62f03525d880,base
A35QJA7XU61YLX,2,1,retest,1,action_follows,action_follows_context,behind,in front of,Ali is BLANK the wagon. Ali pushes on the wagon. The wagon moves.,40d46345-fe82-5f5a-82a0-f24d259674d7,base
A35QJA7XU61YLX,2,1,retest,1,action_follows,action_follows_context,right,left,The seesaw is balanced. Ali tilts the BLANK side of the seesaw. The left side goes up.,9ce7fedd-cd4e-5e5e-8af4-7c87b269dcf9,base
A35QJA7XU61YLX,2,1,retest,1,state_nonfollows,state_nonfollows_context,banana,ice cube,The ice cube and the banana are in the fridge. Ali takes the BLANK out of the fridge. The ice cube doesn't melt.,36c076db-ae0e-5966-819d-9d048054999d,base
A35QJA7XU61YLX,2,1,retest,1,egocentric_near,egocentric_near_target,left of,right of,The painting is behind Ali. Ali turns left. The painting is BLANK Ali.,2f6ac9c5-17f9-5a23-ab8d-9d0d3d3335c4,base
A35QJA7XU61YLX,2,1,retest,1,egocentric_near,egocentric_near_context,in front of,behind,The painting is BLANK of Ali. Ali turns left. The painting is right of Ali.,805deedd-d47e-54f8-b7e7-81318f8435b7,base
A35QJA7XU61YLX,2,1,retest,1,state_nonfollows,state_nonfollows_target,doesn't break,breaks,The glass is on the floor. Ali bumps the table. The glass BLANK.,2a5f6d9c-8b03-5fe5-8a19-87971947d204,base
A35QJA7XU61YLX,2,1,retest,1,action_follows,action_follows_context,top,bottom,The wagon is on the BLANK of the hill. Ali pushes the wagon. The wagon rolls.,96c0978e-4433-5d7f-b561-cee41daa8875,base
A35QJA7XU61YLX,2,1,retest,0,egocentric_distant,egocentric_distant_context,left,right,Chicago is to Ali's BLANK. Ali turns left. Ali is facing towards Chicago.,29c5b0e8-2242-5aa6-ad05-0a8b33bc7aec,base
A35QJA7XU61YLX,2,1,retest,0,state_nonfollows,state_nonfollows_target,dry,wet,The glass is on the table. Ali fills the glass halfway. The table is BLANK.,b8aeb728-ce96-53b4-a022-80902bd4ed2d,base
A35QJA7XU61YLX,2,1,retest,0,egocentric_near,egocentric_near_target,right,left,The painting is to Ali's left. The painting is moved left. The painting is to Ali's BLANK.,77bdedf3-bae1-5250-9280-746344392bdd,base
A35QJA7XU61YLX,2,1,retest,0,egocentric_distant,egocentric_distant_target,left of,right of,Ali is facing away from Chicago. Ali turns left. Chicago is BLANK Ali.,9f9092b3-4ed3-5b54-92bb-a68e83301300,base
A35QJA7XU61YLX,2,1,retest,1,action_nonfollows,action_nonfollows_context,in,outside,Ali is BLANK the wagon. Ali pulls on the wagon. The wagon doesn't move.,d68fd4fa-114f-58ff-922b-8ba73bc38c68,base
A35QJA7XU61YLX,2,1,retest,1,state_nonfollows,state_nonfollows_context,cup,glass,The glass and the cup are on the table. Ali pushes the BLANK off the table. The glass doesn't break.,88e4c11a-0766-534e-843f-4d59c387d497,base
A35QJA7XU61YLX,2,1,retest,1,egocentric_near,egocentric_near_target,right,left,The painting is to Ali's right. The painting is moved right. The painting is to Ali's BLANK.,ead989ef-2c5a-5676-a32c-f2f2055cae2d,base
A35QJA7XU61YLX,2,1,retest,0,egocentric_near,egocentric_near_target,behind,in front of,Ali is behind the painting. Ali turns around. Ali is BLANK the painting.,cb0d70bb-d9f6-5100-902d-21fd6221cecf,base
A35QJA7XU61YLX,2,1,retest,1,action_nonfollows,action_nonfollows_target,doesn't move,moves,The box is in the bin. Ali moves the box. The bin BLANK.,ba5435e7-cc12-557d-be71-b241947e2f6c,base
A35QJA7XU61YLX,2,1,retest,0,action_nonfollows,action_nonfollows_context,in front of the statue,behind the statue,Ali is BLANK. Ali turns around. Ali is in front of the statue.,7cfd7bad-4e38-507a-a6d8-243e8c667d1b,base
A35QJA7XU61YLX,2,1,retest,1,egocentric_distant,egocentric_distant_target,right of,left of,Chicago is behind Ali. Ali turns right. Chicago is BLANK Ali.,ecf1bbc5-92d2-5b77-9ebe-7090991e3b5d,base
A35QJA7XU61YLX,2,1,retest,0,action_nonfollows,action_nonfollows_context,under,above,The ball is BLANK the box. The ball moves right. The ball is lower than the box.,f7886140-c3a9-5bb0-9dc4-99612c3e3180,base
A35QJA7XU61YLX,2,1,retest,0,egocentric_distant,egocentric_distant_context,in front of,behind,Chicago is BLANK Ali. Ali turns right. Chicago is left of Ali.,27c72cf7-5d80-526d-9ace-d6625063dfe0,base
A35QJA7XU61YLX,2,1,retest,1,action_nonfollows,action_nonfollows_target,floats,sinks,The box is floating in the water. Ali puts a tennis ball in the box. The box BLANK.,15a162c3-7638-5144-a4a3-f9a13b33f485,base
A35QJA7XU61YLX,2,1,retest,1,action_follows,action_follows_target,moves,doesn't move,The book is on the table. Ali moves the table. The book BLANK.,bf93e811-9a49-58b7-b6dc-6a47ece87d9f,base
A35QJA7XU61YLX,2,1,retest,1,action_follows,action_follows_target,moves,doesn't move,The book is on the table. Ali moves the table. The book BLANK.,bf93e811-9a49-58b7-b6dc-6a47ece87d9f,base
A35QJA7XU61YLX,2,1,retest,1,egocentric_near,egocentric_near_context,behind,in front of,The painting is BLANK Ali. Ali turns right. The painting is right of Ali.,1916451f-868a-5f58-9e6c-6033ca77e634,base
A35QJA7XU61YLX,2,1,retest,1,egocentric_near,egocentric_near_context,behind,in front of,The painting is BLANK Ali. Ali turns right. The painting is right of Ali.,1916451f-868a-5f58-9e6c-6033ca77e634,base
A35QJA7XU61YLX,2,1,retest,0,action_nonfollows,action_nonfollows_target,close to,far from,The box is close to Ali. Ali throws the ball. The box is BLANK Ali.,27bc3da0-29e8-5aff-8cdc-aebfdecd2412,base
A35QJA7XU61YLX,2,1,retest,0,action_nonfollows,action_nonfollows_target,close to,far from,The box is close to Ali. Ali throws the ball. The box is BLANK Ali.,27bc3da0-29e8-5aff-8cdc-aebfdecd2412,base
A35QJA7XU61YLX,2,1,retest,0,egocentric_near,egocentric_near_context,behind,in front of,Ali is BLANK painting. Ali turns around. Ali is behind the painting.,d91e34a1-58ec-5efe-bd1d-3da56dfe0d5c,base
A35QJA7XU61YLX,2,1,retest,0,egocentric_near,egocentric_near_context,behind,in front of,Ali is BLANK painting. Ali turns around. Ali is behind the painting.,d91e34a1-58ec-5efe-bd1d-3da56dfe0d5c,base
A35QJA7XU61YLX,2,1,retest,0,egocentric_near,egocentric_near_context,behind,in front of,The painting is BLANK Ali. Ali turns left. The painting is left of Ali.,8c63c6ea-38dc-5bb2-a95b-c1b63865bdaf,base
A35QJA7XU61YLX,2,1,retest,0,egocentric_near,egocentric_near_context,behind,in front of,The painting is BLANK Ali. Ali turns left. The painting is left of Ali.,8c63c6ea-38dc-5bb2-a95b-c1b63865bdaf,base
A35QJA7XU61YLX,2,1,retest,1,egocentric_distant,egocentric_distant_context,towards,away from,Ali is facing BLANK Chicago. Ali turns left. Chicago is right of Ali.,fe65df9a-14f6-5a27-8f01-1a0bed69b8e5,base
A35QJA7XU61YLX,2,1,retest,1,egocentric_distant,egocentric_distant_context,towards,away from,Ali is facing BLANK Chicago. Ali turns left. Chicago is right of Ali.,fe65df9a-14f6-5a27-8f01-1a0bed69b8e5,base
A35QJA7XU61YLX,2,1,retest,0,action_nonfollows,action_nonfollows_target,behind the statue,in front of the statue,Ali is behind the statue. Ali turns around. Ali is BLANK.,527fdd15-db92-57e8-bc5c-09d9964e45b1,base
A35QJA7XU61YLX,2,1,retest,0,action_nonfollows,action_nonfollows_target,behind the statue,in front of the statue,Ali is behind the statue. Ali turns around. Ali is BLANK.,527fdd15-db92-57e8-bc5c-09d9964e45b1,base
A35QJA7XU61YLX,2,1,retest,1,egocentric_near,egocentric_near_context,in front of,behind,The painting is BLANK of Ali. Ali turns left. The painting is right of Ali.,805deedd-d47e-54f8-b7e7-81318f8435b7,base
A35QJA7XU61YLX,2,1,retest,1,egocentric_near,egocentric_near_context,in front of,behind,The painting is BLANK of Ali. Ali turns left. The painting is right of Ali.,805deedd-d47e-54f8-b7e7-81318f8435b7,base
A35QJA7XU61YLX,2,1,retest,0,state_nonfollows,state_nonfollows_target,doesn't break,breaks,The glass is on the floor. Ali bumps the table. The glass BLANK.,2a5f6d9c-8b03-5fe5-8a19-87971947d204,base
A35QJA7XU61YLX,2,1,retest,0,state_nonfollows,state_nonfollows_target,doesn't break,breaks,The glass is on the floor. Ali bumps the table. The glass BLANK.,2a5f6d9c-8b03-5fe5-8a19-87971947d204,base
A35QJA7XU61YLX,2,1,retest,1,action_follows,action_follows_context,top,bottom,The wagon is on the BLANK of the hill. Ali pushes the wagon. The wagon rolls.,96c0978e-4433-5d7f-b561-cee41daa8875,base
A35QJA7XU61YLX,2,1,retest,1,action_follows,action_follows_context,top,bottom,The wagon is on the BLANK of the hill. Ali pushes the wagon. The wagon rolls.,96c0978e-4433-5d7f-b561-cee41daa8875,base
A35QJA7XU61YLX,2,1,retest,0,egocentric_distant,egocentric_distant_context,left,right,Chicago is to Ali's BLANK. Ali turns left. Ali is facing towards Chicago.,29c5b0e8-2242-5aa6-ad05-0a8b33bc7aec,base
A35QJA7XU61YLX,2,1,retest,0,egocentric_distant,egocentric_distant_context,left,right,Chicago is to Ali's BLANK. Ali turns left. Ali is facing towards Chicago.,29c5b0e8-2242-5aa6-ad05-0a8b33bc7aec,base
A35QJA7XU61YLX,2,1,retest,0,state_nonfollows,state_nonfollows_target,dry,wet,The glass is on the table. Ali fills the glass halfway. The table is BLANK.,b8aeb728-ce96-53b4-a022-80902bd4ed2d,base
A35QJA7XU61YLX,2,1,retest,0,state_nonfollows,state_nonfollows_target,dry,wet,The glass is on the table. Ali fills the glass halfway. The table is BLANK.,b8aeb728-ce96-53b4-a022-80902bd4ed2d,base
A35QJA7XU61YLX,2,1,retest,0,egocentric_near,egocentric_near_target,right,left,The painting is to Ali's left. The painting is moved left. The painting is to Ali's BLANK.,77bdedf3-bae1-5250-9280-746344392bdd,base
A35QJA7XU61YLX,2,1,retest,0,egocentric_near,egocentric_near_target,right,left,The painting is to Ali's left. The painting is moved left. The painting is to Ali's BLANK.,77bdedf3-bae1-5250-9280-746344392bdd,base
A35QJA7XU61YLX,2,1,retest,0,egocentric_distant,egocentric_distant_target,left of,right of,Ali is facing away from Chicago. Ali turns left. Chicago is BLANK Ali.,9f9092b3-4ed3-5b54-92bb-a68e83301300,base
A35QJA7XU61YLX,2,1,retest,0,egocentric_distant,egocentric_distant_target,left of,right of,Ali is facing away from Chicago. Ali turns left. Chicago is BLANK Ali.,9f9092b3-4ed3-5b54-92bb-a68e83301300,base
A35QJA7XU61YLX,2,1,retest,1,state_nonfollows,state_nonfollows_context,cup,glass,The glass and the cup are on the table. Ali pushes the BLANK off the table. The glass doesn't break.,88e4c11a-0766-534e-843f-4d59c387d497,base
A35QJA7XU61YLX,2,1,retest,1,state_nonfollows,state_nonfollows_context,cup,glass,The glass and the cup are on the table. Ali pushes the BLANK off the table. The glass doesn't break.,88e4c11a-0766-534e-843f-4d59c387d497,base
A35QJA7XU61YLX,2,1,retest,0,egocentric_near,egocentric_near_target,behind,in front of,Ali is behind the painting. Ali turns around. Ali is BLANK the painting.,cb0d70bb-d9f6-5100-902d-21fd6221cecf,base
A35QJA7XU61YLX,2,1,retest,0,egocentric_near,egocentric_near_target,behind,in front of,Ali is behind the painting. Ali turns around. Ali is BLANK the painting.,cb0d70bb-d9f6-5100-902d-21fd6221cecf,base
A35QJA7XU61YLX,2,1,retest,0,action_nonfollows,action_nonfollows_context,in front of the statue,behind the statue,Ali is BLANK. Ali turns around. Ali is in front of the statue.,7cfd7bad-4e38-507a-a6d8-243e8c667d1b,base
A35QJA7XU61YLX,2,1,retest,0,action_nonfollows,action_nonfollows_context,in front of the statue,behind the statue,Ali is BLANK. Ali turns around. Ali is in front of the statue.,7cfd7bad-4e38-507a-a6d8-243e8c667d1b,base
A35QJA7XU61YLX,2,1,retest,0,egocentric_distant,egocentric_distant_target,right of,left of,Chicago is behind Ali. Ali turns right. Chicago is BLANK Ali.,ecf1bbc5-92d2-5b77-9ebe-7090991e3b5d,base
A35QJA7XU61YLX,2,1,retest,0,egocentric_distant,egocentric_distant_target,right of,left of,Chicago is behind Ali. Ali turns right. Chicago is BLANK Ali.,ecf1bbc5-92d2-5b77-9ebe-7090991e3b5d,base
A35QJA7XU61YLX,2,1,retest,1,action_nonfollows,action_nonfollows_context,under,above,The ball is BLANK the box. The ball moves right. The ball is lower than the box.,f7886140-c3a9-5bb0-9dc4-99612c3e3180,base
A35QJA7XU61YLX,2,1,retest,1,action_nonfollows,action_nonfollows_context,under,above,The ball is BLANK the box. The ball moves right. The ball is lower than the box.,f7886140-c3a9-5bb0-9dc4-99612c3e3180,base
A35QJA7XU61YLX,2,1,retest,1,egocentric_distant,egocentric_distant_context,in front of,behind,Chicago is BLANK Ali. Ali turns right. Chicago is left of Ali.,27c72cf7-5d80-526d-9ace-d6625063dfe0,base
A35QJA7XU61YLX,2,1,retest,1,egocentric_distant,egocentric_distant_context,in front of,behind,Chicago is BLANK Ali. Ali turns right. Chicago is left of Ali.,27c72cf7-5d80-526d-9ace-d6625063dfe0,base
A3BSK47WPPE876,2,2,retest,1,egocentric_near,egocentric_near_target,in front of,behind,The painting is right of Ali. Ali turns right. The painting is BLANK Ali.,92ff8800-4b4e-5c66-a7d9-e034b5c0b4f7,base
A3BSK47WPPE876,2,2,retest,1,egocentric_distant,egocentric_distant_target,right of,left of,Chicago is left of Ali. Ali turns around. Chicago is BLANK Ali.,d0c74fc1-5415-5c34-82c4-0883d87ab239,base
A3BSK47WPPE876,2,2,retest,0,egocentric_distant,egocentric_distant_target,right of,left of,Ali is facing Chicago. Ali turns left. Chicago is BLANK Ali.,2e25e5be-8490-556a-a672-80c670675704,base
A3BSK47WPPE876,2,2,retest,1,egocentric_distant,egocentric_distant_context,right of,left of,Chicago is BLANK Ali. Ali turns around. Chicago is left of Ali.,51131205-c4fb-50ee-89c0-28f617579e69,base
A3BSK47WPPE876,2,2,retest,1,action_nonfollows,action_nonfollows_target,doesn't move,moves,The book is under the table. Ali moves the table. The book BLANK.,5859e8ff-6125-598f-b093-8490c86f6e42,base
A3BSK47WPPE876,2,2,retest,0,egocentric_near,egocentric_near_target,right of,left of,Ali is right of the painting. Ali turns around. Ali is BLANK the painting.,ff50283a-6025-5358-9f0a-de831120e8dc,base
A3BSK47WPPE876,2,2,retest,1,state_follows,state_follows_context,5 minutes,1 month,The wall was painted BLANK ago. Ali touches the wall. Ali's hand is painted.,58907312-5ecd-56cf-9d0c-b08e912cefd9,base
A3BSK47WPPE876,2,2,retest,1,egocentric_near,egocentric_near_context,left,right,The painting is BLANK of Ali. Ali turns right. The painting is behind Ali.,1f28c430-b30e-55c9-bcff-fabf755392f2,base
A3BSK47WPPE876,2,2,retest,1,egocentric_distant,egocentric_distant_context,right,left,Milwaukee is to Ali's BLANK. Ali turns left. Ali is facing away from Milwaukee.,c197738c-2b0f-563f-a553-cbd2456d488a,base
A3BSK47WPPE876,2,2,retest,0,action_follows,action_follows_target,table,floor,The wine glass is on the table. The wine glass falls over. The wine spills on the BLANK.,8a00bd55-84cc-51cb-837b-fe6192ad4334,base
A3BSK47WPPE876,2,2,retest,1,state_nonfollows,state_nonfollows_context,sand,water,The cup is empty. Ali pours BLANK in the cup. The cup is dry.,2a40e046-fe88-5ea9-b0a5-e06a55f09649,base
A3BSK47WPPE876,2,2,retest,0,action_nonfollows,action_nonfollows_target,moves,doesn't move,The glass is on the table and the cup is on the floor. Ali picks up the glass. The cup BLANK.,aca6ce57-66cc-5a28-8b0c-b55d84cbbeb5,base
A3BSK47WPPE876,2,2,retest,1,egocentric_distant,egocentric_distant_context,away from,towards,Ali is facing BLANK Milwaukee. Ali turns around. Ali is facing towards Milwaukee.,897eee6e-d0a7-51a3-828a-bd3ec8339e5e,base
A3BSK47WPPE876,2,2,retest,1,egocentric_near,egocentric_near_target,behind,in front of,The painting is right of Ali. Ali turns left. The painting is BLANK Ali.,3a1992c7-e8c1-55ab-843c-616cf72ae3d9,base
A3BSK47WPPE876,2,2,retest,0,egocentric_distant,egocentric_distant_context,in front of,behind,Chicago is BLANK Ali. Ali turns left. Chicago is right of Ali.,caa99020-6057-5d4a-ba54-c6262b93fbd6,base
A3BSK47WPPE876,2,2,retest,0,egocentric_near,egocentric_near_context,right,left,The painting is to Ali's BLANK. The painting is moved right. The painting is to Ali's right.,62cd0646-56c3-54a3-b533-01c5754318f3,base
A3BSK47WPPE876,2,2,retest,1,state_nonfollows,state_nonfollows_target,doesn't break,breaks,The window is behind Ali and the wall is in front of Ali. Ali throws the baseball at the wall. The window BLANK.,93f6ca60-d035-5404-98d1-5cab22558138,base
A3BSK47WPPE876,2,2,retest,1,action_nonfollows,action_nonfollows_target,close to,far from,The ball is close to Ali. Ali throws the box. The ball is BLANK Ali.,2afb6b5d-8e71-5ce2-97bd-e6d6b6d6e4bf,base
A3BSK47WPPE876,2,2,retest,1,egocentric_distant,egocentric_distant_target,right of,left of,Ali is facing away from Chicago. Ali turns right. Chicago is BLANK Ali.,ab3abdc8-bc90-5780-b8cb-2b0fb3ad02ff,base
A3BSK47WPPE876,2,2,retest,1,state_nonfollows,state_nonfollows_target,doesn't break,breaks,The window is behind Ali. Ali throws the baseball forward. The window BLANK.,96eb93cd-1931-5621-9a9a-b0c1f0145281,base
A3BSK47WPPE876,2,2,retest,1,action_nonfollows,action_nonfollows_target,doesn't spill,spills,The wine glass is on the table. Ali bumps the lamp. The wine BLANK.,44cb7648-b29b-5b98-992e-d7e249daa6b6,base
A3BSK47WPPE876,2,2,retest,0,action_nonfollows,action_nonfollows_target,close to,far from,The bowling ball is close to Ali. Ali throws the bowling ball. The bowling ball is BLANK Ali.,d7036c0b-8b82-5d23-a012-57ae1b59e7bc,base
A3BSK47WPPE876,2,2,retest,1,action_follows,action_follows_context,floor,table,The wine glass is on the BLANK. Ali bumps the wine glass. The wine spills on the floor.,09236428-50c5-59b2-90d1-53711d6c7795,base
A3BSK47WPPE876,2,2,retest,1,state_nonfollows,state_nonfollows_target,doesn't break,breaks,The brick is on the table. Ali bumps the brick off the table. The brick BLANK.,0a07145e-59b3-581f-bd0a-86eff289a0ce,base
A3BSK47WPPE876,2,2,retest,1,state_nonfollows,state_nonfollows_context,table,glass,The glass is on the floor. Ali bumps the BLANK. The glass doesn't break.,873aedce-860e-576f-9741-9398d6d6f2eb,base
A3BSK47WPPE876,2,2,retest,1,state_nonfollows,state_nonfollows_context,behind,in front of,The window is BLANK Ali. Ali throws the baseball forward. The window doesn't break.,68b5a14f-4ab8-5004-be44-4f48b83e0e31,base
A3BSK47WPPE876,2,2,retest,1,egocentric_near,egocentric_near_context,left,right,The painting is to Ali's BLANK. The painting is moved left. The painting is to Ali's right.,5eae654e-13dc-5485-8e29-6016fcf0bcc5,base
A3BSK47WPPE876,2,2,retest,1,state_nonfollows,state_nonfollows_target,dry,wet,The empty glass is on the table. Ali knocks the glass over. The table is BLANK.,03be173e-02aa-5a79-968a-ce8ea00117d3,base
A3BSK47WPPE876,2,2,retest,0,egocentric_near,egocentric_near_context,right of,left of,Ali is BLANK the painting. Ali turns around. Ali is right of the painting.,dddb2cfa-31e1-5083-8686-43d95ab369ea,base
A3BSK47WPPE876,2,2,retest,1,action_follows,action_follows_context,in front of,behind,Ali is BLANK the wagon. Ali pulls on the wagon. The wagon moves.,bf03a4f6-7f78-5d3b-935b-023b8abf081d,base
A3BSK47WPPE876,2,2,retest,1,egocentric_near,egocentric_near_context,right,left,The painting is BLANK of Ali. Ali turns right. The painting is in front of Ali.,a4994f26-9ec4-577d-ba9a-8dcdae74b3a7,base
A3BSK47WPPE876,2,2,retest,1,egocentric_distant,egocentric_distant_context,away from,towards,Ali is facing BLANK Chicago. Ali turns left. Chicago is left of Ali.,da7ca003-81b2-5c22-8a25-edaf430f013d,base
A3BSK47WPPE876,2,2,retest,1,egocentric_distant,egocentric_distant_target,left of,right of,Ali is facing Chicago. Ali turns right. Chicago is BLANK Ali.,dd671270-af76-5c47-b413-f83302e3de3a,base
A3BSK47WPPE876,2,2,retest,1,egocentric_distant,egocentric_distant_target,left of,right of,Chicago is in front of Ali. Ali turns right. Chicago is BLANK Ali.,b7458eb1-0f7d-5cf1-9d74-c4b391425177,base
A3BSK47WPPE876,2,2,retest,1,egocentric_distant,egocentric_distant_target,right of,left of,Ali is facing Chicago. Ali turns left. Chicago is BLANK Ali.,2e25e5be-8490-556a-a672-80c670675704,base
A3BSK47WPPE876,2,2,retest,1,egocentric_distant,egocentric_distant_target,right of,left of,Ali is facing Chicago. Ali turns left. Chicago is BLANK Ali.,2e25e5be-8490-556a-a672-80c670675704,base
A3BSK47WPPE876,2,2,retest,0,egocentric_near,egocentric_near_target,right of,left of,Ali is right of the painting. Ali turns around. Ali is BLANK the painting.,ff50283a-6025-5358-9f0a-de831120e8dc,base
A3BSK47WPPE876,2,2,retest,0,egocentric_near,egocentric_near_target,right of,left of,Ali is right of the painting. Ali turns around. Ali is BLANK the painting.,ff50283a-6025-5358-9f0a-de831120e8dc,base
A3BSK47WPPE876,2,2,retest,1,egocentric_distant,egocentric_distant_context,right,left,Milwaukee is to Ali's BLANK. Ali turns left. Ali is facing away from Milwaukee.,c197738c-2b0f-563f-a553-cbd2456d488a,base
A3BSK47WPPE876,2,2,retest,1,egocentric_distant,egocentric_distant_context,right,left,Milwaukee is to Ali's BLANK. Ali turns left. Ali is facing away from Milwaukee.,c197738c-2b0f-563f-a553-cbd2456d488a,base
A3BSK47WPPE876,2,2,retest,1,action_follows,action_follows_target,table,floor,The wine glass is on the table. The wine glass falls over. The wine spills on the BLANK.,8a00bd55-84cc-51cb-837b-fe6192ad4334,base
A3BSK47WPPE876,2,2,retest,1,action_follows,action_follows_target,table,floor,The wine glass is on the table. The wine glass falls over. The wine spills on the BLANK.,8a00bd55-84cc-51cb-837b-fe6192ad4334,base
A3BSK47WPPE876,2,2,retest,0,action_nonfollows,action_nonfollows_target,moves,doesn't move,The glass is on the table and the cup is on the floor. Ali picks up the glass. The cup BLANK.,aca6ce57-66cc-5a28-8b0c-b55d84cbbeb5,base
A3BSK47WPPE876,2,2,retest,0,action_nonfollows,action_nonfollows_target,moves,doesn't move,The glass is on the table and the cup is on the floor. Ali picks up the glass. The cup BLANK.,aca6ce57-66cc-5a28-8b0c-b55d84cbbeb5,base
A3BSK47WPPE876,2,2,retest,1,egocentric_distant,egocentric_distant_context,in front of,behind,Chicago is BLANK Ali. Ali turns left. Chicago is right of Ali.,caa99020-6057-5d4a-ba54-c6262b93fbd6,base
A3BSK47WPPE876,2,2,retest,1,egocentric_distant,egocentric_distant_context,in front of,behind,Chicago is BLANK Ali. Ali turns left. Chicago is right of Ali.,caa99020-6057-5d4a-ba54-c6262b93fbd6,base
A3BSK47WPPE876,2,2,retest,0,egocentric_near,egocentric_near_context,right,left,The painting is to Ali's BLANK. The painting is moved right. The painting is to Ali's right.,62cd0646-56c3-54a3-b533-01c5754318f3,base
A3BSK47WPPE876,2,2,retest,0,egocentric_near,egocentric_near_context,right,left,The painting is to Ali's BLANK. The painting is moved right. The painting is to Ali's right.,62cd0646-56c3-54a3-b533-01c5754318f3,base
A3BSK47WPPE876,2,2,retest,1,state_nonfollows,state_nonfollows_target,doesn't break,breaks,The window is behind Ali and the wall is in front of Ali. Ali throws the baseball at the wall. The window BLANK.,93f6ca60-d035-5404-98d1-5cab22558138,base
A3BSK47WPPE876,2,2,retest,1,state_nonfollows,state_nonfollows_target,doesn't break,breaks,The window is behind Ali and the wall is in front of Ali. Ali throws the baseball at the wall. The window BLANK.,93f6ca60-d035-5404-98d1-5cab22558138,base
A3BSK47WPPE876,2,2,retest,1,action_nonfollows,action_nonfollows_target,close to,far from,The ball is close to Ali. Ali throws the box. The ball is BLANK Ali.,2afb6b5d-8e71-5ce2-97bd-e6d6b6d6e4bf,base
A3BSK47WPPE876,2,2,retest,1,action_nonfollows,action_nonfollows_target,close to,far from,The ball is close to Ali. Ali throws the box. The ball is BLANK Ali.,2afb6b5d-8e71-5ce2-97bd-e6d6b6d6e4bf,base
A3BSK47WPPE876,2,2,retest,1,egocentric_distant,egocentric_distant_target,right of,left of,Ali is facing away from Chicago. Ali turns right. Chicago is BLANK Ali.,ab3abdc8-bc90-5780-b8cb-2b0fb3ad02ff,base
A3BSK47WPPE876,2,2,retest,1,egocentric_distant,egocentric_distant_target,right of,left of,Ali is facing away from Chicago. Ali turns right. Chicago is BLANK Ali.,ab3abdc8-bc90-5780-b8cb-2b0fb3ad02ff,base
A3BSK47WPPE876,2,2,retest,1,action_nonfollows,action_nonfollows_target,doesn't spill,spills,The wine glass is on the table. Ali bumps the lamp. The wine BLANK.,44cb7648-b29b-5b98-992e-d7e249daa6b6,base
A3BSK47WPPE876,2,2,retest,1,action_nonfollows,action_nonfollows_target,doesn't spill,spills,The wine glass is on the table. Ali bumps the lamp. The wine BLANK.,44cb7648-b29b-5b98-992e-d7e249daa6b6,base
A3BSK47WPPE876,2,2,retest,0,action_nonfollows,action_nonfollows_target,close to,far from,The bowling ball is close to Ali. Ali throws the bowling ball. The bowling ball is BLANK Ali.,d7036c0b-8b82-5d23-a012-57ae1b59e7bc,base
A3BSK47WPPE876,2,2,retest,0,action_nonfollows,action_nonfollows_target,close to,far from,The bowling ball is close to Ali. Ali throws the bowling ball. The bowling ball is BLANK Ali.,d7036c0b-8b82-5d23-a012-57ae1b59e7bc,base
A3BSK47WPPE876,2,2,retest,1,action_follows,action_follows_context,floor,table,The wine glass is on the BLANK. Ali bumps the wine glass. The wine spills on the floor.,09236428-50c5-59b2-90d1-53711d6c7795,base
A3BSK47WPPE876,2,2,retest,1,action_follows,action_follows_context,floor,table,The wine glass is on the BLANK. Ali bumps the wine glass. The wine spills on the floor.,09236428-50c5-59b2-90d1-53711d6c7795,base
A3BSK47WPPE876,2,2,retest,1,state_nonfollows,state_nonfollows_context,table,glass,The glass is on the floor. Ali bumps the BLANK. The glass doesn't break.,873aedce-860e-576f-9741-9398d6d6f2eb,base
A3BSK47WPPE876,2,2,retest,1,state_nonfollows,state_nonfollows_context,table,glass,The glass is on the floor. Ali bumps the BLANK. The glass doesn't break.,873aedce-860e-576f-9741-9398d6d6f2eb,base
A3BSK47WPPE876,2,2,retest,1,state_nonfollows,state_nonfollows_context,behind,in front of,The window is BLANK Ali. Ali throws the baseball forward. The window doesn't break.,68b5a14f-4ab8-5004-be44-4f48b83e0e31,base
A3BSK47WPPE876,2,2,retest,1,state_nonfollows,state_nonfollows_context,behind,in front of,The window is BLANK Ali. Ali throws the baseball forward. The window doesn't break.,68b5a14f-4ab8-5004-be44-4f48b83e0e31,base
A3BSK47WPPE876,2,2,retest,0,egocentric_near,egocentric_near_context,right of,left of,Ali is BLANK the painting. Ali turns around. Ali is right of the painting.,dddb2cfa-31e1-5083-8686-43d95ab369ea,base
A3BSK47WPPE876,2,2,retest,0,egocentric_near,egocentric_near_context,right of,left of,Ali is BLANK the painting. Ali turns around. Ali is right of the painting.,dddb2cfa-31e1-5083-8686-43d95ab369ea,base
A3BSK47WPPE876,2,2,retest,1,action_follows,action_follows_context,in front of,behind,Ali is BLANK the wagon. Ali pulls on the wagon. The wagon moves.,bf03a4f6-7f78-5d3b-935b-023b8abf081d,base
A3BSK47WPPE876,2,2,retest,1,action_follows,action_follows_context,in front of,behind,Ali is BLANK the wagon. Ali pulls on the wagon. The wagon moves.,bf03a4f6-7f78-5d3b-935b-023b8abf081d,base
A3BSK47WPPE876,2,2,retest,1,egocentric_distant,egocentric_distant_target,left of,right of,Ali is facing Chicago. Ali turns right. Chicago is BLANK Ali.,dd671270-af76-5c47-b413-f83302e3de3a,base
A3BSK47WPPE876,2,2,retest,1,egocentric_distant,egocentric_distant_target,left of,right of,Ali is facing Chicago. Ali turns right. Chicago is BLANK Ali.,dd671270-af76-5c47-b413-f83302e3de3a,base
A3BSK47WPPE876,2,2,retest,1,egocentric_distant,egocentric_distant_target,left of,right of,Chicago is in front of Ali. Ali turns right. Chicago is BLANK Ali.,b7458eb1-0f7d-5cf1-9d74-c4b391425177,base
A3BSK47WPPE876,2,2,retest,1,egocentric_distant,egocentric_distant_target,left of,right of,Chicago is in front of Ali. Ali turns right. Chicago is BLANK Ali.,b7458eb1-0f7d-5cf1-9d74-c4b391425177,base
A3JGEQETU4C18Y,2,4,retest,0,geocentric_near,geocentric_near_target,West of,East of,The box is West of Ali. Ali turns around. The box is BLANK Ali.,424089ec-6146-5b3f-bd32-9565a5513fe0,base
A3JGEQETU4C18Y,2,4,retest,0,geocentric_near,geocentric_near_context,North of,East of,The painting is BLANK Ali. Ali turns right. The painting is North of Ali.,27cfaf60-c6de-5209-b4bb-2abcd703a542,base
A3JGEQETU4C18Y,2,4,retest,1,geocentric_distant,geocentric_distant_context,East of,West of,Milwaukee is BLANK Ali. Ali turns around. Milwaukee is East of Ali.,01d5a51d-7378-576b-aafc-5a45a1ffab63,base
A3JGEQETU4C18Y,2,4,retest,0,geocentric_near,geocentric_near_target,South of,East of,The painting is South of Ali. Ali turns left. The painting is BLANK Ali.,3d1c523b-903d-52c2-a5ef-c6868cafe157,base
A3JGEQETU4C18Y,2,4,retest,0,geocentric_near,geocentric_near_target,East of,West of,The painting is East of Ali. Ali turns around. The painting is BLANK Ali.,039eef21-48ea-5f03-97a8-50099c8411f3,base
A3JGEQETU4C18Y,2,4,retest,0,geocentric_near,geocentric_near_context,East of,South of,The painting is BLANK Ali. Ali turns right. The painting is East of Ali.,bbe1c4e0-6ae6-53c2-8e3d-2d90016d6cde,base
A3JGEQETU4C18Y,2,4,retest,0,geocentric_near,geocentric_near_context,South,North,Mark is facing BLANK. Mark turns 90 degrees to his right. Mark is facing West.,71d55d9d-7f72-50e7-9a53-e410341ef56d,base
A3JGEQETU4C18Y,2,4,retest,0,geocentric_distant,geocentric_distant_target,North of,East of,Milwaukee is North of Ali. Ali turns right. Milwaukee is BLANK Ali.,477d44eb-6672-5eae-bebc-bd944786e92c,base
A3JGEQETU4C18Y,2,4,retest,0,geocentric_distant,geocentric_distant_target,West of,South of,Milwaukee is West of Ali. Ali turns left. Milwaukee is BLANK Ali.,1dfa5edb-b651-5e4f-84d7-cbc32c618e98,base
A3JGEQETU4C18Y,2,4,retest,0,geocentric_near,geocentric_near_target,North of,East of,The painting is North of Ali. Ali turns right. The painting is BLANK Ali.,83aaa4c2-ac51-5fc1-bda3-12bea9d4ee43,base
A3JGEQETU4C18Y,2,4,retest,0,geocentric_distant,geocentric_distant_context,West,East,Milwaukee is BLANK of Ali. Ali walks West. Ali is getting closer to Milwaukee.,6cb3e4e3-1a79-542e-80fc-c7618ababd10,base
A3JGEQETU4C18Y,2,4,retest,0,geocentric_near,geocentric_near_context,North of,East of,The statue is BLANK Ali. Ali walks West. The statue is North of Ali.,c8c0fe33-a72d-5683-9846-b72cf18312aa,base
A3JGEQETU4C18Y,2,4,retest,0,geocentric_near,geocentric_near_target,West of,South of,The statue is West of Ali. Ali walks North. The statue is BLANK of Ali.,b9f30b99-3fb3-5807-a2ec-bbe349b45d3a,base
A3JGEQETU4C18Y,2,4,retest,0,geocentric_near,geocentric_near_context,East of,West of,The box is BLANK Ali. Ali turns around. The box is East of Ali.,4ff80aaf-24a6-56a6-8436-4aafd349574d,base
A3JGEQETU4C18Y,2,4,retest,1,geocentric_distant,geocentric_distant_target,closer to,further from,Ali is East of Milwaukee. Ali walks West. Ali is getting BLANK Milwaukee.,074db133-5b7c-5b64-bf17-595f0672a13e,base
A3JGEQETU4C18Y,2,4,retest,0,geocentric_near,geocentric_near_target,West of,South of,The painting is West of Ali. Ali turns left. The painting is BLANK Ali.,f296bfa3-3f6c-55b1-b35b-190dfe359ebd,base
A3JGEQETU4C18Y,2,4,retest,0,geocentric_distant,geocentric_distant_target,West of,East of,Milwaukee is West of Ali. Ali turns around. Milwaukee is BLANK Ali.,e6dd6cf2-8418-56eb-be84-4808492be4b9,base
A3JGEQETU4C18Y,2,4,retest,0,geocentric_distant,geocentric_distant_context,South,North,Ali is directly BLANK of Milwaukee. Ali walks West. Ali is Southwest of Milwaukee.,6fc3e325-93ce-5aec-bf73-393a4cdad0fd,base
A3JGEQETU4C18Y,2,4,retest,0,geocentric_distant,geocentric_distant_target,South of,North of,Milwaukee is South of Ali. Ali turns around. Milwaukee is BLANK Ali.,0a0053eb-14a6-5355-ba4c-111aa119ddba,base
A3JGEQETU4C18Y,2,4,retest,0,geocentric_near,geocentric_near_target,North of,South of,The painting is North of Ali. Ali turns around. The painting is BLANK Ali.,64e3f33d-f1bb-5469-960d-6b974ada7e0a,base
A3JGEQETU4C18Y,2,4,retest,0,geocentric_near,geocentric_near_target,South of,North of,The box is South of Ali. Ali turns around. The box is BLANK Ali.,87863690-da01-5035-a227-bad8f7e6a8a3,base
A3JGEQETU4C18Y,2,4,retest,0,geocentric_distant,geocentric_distant_context,East of,North of,Milwaukee is BLANK Ali. Ali turns left. Milwaukee is East of Ali.,b1c9a0f0-680c-58c2-8a69-4c63ee969cad,base
A3JGEQETU4C18Y,2,4,retest,0,geocentric_distant,geocentric_distant_context,North of,South of,Milwaukee is BLANK Ali. Ali turns around. Milwaukee is North of Ali.,1c80ade4-3063-5830-8934-448a2e3ccdb3,base
A3JGEQETU4C18Y,2,4,retest,0,geocentric_near,geocentric_near_context,West of,South of,The statue is BLANK Ali. Ali walks North. The statue is West of Ali.,f5993fbe-e095-503a-8913-5bae1684dcbb,base
A3JGEQETU4C18Y,2,4,retest,0,geocentric_distant,geocentric_distant_context,North of,East of,Milwaukee is BLANK Ali. Ali turns right. Milwaukee is North of Ali.,d1003ff7-62f8-5266-b577-0992f8f5f4a6,base
A3JGEQETU4C18Y,2,4,retest,0,geocentric_near,geocentric_near_context,East of,North of,The statue is BLANK Ali. Ali walks South. The statue is East of Ali.,654f3246-8a02-5b35-998c-05ad57e525bc,base
A3JGEQETU4C18Y,2,4,retest,1,geocentric_distant,geocentric_distant_target,Northeast,Southwest,Ali is directly North of Milwaukee. Ali walks East. Ali is BLANK Milwaukee.,6de916f2-8e10-52d0-8e30-7ae3dcd5aa73,base
A3JGEQETU4C18Y,2,4,retest,0,geocentric_distant,geocentric_distant_context,South of,West of,Milwaukee is BLANK Ali. Ali turns right. Milwaukee is South of Ali.,bf2af8a4-eb41-5828-869b-c6b1138f2890,base
A3JGEQETU4C18Y,2,4,retest,0,geocentric_near,geocentric_near_target,East of,North of,The statue is East of Ali. Ali walks South. The statue is BLANK of Ali.,4e2ccb54-af98-56e1-8eb8-74bc46abf088,base
A3JGEQETU4C18Y,2,4,retest,0,geocentric_near,geocentric_near_target,South of,West of,The statue is South of Ali. Ali walks East. The statue is BLANK of Ali.,b41b1558-d83e-5607-b398-f85601d40e7e,base
A3JGEQETU4C18Y,2,4,retest,0,geocentric_near,geocentric_near_target,East of,South of,The painting is East of Ali. Ali turns right. The painting is BLANK Ali.,47856cd0-4034-58db-b6c8-09eef76a40e4,base
A3JGEQETU4C18Y,2,4,retest,0,geocentric_near,geocentric_near_context,South of,West of,The painting is BLANK Ali. Ali turns right. The painting is South of Ali.,9066630c-6525-5574-b5bc-3cbff1f62ccd,base
A3JGEQETU4C18Y,2,4,retest,0,geocentric_near,geocentric_near_target,West,East,Mark is facing South. Mark turns 90 degrees to his right. Mark is facing BLANK.,6cfeef00-729e-52ba-985d-1252fd2428ed,base
A3JGEQETU4C18Y,2,4,retest,0,geocentric_near,geocentric_near_context,West of,South of,The painting is BLANK Ali. Ali turns left. The painting is West of Ali.,6748370c-52c8-5597-b79f-c9a2e0e485d4,base
A3JGEQETU4C18Y,2,4,retest,0,geocentric_near,geocentric_near_context,North of,South of,The painting is BLANK Ali. Ali turns around. The painting is North of Ali.,6f999144-fcd0-52e0-acea-ca152a4a32a9,base
A3JGEQETU4C18Y,2,4,retest,0,geocentric_near,geocentric_near_context,North of,West of,The statue is BLANK Ali. Ali walks East. The statue is North of Ali.,d07fd4d0-1e85-5fc3-8eeb-e7144e7bb5b6,base
A3JGEQETU4C18Y,2,4,retest,0,geocentric_distant,geocentric_distant_target,East of,West of,Milwaukee is East of Ali. Ali turns around. Milwaukee is BLANK Ali.,e71a3a3e-4266-5822-8098-4001479aa3d8,base
A3JGEQETU4C18Y,2,4,retest,1,geocentric_near,geocentric_near_context,West,East,Mark is facing BLANK. Mark turns 90 degrees to his right. Mark is facing North.,bfd08d04-41bc-5f32-a1fd-873972891edb,base
A3JGEQETU4C18Y,2,4,retest,1,geocentric_near,geocentric_near_context,East of,West of,The painting is BLANK of Ali. Ali turns around. The painting is East of Ali.,617ce912-b692-5ce2-acf4-9eabd9adc7e8,base
A3JGEQETU4C18Y,2,4,retest,0,geocentric_near,geocentric_near_target,East of,West of,The box is East of Ali. Ali turns around. The box is BLANK Ali.,d85b86e6-538e-59bf-9eb9-7d30d754f01d,base
A3JGEQETU4C18Y,2,4,retest,0,geocentric_distant,geocentric_distant_context,South of,North of,Milwaukee is BLANK Ali. Ali turns around. Milwaukee is South of Ali.,6f6037ad-89d1-53c6-9b58-e857b51d6d83,base
A3JGEQETU4C18Y,2,4,retest,0,geocentric_distant,geocentric_distant_target,South,East of,Milwaukee is South of Ali. Ali turns left. Milwaukee is BLANK Ali.,244dbf50-7c56-53b3-a5e2-96526647c538,base
A3JGEQETU4C18Y,2,4,retest,0,geocentric_near,geocentric_near_target,West of,East of,The box is West of Ali. Ali turns around. The box is BLANK Ali.,424089ec-6146-5b3f-bd32-9565a5513fe0,base
A3JGEQETU4C18Y,2,4,retest,0,geocentric_near,geocentric_near_target,West of,East of,The box is West of Ali. Ali turns around. The box is BLANK Ali.,424089ec-6146-5b3f-bd32-9565a5513fe0,base
A3JGEQETU4C18Y,2,4,retest,0,geocentric_near,geocentric_near_context,North of,East of,The painting is BLANK Ali. Ali turns right. The painting is North of Ali.,27cfaf60-c6de-5209-b4bb-2abcd703a542,base
A3JGEQETU4C18Y,2,4,retest,0,geocentric_near,geocentric_near_context,North of,East of,The painting is BLANK Ali. Ali turns right. The painting is North of Ali.,27cfaf60-c6de-5209-b4bb-2abcd703a542,base
A3JGEQETU4C18Y,2,4,retest,0,geocentric_near,geocentric_near_target,South of,East of,The painting is South of Ali. Ali turns left. The painting is BLANK Ali.,3d1c523b-903d-52c2-a5ef-c6868cafe157,base
A3JGEQETU4C18Y,2,4,retest,0,geocentric_near,geocentric_near_target,South of,East of,The painting is South of Ali. Ali turns left. The painting is BLANK Ali.,3d1c523b-903d-52c2-a5ef-c6868cafe157,base
A3JGEQETU4C18Y,2,4,retest,0,geocentric_near,geocentric_near_target,East of,West of,The painting is East of Ali. Ali turns around. The painting is BLANK Ali.,039eef21-48ea-5f03-97a8-50099c8411f3,base
A3JGEQETU4C18Y,2,4,retest,0,geocentric_near,geocentric_near_target,East of,West of,The painting is East of Ali. Ali turns around. The painting is BLANK Ali.,039eef21-48ea-5f03-97a8-50099c8411f3,base
A3JGEQETU4C18Y,2,4,retest,0,geocentric_near,geocentric_near_context,East of,South of,The painting is BLANK Ali. Ali turns right. The painting is East of Ali.,bbe1c4e0-6ae6-53c2-8e3d-2d90016d6cde,base
A3JGEQETU4C18Y,2,4,retest,0,geocentric_near,geocentric_near_context,East of,South of,The painting is BLANK Ali. Ali turns right. The painting is East of Ali.,bbe1c4e0-6ae6-53c2-8e3d-2d90016d6cde,base
A3JGEQETU4C18Y,2,4,retest,0,geocentric_near,geocentric_near_context,South,North,Mark is facing BLANK. Mark turns 90 degrees to his right. Mark is facing West.,71d55d9d-7f72-50e7-9a53-e410341ef56d,base
A3JGEQETU4C18Y,2,4,retest,0,geocentric_near,geocentric_near_context,South,North,Mark is facing BLANK. Mark turns 90 degrees to his right. Mark is facing West.,71d55d9d-7f72-50e7-9a53-e410341ef56d,base
A3JGEQETU4C18Y,2,4,retest,0,geocentric_distant,geocentric_distant_target,North of,East of,Milwaukee is North of Ali. Ali turns right. Milwaukee is BLANK Ali.,477d44eb-6672-5eae-bebc-bd944786e92c,base
A3JGEQETU4C18Y,2,4,retest,0,geocentric_distant,geocentric_distant_target,North of,East of,Milwaukee is North of Ali. Ali turns right. Milwaukee is BLANK Ali.,477d44eb-6672-5eae-bebc-bd944786e92c,base
A3JGEQETU4C18Y,2,4,retest,0,geocentric_distant,geocentric_distant_target,West of,South of,Milwaukee is West of Ali. Ali turns left. Milwaukee is BLANK Ali.,1dfa5edb-b651-5e4f-84d7-cbc32c618e98,base
A3JGEQETU4C18Y,2,4,retest,0,geocentric_distant,geocentric_distant_target,West of,South of,Milwaukee is West of Ali. Ali turns left. Milwaukee is BLANK Ali.,1dfa5edb-b651-5e4f-84d7-cbc32c618e98,base
A3JGEQETU4C18Y,2,4,retest,0,geocentric_near,geocentric_near_target,North of,East of,The painting is North of Ali. Ali turns right. The painting is BLANK Ali.,83aaa4c2-ac51-5fc1-bda3-12bea9d4ee43,base
A3JGEQETU4C18Y,2,4,retest,0,geocentric_near,geocentric_near_target,North of,East of,The painting is North of Ali. Ali turns right. The painting is BLANK Ali.,83aaa4c2-ac51-5fc1-bda3-12bea9d4ee43,base
A3JGEQETU4C18Y,2,4,retest,0,geocentric_distant,geocentric_distant_context,West,East,Milwaukee is BLANK of Ali. Ali walks West. Ali is getting closer to Milwaukee.,6cb3e4e3-1a79-542e-80fc-c7618ababd10,base
A3JGEQETU4C18Y,2,4,retest,0,geocentric_distant,geocentric_distant_context,West,East,Milwaukee is BLANK of Ali. Ali walks West. Ali is getting closer to Milwaukee.,6cb3e4e3-1a79-542e-80fc-c7618ababd10,base
A3JGEQETU4C18Y,2,4,retest,0,geocentric_near,geocentric_near_context,North of,East of,The statue is BLANK Ali. Ali walks West. The statue is North of Ali.,c8c0fe33-a72d-5683-9846-b72cf18312aa,base
A3JGEQETU4C18Y,2,4,retest,0,geocentric_near,geocentric_near_context,North of,East of,The statue is BLANK Ali. Ali walks West. The statue is North of Ali.,c8c0fe33-a72d-5683-9846-b72cf18312aa,base
A3JGEQETU4C18Y,2,4,retest,0,geocentric_near,geocentric_near_target,West of,South of,The statue is West of Ali. Ali walks North. The statue is BLANK of Ali.,b9f30b99-3fb3-5807-a2ec-bbe349b45d3a,base
A3JGEQETU4C18Y,2,4,retest,0,geocentric_near,geocentric_near_target,West of,South of,The statue is West of Ali. Ali walks North. The statue is BLANK of Ali.,b9f30b99-3fb3-5807-a2ec-bbe349b45d3a,base
A3JGEQETU4C18Y,2,4,retest,0,geocentric_near,geocentric_near_context,East of,West of,The box is BLANK Ali. Ali turns around. The box is East of Ali.,4ff80aaf-24a6-56a6-8436-4aafd349574d,base
A3JGEQETU4C18Y,2,4,retest,0,geocentric_near,geocentric_near_context,East of,West of,The box is BLANK Ali. Ali turns around. The box is East of Ali.,4ff80aaf-24a6-56a6-8436-4aafd349574d,base
A3JGEQETU4C18Y,2,4,retest,0,geocentric_distant,geocentric_distant_target,closer to,further from,Ali is East of Milwaukee. Ali walks West. Ali is getting BLANK Milwaukee.,074db133-5b7c-5b64-bf17-595f0672a13e,base
A3JGEQETU4C18Y,2,4,retest,0,geocentric_distant,geocentric_distant_target,closer to,further from,Ali is East of Milwaukee. Ali walks West. Ali is getting BLANK Milwaukee.,074db133-5b7c-5b64-bf17-595f0672a13e,base
A3JGEQETU4C18Y,2,4,retest,0,geocentric_near,geocentric_near_target,West of,South of,The painting is West of Ali. Ali turns left. The painting is BLANK Ali.,f296bfa3-3f6c-55b1-b35b-190dfe359ebd,base
A3JGEQETU4C18Y,2,4,retest,0,geocentric_near,geocentric_near_target,West of,South of,The painting is West of Ali. Ali turns left. The painting is BLANK Ali.,f296bfa3-3f6c-55b1-b35b-190dfe359ebd,base
A3JGEQETU4C18Y,2,4,retest,0,geocentric_distant,geocentric_distant_target,West of,East of,Milwaukee is West of Ali. Ali turns around. Milwaukee is BLANK Ali.,e6dd6cf2-8418-56eb-be84-4808492be4b9,base
A3JGEQETU4C18Y,2,4,retest,0,geocentric_distant,geocentric_distant_target,West of,East of,Milwaukee is West of Ali. Ali turns around. Milwaukee is BLANK Ali.,e6dd6cf2-8418-56eb-be84-4808492be4b9,base
A3JGEQETU4C18Y,2,4,retest,1,geocentric_distant,geocentric_distant_context,South,North,Ali is directly BLANK of Milwaukee. Ali walks West. Ali is Southwest of Milwaukee.,6fc3e325-93ce-5aec-bf73-393a4cdad0fd,base
A3JGEQETU4C18Y,2,4,retest,1,geocentric_distant,geocentric_distant_context,South,North,Ali is directly BLANK of Milwaukee. Ali walks West. Ali is Southwest of Milwaukee.,6fc3e325-93ce-5aec-bf73-393a4cdad0fd,base
A3JGEQETU4C18Y,2,4,retest,0,geocentric_distant,geocentric_distant_target,South of,North of,Milwaukee is South of Ali. Ali turns around. Milwaukee is BLANK Ali.,0a0053eb-14a6-5355-ba4c-111aa119ddba,base
A3JGEQETU4C18Y,2,4,retest,0,geocentric_distant,geocentric_distant_target,South of,North of,Milwaukee is South of Ali. Ali turns around. Milwaukee is BLANK Ali.,0a0053eb-14a6-5355-ba4c-111aa119ddba,base
A3JGEQETU4C18Y,2,4,retest,0,geocentric_near,geocentric_near_target,North of,South of,The painting is North of Ali. Ali turns around. The painting is BLANK Ali.,64e3f33d-f1bb-5469-960d-6b974ada7e0a,base
A3JGEQETU4C18Y,2,4,retest,0,geocentric_near,geocentric_near_target,North of,South of,The painting is North of Ali. Ali turns around. The painting is BLANK Ali.,64e3f33d-f1bb-5469-960d-6b974ada7e0a,base
A3JGEQETU4C18Y,2,4,retest,0,geocentric_near,geocentric_near_target,South of,North of,The box is South of Ali. Ali turns around. The box is BLANK Ali.,87863690-da01-5035-a227-bad8f7e6a8a3,base
A3JGEQETU4C18Y,2,4,retest,0,geocentric_near,geocentric_near_target,South of,North of,The box is South of Ali. Ali turns around. The box is BLANK Ali.,87863690-da01-5035-a227-bad8f7e6a8a3,base
A3JGEQETU4C18Y,2,4,retest,0,geocentric_distant,geocentric_distant_context,East of,North of,Milwaukee is BLANK Ali. Ali turns left. Milwaukee is East of Ali.,b1c9a0f0-680c-58c2-8a69-4c63ee969cad,base
A3JGEQETU4C18Y,2,4,retest,0,geocentric_distant,geocentric_distant_context,East of,North of,Milwaukee is BLANK Ali. Ali turns left. Milwaukee is East of Ali.,b1c9a0f0-680c-58c2-8a69-4c63ee969cad,base
A3JGEQETU4C18Y,2,4,retest,0,geocentric_distant,geocentric_distant_context,North of,South of,Milwaukee is BLANK Ali. Ali turns around. Milwaukee is North of Ali.,1c80ade4-3063-5830-8934-448a2e3ccdb3,base
A3JGEQETU4C18Y,2,4,retest,0,geocentric_distant,geocentric_distant_context,North of,South of,Milwaukee is BLANK Ali. Ali turns around. Milwaukee is North of Ali.,1c80ade4-3063-5830-8934-448a2e3ccdb3,base
A3JGEQETU4C18Y,2,4,retest,0,geocentric_near,geocentric_near_context,West of,South of,The statue is BLANK Ali. Ali walks North. The statue is West of Ali.,f5993fbe-e095-503a-8913-5bae1684dcbb,base
A3JGEQETU4C18Y,2,4,retest,0,geocentric_near,geocentric_near_context,West of,South of,The statue is BLANK Ali. Ali walks North. The statue is West of Ali.,f5993fbe-e095-503a-8913-5bae1684dcbb,base
A3JGEQETU4C18Y,2,4,retest,0,geocentric_distant,geocentric_distant_context,North of,East of,Milwaukee is BLANK Ali. Ali turns right. Milwaukee is North of Ali.,d1003ff7-62f8-5266-b577-0992f8f5f4a6,base
A3JGEQETU4C18Y,2,4,retest,0,geocentric_distant,geocentric_distant_context,North of,East of,Milwaukee is BLANK Ali. Ali turns right. Milwaukee is North of Ali.,d1003ff7-62f8-5266-b577-0992f8f5f4a6,base
A3JGEQETU4C18Y,2,4,retest,0,geocentric_near,geocentric_near_context,East of,North of,The statue is BLANK Ali. Ali walks South. The statue is East of Ali.,654f3246-8a02-5b35-998c-05ad57e525bc,base
A3JGEQETU4C18Y,2,4,retest,0,geocentric_near,geocentric_near_context,East of,North of,The statue is BLANK Ali. Ali walks South. The statue is East of Ali.,654f3246-8a02-5b35-998c-05ad57e525bc,base
A3JGEQETU4C18Y,2,4,retest,1,geocentric_distant,geocentric_distant_target,Northeast,Southwest,Ali is directly North of Milwaukee. Ali walks East. Ali is BLANK Milwaukee.,6de916f2-8e10-52d0-8e30-7ae3dcd5aa73,base
A3JGEQETU4C18Y,2,4,retest,1,geocentric_distant,geocentric_distant_target,Northeast,Southwest,Ali is directly North of Milwaukee. Ali walks East. Ali is BLANK Milwaukee.,6de916f2-8e10-52d0-8e30-7ae3dcd5aa73,base
A3JGEQETU4C18Y,2,4,retest,1,geocentric_distant,geocentric_distant_context,South of,West of,Milwaukee is BLANK Ali. Ali turns right. Milwaukee is South of Ali.,bf2af8a4-eb41-5828-869b-c6b1138f2890,base
A3JGEQETU4C18Y,2,4,retest,1,geocentric_distant,geocentric_distant_context,South of,West of,Milwaukee is BLANK Ali. Ali turns right. Milwaukee is South of Ali.,bf2af8a4-eb41-5828-869b-c6b1138f2890,base
A3JGEQETU4C18Y,2,4,retest,0,geocentric_near,geocentric_near_target,East of,North of,The statue is East of Ali. Ali walks South. The statue is BLANK of Ali.,4e2ccb54-af98-56e1-8eb8-74bc46abf088,base
A3JGEQETU4C18Y,2,4,retest,0,geocentric_near,geocentric_near_target,East of,North of,The statue is East of Ali. Ali walks South. The statue is BLANK of Ali.,4e2ccb54-af98-56e1-8eb8-74bc46abf088,base
A3JGEQETU4C18Y,2,4,retest,1,geocentric_near,geocentric_near_target,South of,West of,The statue is South of Ali. Ali walks East. The statue is BLANK of Ali.,b41b1558-d83e-5607-b398-f85601d40e7e,base
A3JGEQETU4C18Y,2,4,retest,1,geocentric_near,geocentric_near_target,South of,West of,The statue is South of Ali. Ali walks East. The statue is BLANK of Ali.,b41b1558-d83e-5607-b398-f85601d40e7e,base
A3JGEQETU4C18Y,2,4,retest,0,geocentric_near,geocentric_near_target,East of,South of,The painting is East of Ali. Ali turns right. The painting is BLANK Ali.,47856cd0-4034-58db-b6c8-09eef76a40e4,base
A3JGEQETU4C18Y,2,4,retest,0,geocentric_near,geocentric_near_target,East of,South of,The painting is East of Ali. Ali turns right. The painting is BLANK Ali.,47856cd0-4034-58db-b6c8-09eef76a40e4,base
A3JGEQETU4C18Y,2,4,retest,0,geocentric_near,geocentric_near_context,South of,West of,The painting is BLANK Ali. Ali turns right. The painting is South of Ali.,9066630c-6525-5574-b5bc-3cbff1f62ccd,base
A3JGEQETU4C18Y,2,4,retest,0,geocentric_near,geocentric_near_context,South of,West of,The painting is BLANK Ali. Ali turns right. The painting is South of Ali.,9066630c-6525-5574-b5bc-3cbff1f62ccd,base
A3JGEQETU4C18Y,2,4,retest,1,geocentric_near,geocentric_near_target,West,East,Mark is facing South. Mark turns 90 degrees to his right. Mark is facing BLANK.,6cfeef00-729e-52ba-985d-1252fd2428ed,base
A3JGEQETU4C18Y,2,4,retest,1,geocentric_near,geocentric_near_target,West,East,Mark is facing South. Mark turns 90 degrees to his right. Mark is facing BLANK.,6cfeef00-729e-52ba-985d-1252fd2428ed,base
A3JGEQETU4C18Y,2,4,retest,0,geocentric_near,geocentric_near_context,West of,South of,The painting is BLANK Ali. Ali turns left. The painting is West of Ali.,6748370c-52c8-5597-b79f-c9a2e0e485d4,base
A3JGEQETU4C18Y,2,4,retest,0,geocentric_near,geocentric_near_context,West of,South of,The painting is BLANK Ali. Ali turns left. The painting is West of Ali.,6748370c-52c8-5597-b79f-c9a2e0e485d4,base
A3JGEQETU4C18Y,2,4,retest,0,geocentric_near,geocentric_near_context,North of,South of,The painting is BLANK Ali. Ali turns around. The painting is North of Ali.,6f999144-fcd0-52e0-acea-ca152a4a32a9,base
A3JGEQETU4C18Y,2,4,retest,0,geocentric_near,geocentric_near_context,North of,South of,The painting is BLANK Ali. Ali turns around. The painting is North of Ali.,6f999144-fcd0-52e0-acea-ca152a4a32a9,base
A3JGEQETU4C18Y,2,4,retest,0,geocentric_near,geocentric_near_context,North of,West of,The statue is BLANK Ali. Ali walks East. The statue is North of Ali.,d07fd4d0-1e85-5fc3-8eeb-e7144e7bb5b6,base
A3JGEQETU4C18Y,2,4,retest,0,geocentric_near,geocentric_near_context,North of,West of,The statue is BLANK Ali. Ali walks East. The statue is North of Ali.,d07fd4d0-1e85-5fc3-8eeb-e7144e7bb5b6,base
A3JGEQETU4C18Y,2,4,retest,0,geocentric_distant,geocentric_distant_target,East of,West of,Milwaukee is East of Ali. Ali turns around. Milwaukee is BLANK Ali.,e71a3a3e-4266-5822-8098-4001479aa3d8,base
A3JGEQETU4C18Y,2,4,retest,0,geocentric_distant,geocentric_distant_target,East of,West of,Milwaukee is East of Ali. Ali turns around. Milwaukee is BLANK Ali.,e71a3a3e-4266-5822-8098-4001479aa3d8,base
A3JGEQETU4C18Y,2,4,retest,0,geocentric_near,geocentric_near_context,West,East,Mark is facing BLANK. Mark turns 90 degrees to his right. Mark is facing North.,bfd08d04-41bc-5f32-a1fd-873972891edb,base
A3JGEQETU4C18Y,2,4,retest,0,geocentric_near,geocentric_near_context,West,East,Mark is facing BLANK. Mark turns 90 degrees to his right. Mark is facing North.,bfd08d04-41bc-5f32-a1fd-873972891edb,base
A3JGEQETU4C18Y,2,4,retest,1,geocentric_near,geocentric_near_target,East of,West of,The box is East of Ali. Ali turns around. The box is BLANK Ali.,d85b86e6-538e-59bf-9eb9-7d30d754f01d,base
A3P9OTCAYB6E9V,2,1,retest,1,action_follows,action_follows_context,behind,in front of,Ali is BLANK the wagon. Ali pushes on the wagon. The wagon moves.,40d46345-fe82-5f5a-82a0-f24d259674d7,base
A3P9OTCAYB6E9V,2,1,retest,0,action_nonfollows,action_nonfollows_target,behind the statue,in front of the statue,Ali is behind the statue. Ali turns around. Ali is BLANK.,527fdd15-db92-57e8-bc5c-09d9964e45b1,base
A3P9OTCAYB6E9V,2,1,retest,1,action_nonfollows,action_nonfollows_target,doesn't move,moves,The ball is five feet from the box. Ali moves the box. The ball BLANK.,eae220a6-b112-595b-8808-41aaec2e4f3d,base
A3P9OTCAYB6E9V,2,1,retest,1,action_nonfollows,action_nonfollows_context,in,outside,Ali is BLANK the wagon. Ali pulls on the wagon. The wagon doesn't move.,d68fd4fa-114f-58ff-922b-8ba73bc38c68,base
A3P9OTCAYB6E9V,2,1,retest,1,action_follows,action_follows_target,moves,doesn't move,The book is on the table. Ali moves the table. The book BLANK.,bf93e811-9a49-58b7-b6dc-6a47ece87d9f,base
A3P9OTCAYB6E9V,2,1,retest,1,egocentric_distant,egocentric_distant_context,left,right,Chicago is to Ali's BLANK. Ali turns left. Ali is facing towards Chicago.,29c5b0e8-2242-5aa6-ad05-0a8b33bc7aec,base
A3P9OTCAYB6E9V,2,1,retest,1,state_nonfollows,state_nonfollows_context,banana,ice cube,The ice cube and the banana are in the fridge. Ali takes the BLANK out of the fridge. The ice cube doesn't melt.,36c076db-ae0e-5966-819d-9d048054999d,base
A3P9OTCAYB6E9V,2,1,retest,1,action_nonfollows,action_nonfollows_target,close to,far from,The box is close to Ali. Ali throws the ball. The box is BLANK Ali.,27bc3da0-29e8-5aff-8cdc-aebfdecd2412,base
A3P9OTCAYB6E9V,2,1,retest,1,action_follows,action_follows_context,right,left,The seesaw is balanced. Ali tilts the BLANK side of the seesaw. The left side goes up.,9ce7fedd-cd4e-5e5e-8af4-7c87b269dcf9,base
A3P9OTCAYB6E9V,2,1,retest,1,action_follows,action_follows_context,top,bottom,The wagon is on the BLANK of the hill. Ali pushes the wagon. The wagon rolls.,96c0978e-4433-5d7f-b561-cee41daa8875,base
A3P9OTCAYB6E9V,2,1,retest,0,egocentric_near,egocentric_near_context,in front of,behind,The painting is BLANK of Ali. Ali turns left. The painting is right of Ali.,805deedd-d47e-54f8-b7e7-81318f8435b7,base
A3P9OTCAYB6E9V,2,1,retest,1,action_nonfollows,action_nonfollows_context,under,above,The ball is BLANK the box. The ball moves right. The ball is lower than the box.,f7886140-c3a9-5bb0-9dc4-99612c3e3180,base
A3P9OTCAYB6E9V,2,1,retest,0,egocentric_distant,egocentric_distant_target,right of,left of,Chicago is behind Ali. Ali turns right. Chicago is BLANK Ali.,ecf1bbc5-92d2-5b77-9ebe-7090991e3b5d,base
A3P9OTCAYB6E9V,2,1,retest,0,egocentric_near,egocentric_near_context,behind,in front of,The painting is BLANK Ali. Ali turns right. The painting is right of Ali.,1916451f-868a-5f58-9e6c-6033ca77e634,base
A3P9OTCAYB6E9V,2,1,retest,0,egocentric_near,egocentric_near_target,left of,right of,The painting is behind Ali. Ali turns left. The painting is BLANK Ali.,2f6ac9c5-17f9-5a23-ab8d-9d0d3d3335c4,base
A3P9OTCAYB6E9V,2,1,retest,0,egocentric_distant,egocentric_distant_target,left of,right of,Ali is facing away from Chicago. Ali turns left. Chicago is BLANK Ali.,9f9092b3-4ed3-5b54-92bb-a68e83301300,base
A3P9OTCAYB6E9V,2,1,retest,0,egocentric_near,egocentric_near_target,behind,in front of,Ali is behind the painting. Ali turns around. Ali is BLANK the painting.,cb0d70bb-d9f6-5100-902d-21fd6221cecf,base
A3P9OTCAYB6E9V,2,1,retest,0,egocentric_near,egocentric_near_context,behind,in front of,The painting is BLANK Ali. Ali turns left. The painting is left of Ali.,8c63c6ea-38dc-5bb2-a95b-c1b63865bdaf,base
A3P9OTCAYB6E9V,2,1,retest,0,egocentric_near,egocentric_near_context,behind,in front of,Ali is BLANK painting. Ali turns around. Ali is behind the painting.,d91e34a1-58ec-5efe-bd1d-3da56dfe0d5c,base
A3P9OTCAYB6E9V,2,1,retest,1,action_nonfollows,action_nonfollows_target,floats,sinks,The box is floating in the water. Ali puts a tennis ball in the box. The box BLANK.,15a162c3-7638-5144-a4a3-f9a13b33f485,base
A3P9OTCAYB6E9V,2,1,retest,1,state_nonfollows,state_nonfollows_target,doesn't break,breaks,The glass is on the floor. Ali bumps the table. The glass BLANK.,2a5f6d9c-8b03-5fe5-8a19-87971947d204,base
A3P9OTCAYB6E9V,2,1,retest,1,egocentric_near,egocentric_near_target,right,left,The painting is to Ali's right. The painting is moved right. The painting is to Ali's BLANK.,ead989ef-2c5a-5676-a32c-f2f2055cae2d,base
A3P9OTCAYB6E9V,2,1,retest,1,egocentric_distant,egocentric_distant_target,in front of,behind,Ali is facing away from Chicago. Ali turns around. Chicago is BLANK Ali.,1710b645-2bb2-54c6-8ac1-62f03525d880,base
A3P9OTCAYB6E9V,2,1,retest,1,state_nonfollows,state_nonfollows_target,dry,wet,The glass is on the table. Ali fills the glass halfway. The table is BLANK.,b8aeb728-ce96-53b4-a022-80902bd4ed2d,base
A3P9OTCAYB6E9V,2,1,retest,1,egocentric_distant,egocentric_distant_context,towards,away from,Ali is facing BLANK Chicago. Ali turns left. Chicago is right of Ali.,fe65df9a-14f6-5a27-8f01-1a0bed69b8e5,base
A3P9OTCAYB6E9V,2,1,retest,1,state_nonfollows,state_nonfollows_context,cup,glass,The glass and the cup are on the table. Ali pushes the BLANK off the table. The glass doesn't break.,88e4c11a-0766-534e-843f-4d59c387d497,base
A3P9OTCAYB6E9V,2,1,retest,0,egocentric_near,egocentric_near_target,right,left,The painting is to Ali's left. The painting is moved left. The painting is to Ali's BLANK.,77bdedf3-bae1-5250-9280-746344392bdd,base
A3P9OTCAYB6E9V,2,1,retest,0,action_nonfollows,action_nonfollows_context,in front of the statue,behind the statue,Ali is BLANK. Ali turns around. Ali is in front of the statue.,7cfd7bad-4e38-507a-a6d8-243e8c667d1b,base
A3P9OTCAYB6E9V,2,1,retest,0,egocentric_distant,egocentric_distant_context,in front of,behind,Chicago is BLANK Ali. Ali turns right. Chicago is left of Ali.,27c72cf7-5d80-526d-9ace-d6625063dfe0,base
A3P9OTCAYB6E9V,2,1,retest,1,action_nonfollows,action_nonfollows_context,under,above,The ball is BLANK the box. Ali pushes the ball forward. The ball is under the box.,11b9c7f0-ecb6-5489-b941-2a3815cb66ce,base
A3P9OTCAYB6E9V,2,1,retest,1,egocentric_near,egocentric_near_context,right of,left of,The painting is BLANK Ali. Ali turns around. The painting is left of Ali.,a350fecf-cf01-5eef-a227-25028fad7f14,base
A3P9OTCAYB6E9V,2,1,retest,1,action_nonfollows,action_nonfollows_target,doesn't move,moves,The box is in the bin. Ali moves the box. The bin BLANK.,ba5435e7-cc12-557d-be71-b241947e2f6c,base
A3P9OTCAYB6E9V,2,1,retest,0,action_nonfollows,action_nonfollows_target,behind the statue,in front of the statue,Ali is behind the statue. Ali turns around. Ali is BLANK.,527fdd15-db92-57e8-bc5c-09d9964e45b1,base
A3P9OTCAYB6E9V,2,1,retest,0,action_nonfollows,action_nonfollows_target,behind the statue,in front of the statue,Ali is behind the statue. Ali turns around. Ali is BLANK.,527fdd15-db92-57e8-bc5c-09d9964e45b1,base
A3P9OTCAYB6E9V,2,1,retest,1,action_nonfollows,action_nonfollows_target,doesn't move,moves,The ball is five feet from the box. Ali moves the box. The ball BLANK.,eae220a6-b112-595b-8808-41aaec2e4f3d,base
A3P9OTCAYB6E9V,2,1,retest,1,action_nonfollows,action_nonfollows_target,doesn't move,moves,The ball is five feet from the box. Ali moves the box. The ball BLANK.,eae220a6-b112-595b-8808-41aaec2e4f3d,base
A3P9OTCAYB6E9V,2,1,retest,0,egocentric_distant,egocentric_distant_context,left,right,Chicago is to Ali's BLANK. Ali turns left. Ali is facing towards Chicago.,29c5b0e8-2242-5aa6-ad05-0a8b33bc7aec,base
A3P9OTCAYB6E9V,2,1,retest,0,egocentric_distant,egocentric_distant_context,left,right,Chicago is to Ali's BLANK. Ali turns left. Ali is facing towards Chicago.,29c5b0e8-2242-5aa6-ad05-0a8b33bc7aec,base
A3P9OTCAYB6E9V,2,1,retest,1,state_nonfollows,state_nonfollows_context,banana,ice cube,The ice cube and the banana are in the fridge. Ali takes the BLANK out of the fridge. The ice cube doesn't melt.,36c076db-ae0e-5966-819d-9d048054999d,base
A3P9OTCAYB6E9V,2,1,retest,1,state_nonfollows,state_nonfollows_context,banana,ice cube,The ice cube and the banana are in the fridge. Ali takes the BLANK out of the fridge. The ice cube doesn't melt.,36c076db-ae0e-5966-819d-9d048054999d,base
A3P9OTCAYB6E9V,2,1,retest,1,action_follows,action_follows_context,top,bottom,The wagon is on the BLANK of the hill. Ali pushes the wagon. The wagon rolls.,96c0978e-4433-5d7f-b561-cee41daa8875,base
A3P9OTCAYB6E9V,2,1,retest,1,action_follows,action_follows_context,top,bottom,The wagon is on the BLANK of the hill. Ali pushes the wagon. The wagon rolls.,96c0978e-4433-5d7f-b561-cee41daa8875,base
A3P9OTCAYB6E9V,2,1,retest,1,egocentric_near,egocentric_near_context,in front of,behind,The painting is BLANK of Ali. Ali turns left. The painting is right of Ali.,805deedd-d47e-54f8-b7e7-81318f8435b7,base
A3P9OTCAYB6E9V,2,1,retest,1,egocentric_near,egocentric_near_context,in front of,behind,The painting is BLANK of Ali. Ali turns left. The painting is right of Ali.,805deedd-d47e-54f8-b7e7-81318f8435b7,base
A3P9OTCAYB6E9V,2,1,retest,1,egocentric_distant,egocentric_distant_target,right of,left of,Chicago is behind Ali. Ali turns right. Chicago is BLANK Ali.,ecf1bbc5-92d2-5b77-9ebe-7090991e3b5d,base
A3P9OTCAYB6E9V,2,1,retest,1,egocentric_distant,egocentric_distant_target,right of,left of,Chicago is behind Ali. Ali turns right. Chicago is BLANK Ali.,ecf1bbc5-92d2-5b77-9ebe-7090991e3b5d,base
A3P9OTCAYB6E9V,2,1,retest,1,egocentric_near,egocentric_near_context,behind,in front of,The painting is BLANK Ali. Ali turns right. The painting is right of Ali.,1916451f-868a-5f58-9e6c-6033ca77e634,base
A3P9OTCAYB6E9V,2,1,retest,1,egocentric_near,egocentric_near_context,behind,in front of,The painting is BLANK Ali. Ali turns right. The painting is right of Ali.,1916451f-868a-5f58-9e6c-6033ca77e634,base
A3P9OTCAYB6E9V,2,1,retest,1,egocentric_near,egocentric_near_target,left of,right of,The painting is behind Ali. Ali turns left. The painting is BLANK Ali.,2f6ac9c5-17f9-5a23-ab8d-9d0d3d3335c4,base
A3P9OTCAYB6E9V,2,1,retest,1,egocentric_near,egocentric_near_target,left of,right of,The painting is behind Ali. Ali turns left. The painting is BLANK Ali.,2f6ac9c5-17f9-5a23-ab8d-9d0d3d3335c4,base
A3P9OTCAYB6E9V,2,1,retest,1,egocentric_distant,egocentric_distant_target,left of,right of,Ali is facing away from Chicago. Ali turns left. Chicago is BLANK Ali.,9f9092b3-4ed3-5b54-92bb-a68e83301300,base
A3P9OTCAYB6E9V,2,1,retest,1,egocentric_distant,egocentric_distant_target,left of,right of,Ali is facing away from Chicago. Ali turns left. Chicago is BLANK Ali.,9f9092b3-4ed3-5b54-92bb-a68e83301300,base
A3P9OTCAYB6E9V,2,1,retest,1,egocentric_near,egocentric_near_target,behind,in front of,Ali is behind the painting. Ali turns around. Ali is BLANK the painting.,cb0d70bb-d9f6-5100-902d-21fd6221cecf,base
A3P9OTCAYB6E9V,2,1,retest,1,egocentric_near,egocentric_near_target,behind,in front of,Ali is behind the painting. Ali turns around. Ali is BLANK the painting.,cb0d70bb-d9f6-5100-902d-21fd6221cecf,base
A3P9OTCAYB6E9V,2,1,retest,1,egocentric_near,egocentric_near_context,behind,in front of,The painting is BLANK Ali. Ali turns left. The painting is left of Ali.,8c63c6ea-38dc-5bb2-a95b-c1b63865bdaf,base
A3P9OTCAYB6E9V,2,1,retest,1,egocentric_near,egocentric_near_context,behind,in front of,The painting is BLANK Ali. Ali turns left. The painting is left of Ali.,8c63c6ea-38dc-5bb2-a95b-c1b63865bdaf,base
A3P9OTCAYB6E9V,2,1,retest,1,egocentric_near,egocentric_near_context,behind,in front of,Ali is BLANK painting. Ali turns around. Ali is behind the painting.,d91e34a1-58ec-5efe-bd1d-3da56dfe0d5c,base
A3P9OTCAYB6E9V,2,1,retest,1,egocentric_near,egocentric_near_context,behind,in front of,Ali is BLANK painting. Ali turns around. Ali is behind the painting.,d91e34a1-58ec-5efe-bd1d-3da56dfe0d5c,base
A3P9OTCAYB6E9V,2,1,retest,1,action_nonfollows,action_nonfollows_target,floats,sinks,The box is floating in the water. Ali puts a tennis ball in the box. The box BLANK.,15a162c3-7638-5144-a4a3-f9a13b33f485,base
A3P9OTCAYB6E9V,2,1,retest,1,action_nonfollows,action_nonfollows_target,floats,sinks,The box is floating in the water. Ali puts a tennis ball in the box. The box BLANK.,15a162c3-7638-5144-a4a3-f9a13b33f485,base
A3P9OTCAYB6E9V,2,1,retest,1,egocentric_near,egocentric_near_target,right,left,The painting is to Ali's right. The painting is moved right. The painting is to Ali's BLANK.,ead989ef-2c5a-5676-a32c-f2f2055cae2d,base
A3P9OTCAYB6E9V,2,1,retest,1,egocentric_near,egocentric_near_target,right,left,The painting is to Ali's right. The painting is moved right. The painting is to Ali's BLANK.,ead989ef-2c5a-5676-a32c-f2f2055cae2d,base
A3P9OTCAYB6E9V,2,1,retest,1,state_nonfollows,state_nonfollows_target,dry,wet,The glass is on the table. Ali fills the glass halfway. The table is BLANK.,b8aeb728-ce96-53b4-a022-80902bd4ed2d,base
A3P9OTCAYB6E9V,2,1,retest,1,state_nonfollows,state_nonfollows_target,dry,wet,The glass is on the table. Ali fills the glass halfway. The table is BLANK.,b8aeb728-ce96-53b4-a022-80902bd4ed2d,base
A3P9OTCAYB6E9V,2,1,retest,0,egocentric_near,egocentric_near_target,right,left,The painting is to Ali's left. The painting is moved left. The painting is to Ali's BLANK.,77bdedf3-bae1-5250-9280-746344392bdd,base
A3P9OTCAYB6E9V,2,1,retest,0,egocentric_near,egocentric_near_target,right,left,The painting is to Ali's left. The painting is moved left. The painting is to Ali's BLANK.,77bdedf3-bae1-5250-9280-746344392bdd,base
A3P9OTCAYB6E9V,2,1,retest,1,action_nonfollows,action_nonfollows_context,in front of the statue,behind the statue,Ali is BLANK. Ali turns around. Ali is in front of the statue.,7cfd7bad-4e38-507a-a6d8-243e8c667d1b,base
A3P9OTCAYB6E9V,2,1,retest,1,action_nonfollows,action_nonfollows_context,in front of the statue,behind the statue,Ali is BLANK. Ali turns around. Ali is in front of the statue.,7cfd7bad-4e38-507a-a6d8-243e8c667d1b,base
A3P9OTCAYB6E9V,2,1,retest,0,egocentric_distant,egocentric_distant_context,in front of,behind,Chicago is BLANK Ali. Ali turns right. Chicago is left of Ali.,27c72cf7-5d80-526d-9ace-d6625063dfe0,base
A3P9OTCAYB6E9V,2,1,retest,0,egocentric_distant,egocentric_distant_context,in front of,behind,Chicago is BLANK Ali. Ali turns right. Chicago is left of Ali.,27c72cf7-5d80-526d-9ace-d6625063dfe0,base
A3P9OTCAYB6E9V,2,1,retest,1,action_nonfollows,action_nonfollows_context,under,above,The ball is BLANK the box. Ali pushes the ball forward. The ball is under the box.,11b9c7f0-ecb6-5489-b941-2a3815cb66ce,base
A3P9OTCAYB6E9V,2,1,retest,1,action_nonfollows,action_nonfollows_context,under,above,The ball is BLANK the box. Ali pushes the ball forward. The ball is under the box.,11b9c7f0-ecb6-5489-b941-2a3815cb66ce,base
A3P9OTCAYB6E9V,2,1,retest,1,egocentric_near,egocentric_near_context,right of,left of,The painting is BLANK Ali. Ali turns around. The painting is left of Ali.,a350fecf-cf01-5eef-a227-25028fad7f14,base
A3P9OTCAYB6E9V,2,1,retest,1,egocentric_near,egocentric_near_context,right of,left of,The painting is BLANK Ali. Ali turns around. The painting is left of Ali.,a350fecf-cf01-5eef-a227-25028fad7f14,base
ADMTBAW0O1I30,2,5,retest,0,geocentric_near,geocentric_near_context,West of,East of,The painting is BLANK of Ali. Ali turns around. The painting is West of Ali.,a22b454f-f1c2-51cf-a7f3-f1d55dc1383d,base
ADMTBAW0O1I30,2,5,retest,0,geocentric_distant,geocentric_distant_target,closer to,further from,Ali is South of Milwaukee. Ali walks North. Ali is getting BLANK Milwaukee.,21a31cff-69cd-5fb6-aa15-b02b298e738a,base
ADMTBAW0O1I30,2,5,retest,0,geocentric_near,geocentric_near_target,South of,West of,The painting is South of Ali. Ali turns right. The painting is BLANK Ali.,210a7a1b-215f-574d-96be-bb4575d7df97,base
ADMTBAW0O1I30,2,5,retest,0,geocentric_near,geocentric_near_target,North of,East of,The statue is North of Ali. Ali walks West. The statue is BLANK of Ali.,509b8364-1a32-5e7f-93c8-449b551718c5,base
ADMTBAW0O1I30,2,5,retest,1,geocentric_near,geocentric_near_context,West of,North of,The statue is BLANK Ali. Ali walks South. The statue is West of Ali.,53eb0547-cabf-5f87-bb4d-eeb9eb0e29ca,base
ADMTBAW0O1I30,2,5,retest,0,geocentric_distant,geocentric_distant_context,East of,South of,Milwaukee is BLANK Ali. Ali turns right. Milwaukee is East of Ali.,b9877f9e-1fa9-545f-ac6d-fe640fc90d29,base
ADMTBAW0O1I30,2,5,retest,1,geocentric_distant,geocentric_distant_target,North of,West of,Milwaukee is North of Ali. Ali turns left. Milwaukee is BLANK Ali.,4ec6ce58-d4e5-5258-9721-9abd60a41155,base
ADMTBAW0O1I30,2,5,retest,0,geocentric_near,geocentric_near_context,North of,South of,The box is BLANK Ali. Ali turns around. The box is North of Ali.,cdb36630-3e0a-5c82-9cdf-40f72ff02544,base
ADMTBAW0O1I30,2,5,retest,1,geocentric_near,geocentric_near_context,South of,North of,The box is BLANK Ali. Ali turns around. The box is South of Ali.,c571fc7a-710d-59d5-a140-4564ef29503a,base
ADMTBAW0O1I30,2,5,retest,1,geocentric_distant,geocentric_distant_context,West of,South of,Milwaukee is BLANK Ali. Ali turns left. Milwaukee is West of Ali.,aeefbdde-433a-5ea8-93fd-c5b5c1788a6e,base
ADMTBAW0O1I30,2,5,retest,1,geocentric_distant,geocentric_distant_context,South,North,Ali is BLANK of Milwaukee. Ali walks South. Ali is getting further from Milwaukee.,d254416b-1414-500b-a96f-e13cb28c20dc,base
ADMTBAW0O1I30,2,5,retest,0,geocentric_near,geocentric_near_context,East of,South of,The statue is BLANK Ali. Ali walks North. The statue is East of Ali.,c0571aef-9e9a-5c28-8136-16cf5969f8c4,base
ADMTBAW0O1I30,2,5,retest,0,geocentric_near,geocentric_near_target,West of,North of,The statue is West of Ali. Ali walks South. The statue is BLANK of Ali.,b98ce98d-a5c6-5c6e-92a3-473ae5b1df40,base
ADMTBAW0O1I30,2,5,retest,0,geocentric_distant,geocentric_distant_target,further from,closer to,Ali is East of Milwaukee. Ali walks East. Ali is getting BLANK Milwaukee.,322374e3-84ec-5bc6-9a25-6ed40685fec2,base
ADMTBAW0O1I30,2,5,retest,1,geocentric_distant,geocentric_distant_context,West of,East of,Milwaukee is BLANK Ali. Ali turns around. Milwaukee is West of Ali.,5971347d-237f-515b-b782-01ff47f5650a,base
ADMTBAW0O1I30,2,5,retest,0,geocentric_near,geocentric_near_context,North of,West of,The painting is BLANK Ali. Ali turns left. The painting is North of Ali.,6e349340-1734-5b6c-94b3-79765fdef94d,base
ADMTBAW0O1I30,2,5,retest,0,geocentric_near,geocentric_near_target,North of,West of,The painting is North of Ali. Ali turns left. The painting is BLANK Ali.,bdee18b4-ee23-5b20-bae4-65648a17a7e7,base
ADMTBAW0O1I30,2,5,retest,1,geocentric_distant,geocentric_distant_context,North of,West of,Milwaukee is BLANK Ali. Ali turns left. Milwaukee is North of Ali.,77cc2803-02b1-54af-a10d-fb663433d4ec,base
ADMTBAW0O1I30,2,5,retest,1,geocentric_near,geocentric_near_target,North of,West of,The statue is North of Ali. Ali walks East. The statue is BLANK of Ali.,53b9d39a-77d2-590e-9013-2041416cf80e,base
ADMTBAW0O1I30,2,5,retest,1,geocentric_near,geocentric_near_target,West of,North of,The painting is West of Ali. Ali turns right. The painting is BLANK Ali.,9d469069-c214-567d-a48d-359883082244,base
ADMTBAW0O1I30,2,5,retest,0,geocentric_near,geocentric_near_target,East of,North of,The painting is East of Ali. Ali turns left. The painting is BLANK Ali.,1524fa21-bce4-5af0-9fdc-6a1ff52e8db6,base
ADMTBAW0O1I30,2,5,retest,0,geocentric_distant,geocentric_distant_context,South,North,Ali is BLANK of Milwaukee. Ali walks North. Ali is getting closer to Milwaukee.,10ca4a05-1305-559c-8e2c-dfbf1794f86d,base
ADMTBAW0O1I30,2,5,retest,0,geocentric_near,geocentric_near_context,West of,North of,The painting is BLANK Ali. Ali turns right. The painting is West of Ali.,df69c89a-abfd-5c88-b5fa-7baaa5a6d4de,base
ADMTBAW0O1I30,2,5,retest,0,geocentric_distant,geocentric_distant_target,East of,South of,Milwaukee is East of Ali. Ali turns right. Milwaukee is BLANK Ali.,ce49bac3-2edd-5319-8db6-9c23dcaffb9e,base
ADMTBAW0O1I30,2,5,retest,1,geocentric_near,geocentric_near_target,West of,East of,The painting is West of Ali. Ali turns around. The painting is BLANK Ali.,f40523d5-45d1-5f96-b162-ae6520bf7202,base
ADMTBAW0O1I30,2,5,retest,1,geocentric_near,geocentric_near_target,East of,South of,The statue is East of Ali. Ali walks North. The statue is BLANK of Ali.,84f02edd-6bd8-5f19-8279-4ada591a8a0b,base
ADMTBAW0O1I30,2,5,retest,0,geocentric_near,geocentric_near_context,West of,East of,The box is BLANK Ali. Ali turns around. The box is West of Ali.,54597470-4866-5387-8c1a-5629d30b67d7,base
ADMTBAW0O1I30,2,5,retest,0,geocentric_distant,geocentric_distant_context,South of,East of,Milwaukee is BLANK Ali. Ali turns left. Milwaukee is South of Ali.,5d911c67-0b83-55ee-8134-8ce38b110d99,base
ADMTBAW0O1I30,2,5,retest,0,geocentric_near,geocentric_near_target,South,North,Mark is facing East. Mark turns 90 degrees to his right. Mark is facing BLANK.,815c9fc1-43f2-5386-90fa-6c0db0268448,base
ADMTBAW0O1I30,2,5,retest,1,geocentric_distant,geocentric_distant_target,North of,South of,Milwaukee is North of Ali. Ali turns around. Milwaukee is BLANK Ali.,5ee8a7e5-a2c1-5a21-b180-f0a7a538e6be,base
ADMTBAW0O1I30,2,5,retest,1,geocentric_near,geocentric_near_context,South of,North of,The painting is BLANK Ali. Ali turns around. The painting is South of Ali.,57cc77e0-a299-5a13-85a3-20664a0f6ef1,base
ADMTBAW0O1I30,2,5,retest,0,geocentric_near,geocentric_near_target,East,West,Mark is facing North. Mark turns 90 degrees to his right. Mark is facing BLANK.,4684617b-bc66-5458-84f2-0a4ff0a561ac,base
ADMTBAW0O1I30,2,5,retest,1,geocentric_distant,geocentric_distant_target,West of,North of,Milwaukee is West of Ali. Ali turns right. Milwaukee is BLANK Ali.,ab393531-7a45-54be-8745-da5f51d0a854,base
ADMTBAW0O1I30,2,5,retest,0,geocentric_distant,geocentric_distant_context,West of,North of,Milwaukee is BLANK Ali. Ali turns right. Milwaukee is West of Ali.,20c122a7-ab2c-5966-b297-c5040adfe23e,base
ADMTBAW0O1I30,2,5,retest,0,geocentric_near,geocentric_near_context,South of,East of,The painting is BLANK Ali. Ali turns left. The painting is South of Ali.,b470477e-c9cf-5a97-a47c-98dd08229c8e,base
ADMTBAW0O1I30,2,5,retest,0,geocentric_near,geocentric_near_target,South of,North of,The painting is South of Ali. Ali turns around. The painting is BLANK Ali.,de7d1dc5-03dc-52ca-8424-ff56dbd5e0d7,base
ADMTBAW0O1I30,2,5,retest,0,geocentric_near,geocentric_near_context,East of,North of,The painting is BLANK Ali. Ali turns left. The painting is East of Ali.,6739b82c-779d-5d65-91f9-d9be398a0575,base
ADMTBAW0O1I30,2,5,retest,0,geocentric_near,geocentric_near_target,North of,South of,The box is North of Ali. Ali turns around. The box is BLANK Ali.,ba1c054b-7213-5f8e-bf33-019a9a67c091,base
ADMTBAW0O1I30,2,5,retest,1,geocentric_distant,geocentric_distant_context,East,West,Ali is BLANK of Milwaukee. Ali walks West. Ali is getting closer to Milwaukee.,ecba7770-0edf-5558-834c-89382aa91d3c,base
ADMTBAW0O1I30,2,5,retest,0,geocentric_near,geocentric_near_context,South of,West of,The statue is BLANK Ali. Ali walks East. The statue is South of Ali.,8252c422-568f-56ae-a206-72dd86dd7b40,base
ADMTBAW0O1I30,2,5,retest,1,geocentric_distant,geocentric_distant_context,East,West,Ali is BLANK of Milwaukee. Ali walks East. Ali is getting further from Milwaukee.,d49f1d3c-5027-5233-ac07-8710c3e3b449,base
ADMTBAW0O1I30,2,5,retest,1,geocentric_near,geocentric_near_context,West of,East of,The painting is BLANK of Ali. Ali turns around. The painting is West of Ali.,a22b454f-f1c2-51cf-a7f3-f1d55dc1383d,base
ADMTBAW0O1I30,2,5,retest,1,geocentric_near,geocentric_near_context,West of,East of,The painting is BLANK of Ali. Ali turns around. The painting is West of Ali.,a22b454f-f1c2-51cf-a7f3-f1d55dc1383d,base
ADMTBAW0O1I30,2,5,retest,0,geocentric_distant,geocentric_distant_target,closer to,further from,Ali is South of Milwaukee. Ali walks North. Ali is getting BLANK Milwaukee.,21a31cff-69cd-5fb6-aa15-b02b298e738a,base
ADMTBAW0O1I30,2,5,retest,0,geocentric_distant,geocentric_distant_target,closer to,further from,Ali is South of Milwaukee. Ali walks North. Ali is getting BLANK Milwaukee.,21a31cff-69cd-5fb6-aa15-b02b298e738a,base
ADMTBAW0O1I30,2,5,retest,0,geocentric_near,geocentric_near_target,South of,West of,The painting is South of Ali. Ali turns right. The painting is BLANK Ali.,210a7a1b-215f-574d-96be-bb4575d7df97,base
ADMTBAW0O1I30,2,5,retest,0,geocentric_near,geocentric_near_target,South of,West of,The painting is South of Ali. Ali turns right. The painting is BLANK Ali.,210a7a1b-215f-574d-96be-bb4575d7df97,base
ADMTBAW0O1I30,2,5,retest,0,geocentric_near,geocentric_near_target,North of,East of,The statue is North of Ali. Ali walks West. The statue is BLANK of Ali.,509b8364-1a32-5e7f-93c8-449b551718c5,base
ADMTBAW0O1I30,2,5,retest,0,geocentric_near,geocentric_near_target,North of,East of,The statue is North of Ali. Ali walks West. The statue is BLANK of Ali.,509b8364-1a32-5e7f-93c8-449b551718c5,base
ADMTBAW0O1I30,2,5,retest,0,geocentric_distant,geocentric_distant_context,East of,South of,Milwaukee is BLANK Ali. Ali turns right. Milwaukee is East of Ali.,b9877f9e-1fa9-545f-ac6d-fe640fc90d29,base
ADMTBAW0O1I30,2,5,retest,0,geocentric_distant,geocentric_distant_context,East of,South of,Milwaukee is BLANK Ali. Ali turns right. Milwaukee is East of Ali.,b9877f9e-1fa9-545f-ac6d-fe640fc90d29,base
ADMTBAW0O1I30,2,5,retest,0,geocentric_near,geocentric_near_context,North of,South of,The box is BLANK Ali. Ali turns around. The box is North of Ali.,cdb36630-3e0a-5c82-9cdf-40f72ff02544,base
ADMTBAW0O1I30,2,5,retest,0,geocentric_near,geocentric_near_context,North of,South of,The box is BLANK Ali. Ali turns around. The box is North of Ali.,cdb36630-3e0a-5c82-9cdf-40f72ff02544,base
ADMTBAW0O1I30,2,5,retest,0,geocentric_near,geocentric_near_context,East of,South of,The statue is BLANK Ali. Ali walks North. The statue is East of Ali.,c0571aef-9e9a-5c28-8136-16cf5969f8c4,base
ADMTBAW0O1I30,2,5,retest,0,geocentric_near,geocentric_near_context,East of,South of,The statue is BLANK Ali. Ali walks North. The statue is East of Ali.,c0571aef-9e9a-5c28-8136-16cf5969f8c4,base
ADMTBAW0O1I30,2,5,retest,0,geocentric_near,geocentric_near_target,West of,North of,The statue is West of Ali. Ali walks South. The statue is BLANK of Ali.,b98ce98d-a5c6-5c6e-92a3-473ae5b1df40,base
ADMTBAW0O1I30,2,5,retest,0,geocentric_near,geocentric_near_target,West of,North of,The statue is West of Ali. Ali walks South. The statue is BLANK of Ali.,b98ce98d-a5c6-5c6e-92a3-473ae5b1df40,base
ADMTBAW0O1I30,2,5,retest,0,geocentric_distant,geocentric_distant_target,further from,closer to,Ali is East of Milwaukee. Ali walks East. Ali is getting BLANK Milwaukee.,322374e3-84ec-5bc6-9a25-6ed40685fec2,base
ADMTBAW0O1I30,2,5,retest,0,geocentric_distant,geocentric_distant_target,further from,closer to,Ali is East of Milwaukee. Ali walks East. Ali is getting BLANK Milwaukee.,322374e3-84ec-5bc6-9a25-6ed40685fec2,base
ADMTBAW0O1I30,2,5,retest,0,geocentric_near,geocentric_near_context,North of,West of,The painting is BLANK Ali. Ali turns left. The painting is North of Ali.,6e349340-1734-5b6c-94b3-79765fdef94d,base
ADMTBAW0O1I30,2,5,retest,0,geocentric_near,geocentric_near_context,North of,West of,The painting is BLANK Ali. Ali turns left. The painting is North of Ali.,6e349340-1734-5b6c-94b3-79765fdef94d,base
ADMTBAW0O1I30,2,5,retest,1,geocentric_near,geocentric_near_target,North of,West of,The painting is North of Ali. Ali turns left. The painting is BLANK Ali.,bdee18b4-ee23-5b20-bae4-65648a17a7e7,base
ADMTBAW0O1I30,2,5,retest,1,geocentric_near,geocentric_near_target,North of,West of,The painting is North of Ali. Ali turns left. The painting is BLANK Ali.,bdee18b4-ee23-5b20-bae4-65648a17a7e7,base
ADMTBAW0O1I30,2,5,retest,0,geocentric_distant,geocentric_distant_context,North of,West of,Milwaukee is BLANK Ali. Ali turns left. Milwaukee is North of Ali.,77cc2803-02b1-54af-a10d-fb663433d4ec,base
ADMTBAW0O1I30,2,5,retest,0,geocentric_distant,geocentric_distant_context,North of,West of,Milwaukee is BLANK Ali. Ali turns left. Milwaukee is North of Ali.,77cc2803-02b1-54af-a10d-fb663433d4ec,base
ADMTBAW0O1I30,2,5,retest,1,geocentric_near,geocentric_near_target,North of,West of,The statue is North of Ali. Ali walks East. The statue is BLANK of Ali.,53b9d39a-77d2-590e-9013-2041416cf80e,base
ADMTBAW0O1I30,2,5,retest,1,geocentric_near,geocentric_near_target,North of,West of,The statue is North of Ali. Ali walks East. The statue is BLANK of Ali.,53b9d39a-77d2-590e-9013-2041416cf80e,base
ADMTBAW0O1I30,2,5,retest,1,geocentric_near,geocentric_near_target,East of,North of,The painting is East of Ali. Ali turns left. The painting is BLANK Ali.,1524fa21-bce4-5af0-9fdc-6a1ff52e8db6,base
ADMTBAW0O1I30,2,5,retest,1,geocentric_near,geocentric_near_target,East of,North of,The painting is East of Ali. Ali turns left. The painting is BLANK Ali.,1524fa21-bce4-5af0-9fdc-6a1ff52e8db6,base
ADMTBAW0O1I30,2,5,retest,0,geocentric_distant,geocentric_distant_context,South,North,Ali is BLANK of Milwaukee. Ali walks North. Ali is getting closer to Milwaukee.,10ca4a05-1305-559c-8e2c-dfbf1794f86d,base
ADMTBAW0O1I30,2,5,retest,0,geocentric_distant,geocentric_distant_context,South,North,Ali is BLANK of Milwaukee. Ali walks North. Ali is getting closer to Milwaukee.,10ca4a05-1305-559c-8e2c-dfbf1794f86d,base
ADMTBAW0O1I30,2,5,retest,0,geocentric_near,geocentric_near_context,West of,North of,The painting is BLANK Ali. Ali turns right. The painting is West of Ali.,df69c89a-abfd-5c88-b5fa-7baaa5a6d4de,base
ADMTBAW0O1I30,2,5,retest,0,geocentric_near,geocentric_near_context,West of,North of,The painting is BLANK Ali. Ali turns right. The painting is West of Ali.,df69c89a-abfd-5c88-b5fa-7baaa5a6d4de,base
ADMTBAW0O1I30,2,5,retest,1,geocentric_distant,geocentric_distant_target,East of,South of,Milwaukee is East of Ali. Ali turns right. Milwaukee is BLANK Ali.,ce49bac3-2edd-5319-8db6-9c23dcaffb9e,base
ADMTBAW0O1I30,2,5,retest,1,geocentric_distant,geocentric_distant_target,East of,South of,Milwaukee is East of Ali. Ali turns right. Milwaukee is BLANK Ali.,ce49bac3-2edd-5319-8db6-9c23dcaffb9e,base
ADMTBAW0O1I30,2,5,retest,0,geocentric_near,geocentric_near_context,West of,East of,The box is BLANK Ali. Ali turns around. The box is West of Ali.,54597470-4866-5387-8c1a-5629d30b67d7,base
ADMTBAW0O1I30,2,5,retest,0,geocentric_near,geocentric_near_context,West of,East of,The box is BLANK Ali. Ali turns around. The box is West of Ali.,54597470-4866-5387-8c1a-5629d30b67d7,base
ADMTBAW0O1I30,2,5,retest,1,geocentric_distant,geocentric_distant_context,South of,East of,Milwaukee is BLANK Ali. Ali turns left. Milwaukee is South of Ali.,5d911c67-0b83-55ee-8134-8ce38b110d99,base
ADMTBAW0O1I30,2,5,retest,1,geocentric_distant,geocentric_distant_context,South of,East of,Milwaukee is BLANK Ali. Ali turns left. Milwaukee is South of Ali.,5d911c67-0b83-55ee-8134-8ce38b110d99,base
ALCVGNUURF8LQ,2,6,retest,1,two_refs_geocentric,two_refs_geocentric_target,towards,away from,Mark is West of Ali facing East. Ali is East of Mark facing West. Mark is facing BLANK Ali.,c653d385-9060-521b-a3d2-7b3bdc386792,base
ALCVGNUURF8LQ,2,6,retest,0,two_refs_geocentric,two_refs_geocentric_context,towards,away from,Mark is East of Budapest and Ali is West of Budapest. Mark walks directly BLANK Ali. Mark is heading West.,07d45d86-9d5e-5f76-a281-81fd6837ef87,base
ALCVGNUURF8LQ,2,6,retest,1,two_refs_geocentric,two_refs_geocentric_target,South,North,Mark is North of Budapest and Ali is South of Budapest. Ali walks directly away from Mark. Ali is walking BLANK.,2c8f684c-1ce8-521c-8d68-9c703b78727d,base
ALCVGNUURF8LQ,2,6,retest,1,two_refs_geocentric,two_refs_geocentric_context,West,East,Mark is BLANK of Ali facing East. Ali is East of Mark facing West. Mark is facing towards Ali.,d88cd359-fee1-5421-b204-da79447cd71c,base
ALCVGNUURF8LQ,2,6,retest,1,two_refs_geocentric,two_refs_geocentric_context,away from,towards,Mark is North of Budapest and Ali is South of Budapest. Ali walks directly BLANK Mark. Ali is walking South.,51d41ac1-cf08-5458-8208-4162c1e865f6,base
ALCVGNUURF8LQ,2,6,retest,0,two_refs_geocentric,two_refs_geocentric_target,North,South,Mark and Ali are both directly West of Budapest. Mark walks South. Ali is BLANK of Mark.,83b8ada3-adc0-51d6-8c2c-d39bacde7ea1,base
ALCVGNUURF8LQ,2,6,retest,1,two_refs_geocentric,two_refs_geocentric_context,East,West,Milwaukee is North of Mark. Mark goes BLANK. Milwaukee is Northwest of Mark.,a4e641f8-8936-52ee-87ee-a034509bc15f,base
ALCVGNUURF8LQ,2,6,retest,0,two_refs_geocentric,two_refs_geocentric_target,away from,towards,Mark is East of Ali facing East. Ali is West of Mark facing West. Mark is facing BLANK Ali.,d7c6e00b-4c44-5369-ac36-15cf71d8f6b8,base
ALCVGNUURF8LQ,2,6,retest,0,two_refs_geocentric,two_refs_geocentric_target,Northwest,Southeast,Milwaukee is North of Mark. Mark goes East. Milwaukee is BLANK of Mark.,4ec12ad0-e7c6-511d-97e4-2c59b20c8143,base
ALCVGNUURF8LQ,2,6,retest,1,two_refs_geocentric,two_refs_geocentric_context,East,West,Mark is BLANK of Ali. Mark turns right. Mark is East of Ali.,cb89881b-c899-5760-bd9d-f73c4ab4521c,base
ALCVGNUURF8LQ,2,6,retest,0,two_refs_geocentric,two_refs_geocentric_target,Northest,Southeast,Milwaukee is South of Mark. Mark goes West. Mark is BLANK of Milwaukee.,e23f07b1-bdfa-5969-9480-74020b4ede21,base
ALCVGNUURF8LQ,2,6,retest,0,two_refs_geocentric,two_refs_geocentric_target,East,West,Mark is East of Budapest and Ali is West of Budapest. Ali walks directly towards Mark. Ali is heading BLANK.,50388291-cfb1-51f5-b757-16c6ee10b4c6,base
ALCVGNUURF8LQ,2,6,retest,1,two_refs_geocentric,two_refs_geocentric_target,the same direction,different directions,Mark is facing South and Ali is facing East. Mark turns 90 degrees to his right. Mark and Ali are facing BLANK.,2a3beaa8-c767-5efa-9738-2608cfab99a2,base
ALCVGNUURF8LQ,2,6,retest,1,two_refs_geocentric,two_refs_geocentric_context,East,West,Mark is facing South and Ali is facing BLANK. Mark turns 90 degrees to his right. Mark and Ali are facing different directions.,afb3e71e-dd5a-51dd-bdc0-e3e027d7048d,base
ALCVGNUURF8LQ,2,6,retest,1,two_refs_geocentric,two_refs_geocentric_target,South,North,Mark and Ali are both directly East of Budapest. Mark walks North. Ali is BLANK of Mark.,b4bfe01b-251a-51c6-a900-d1307f5ec5cb,base
ALCVGNUURF8LQ,2,6,retest,1,two_refs_geocentric,two_refs_geocentric_context,East,West,Mark is facing North and Ali is facing BLANK. Mark turns 90 degrees to his right. Mark and Ali are facing the same direction.,deba861b-2296-5137-a8b7-9d7504d90d47,base
ALCVGNUURF8LQ,2,6,retest,1,two_refs_geocentric,two_refs_geocentric_target,the same direction,different directions,Mark is facing North and Ali is facing East. Mark turns 90 degrees to his right. Mark and Ali are facing BLANK.,286ce04e-0e99-55bd-b40b-485e9a55ddc1,base
ALCVGNUURF8LQ,2,6,retest,0,two_refs_geocentric,two_refs_geocentric_context,West,East,Milwaukee is South of Mark. Mark goes BLANK. Milwaukee is Southeast of Mark.,d8873371-c599-505f-a895-9df8ff3d5ebd,base
ALCVGNUURF8LQ,2,6,retest,0,two_refs_geocentric,two_refs_geocentric_context,East,West,Mark is BLANK of Ali facing East. Ali is West of Mark facing West. Mark is facing away from Ali.,a55a83e9-f5a4-5aee-907d-c7ec664911e3,base
ALCVGNUURF8LQ,2,6,retest,0,two_refs_geocentric,two_refs_geocentric_context,East,West,Mark is facing BLANK and Ali is facing West. Mark turns around. Mark is facing West.,e7a0ff83-cb27-54fe-bcf5-24d5d5f5b950,base
ALCVGNUURF8LQ,2,6,retest,1,two_refs_geocentric,two_refs_geocentric_context,West,East,Milwaukee is South of Mark. Mark goes BLANK. Mark is Northeast of Milwaukee.,e35d39b7-29e7-5f8f-89c1-1daa34e84ebd,base
ALCVGNUURF8LQ,2,6,retest,0,two_refs_geocentric,two_refs_geocentric_context,West,East,Mark is facing East and Ali is facing BLANK. Mark turns 180 degrees. Mark and Ali are facing the same direction.,09a5259f-f1f6-5316-829f-75de35dc7fe2,base
ALCVGNUURF8LQ,2,6,retest,1,two_refs_geocentric,two_refs_geocentric_context,towards,away from,Mark is East of Budapest and Ali is West of Budapest. Mark walks directly BLANK Ali. Mark is heading West.,07d45d86-9d5e-5f76-a281-81fd6837ef87,base
ALCVGNUURF8LQ,2,6,retest,1,two_refs_geocentric,two_refs_geocentric_context,towards,away from,Mark is East of Budapest and Ali is West of Budapest. Mark walks directly BLANK Ali. Mark is heading West.,07d45d86-9d5e-5f76-a281-81fd6837ef87,base
ALCVGNUURF8LQ,2,6,retest,1,two_refs_geocentric,two_refs_geocentric_target,North,South,Mark and Ali are both directly West of Budapest. Mark walks South. Ali is BLANK of Mark.,83b8ada3-adc0-51d6-8c2c-d39bacde7ea1,base
ALCVGNUURF8LQ,2,6,retest,1,two_refs_geocentric,two_refs_geocentric_target,North,South,Mark and Ali are both directly West of Budapest. Mark walks South. Ali is BLANK of Mark.,83b8ada3-adc0-51d6-8c2c-d39bacde7ea1,base
ALCVGNUURF8LQ,2,6,retest,0,two_refs_geocentric,two_refs_geocentric_context,East,West,Milwaukee is North of Mark. Mark goes BLANK. Milwaukee is Northwest of Mark.,a4e641f8-8936-52ee-87ee-a034509bc15f,base
ALCVGNUURF8LQ,2,6,retest,0,two_refs_geocentric,two_refs_geocentric_context,East,West,Milwaukee is North of Mark. Mark goes BLANK. Milwaukee is Northwest of Mark.,a4e641f8-8936-52ee-87ee-a034509bc15f,base
ALCVGNUURF8LQ,2,6,retest,1,two_refs_geocentric,two_refs_geocentric_target,away from,towards,Mark is East of Ali facing East. Ali is West of Mark facing West. Mark is facing BLANK Ali.,d7c6e00b-4c44-5369-ac36-15cf71d8f6b8,base
ALCVGNUURF8LQ,2,6,retest,1,two_refs_geocentric,two_refs_geocentric_target,away from,towards,Mark is East of Ali facing East. Ali is West of Mark facing West. Mark is facing BLANK Ali.,d7c6e00b-4c44-5369-ac36-15cf71d8f6b8,base
ALCVGNUURF8LQ,2,6,retest,1,two_refs_geocentric,two_refs_geocentric_target,Northwest,Southeast,Milwaukee is North of Mark. Mark goes East. Milwaukee is BLANK of Mark.,4ec12ad0-e7c6-511d-97e4-2c59b20c8143,base
ALCVGNUURF8LQ,2,6,retest,1,two_refs_geocentric,two_refs_geocentric_target,Northwest,Southeast,Milwaukee is North of Mark. Mark goes East. Milwaukee is BLANK of Mark.,4ec12ad0-e7c6-511d-97e4-2c59b20c8143,base
ALCVGNUURF8LQ,2,6,retest,0,two_refs_geocentric,two_refs_geocentric_target,Northest,Southeast,Milwaukee is South of Mark. Mark goes West. Mark is BLANK of Milwaukee.,e23f07b1-bdfa-5969-9480-74020b4ede21,base
ALCVGNUURF8LQ,2,6,retest,0,two_refs_geocentric,two_refs_geocentric_target,Northest,Southeast,Milwaukee is South of Mark. Mark goes West. Mark is BLANK of Milwaukee.,e23f07b1-bdfa-5969-9480-74020b4ede21,base
ALCVGNUURF8LQ,2,6,retest,1,two_refs_geocentric,two_refs_geocentric_target,East,West,Mark is East of Budapest and Ali is West of Budapest. Ali walks directly towards Mark. Ali is heading BLANK.,50388291-cfb1-51f5-b757-16c6ee10b4c6,base
ALCVGNUURF8LQ,2,6,retest,1,two_refs_geocentric,two_refs_geocentric_target,East,West,Mark is East of Budapest and Ali is West of Budapest. Ali walks directly towards Mark. Ali is heading BLANK.,50388291-cfb1-51f5-b757-16c6ee10b4c6,base
ALCVGNUURF8LQ,2,6,retest,0,two_refs_geocentric,two_refs_geocentric_target,the same direction,different directions,Mark is facing South and Ali is facing East. Mark turns 90 degrees to his right. Mark and Ali are facing BLANK.,2a3beaa8-c767-5efa-9738-2608cfab99a2,base
ALCVGNUURF8LQ,2,6,retest,0,two_refs_geocentric,two_refs_geocentric_target,the same direction,different directions,Mark is facing South and Ali is facing East. Mark turns 90 degrees to his right. Mark and Ali are facing BLANK.,2a3beaa8-c767-5efa-9738-2608cfab99a2,base
ALCVGNUURF8LQ,2,6,retest,1,two_refs_geocentric,two_refs_geocentric_target,South,North,Mark and Ali are both directly East of Budapest. Mark walks North. Ali is BLANK of Mark.,b4bfe01b-251a-51c6-a900-d1307f5ec5cb,base
ALCVGNUURF8LQ,2,6,retest,1,two_refs_geocentric,two_refs_geocentric_target,South,North,Mark and Ali are both directly East of Budapest. Mark walks North. Ali is BLANK of Mark.,b4bfe01b-251a-51c6-a900-d1307f5ec5cb,base
ALCVGNUURF8LQ,2,6,retest,1,two_refs_geocentric,two_refs_geocentric_context,West,East,Milwaukee is South of Mark. Mark goes BLANK. Milwaukee is Southeast of Mark.,d8873371-c599-505f-a895-9df8ff3d5ebd,base
ALCVGNUURF8LQ,2,6,retest,1,two_refs_geocentric,two_refs_geocentric_context,West,East,Milwaukee is South of Mark. Mark goes BLANK. Milwaukee is Southeast of Mark.,d8873371-c599-505f-a895-9df8ff3d5ebd,base
ALCVGNUURF8LQ,2,6,retest,1,two_refs_geocentric,two_refs_geocentric_context,East,West,Mark is BLANK of Ali facing East. Ali is West of Mark facing West. Mark is facing away from Ali.,a55a83e9-f5a4-5aee-907d-c7ec664911e3,base
ALCVGNUURF8LQ,2,6,retest,1,two_refs_geocentric,two_refs_geocentric_context,East,West,Mark is BLANK of Ali facing East. Ali is West of Mark facing West. Mark is facing away from Ali.,a55a83e9-f5a4-5aee-907d-c7ec664911e3,base
ALCVGNUURF8LQ,2,6,retest,1,two_refs_geocentric,two_refs_geocentric_context,East,West,Mark is facing BLANK and Ali is facing West. Mark turns around. Mark is facing West.,e7a0ff83-cb27-54fe-bcf5-24d5d5f5b950,base
ALCVGNUURF8LQ,2,6,retest,1,two_refs_geocentric,two_refs_geocentric_context,East,West,Mark is facing BLANK and Ali is facing West. Mark turns around. Mark is facing West.,e7a0ff83-cb27-54fe-bcf5-24d5d5f5b950,base
ALCVGNUURF8LQ,2,6,retest,1,two_refs_geocentric,two_refs_geocentric_context,West,East,Mark is facing East and Ali is facing BLANK. Mark turns 180 degrees. Mark and Ali are facing the same direction.,09a5259f-f1f6-5316-829f-75de35dc7fe2,base
ALCVGNUURF8LQ,2,6,retest,1,two_refs_geocentric,two_refs_geocentric_context,West,East,Mark is facing East and Ali is facing BLANK. Mark turns 180 degrees. Mark and Ali are facing the same direction.,09a5259f-f1f6-5316-829f-75de35dc7fe2,base
ALDQRWYZ8KQ9A,2,1,retest,0,action_nonfollows,action_nonfollows_context,under,above,The ball is BLANK the box. Ali pushes the ball forward. The ball is under the box.,11b9c7f0-ecb6-5489-b941-2a3815cb66ce,base
ALDQRWYZ8KQ9A,2,1,retest,1,action_follows,action_follows_context,right,left,The seesaw is balanced. Ali tilts the BLANK side of the seesaw. The left side goes up.,9ce7fedd-cd4e-5e5e-8af4-7c87b269dcf9,base
ALDQRWYZ8KQ9A,2,1,retest,1,egocentric_near,egocentric_near_target,left of,right of,The painting is behind Ali. Ali turns left. The painting is BLANK Ali.,2f6ac9c5-17f9-5a23-ab8d-9d0d3d3335c4,base
ALDQRWYZ8KQ9A,2,1,retest,1,egocentric_near,egocentric_near_target,behind,in front of,Ali is behind the painting. Ali turns around. Ali is BLANK the painting.,cb0d70bb-d9f6-5100-902d-21fd6221cecf,base
ALDQRWYZ8KQ9A,2,1,retest,1,egocentric_near,egocentric_near_target,right,left,The painting is to Ali's right. The painting is moved right. The painting is to Ali's BLANK.,ead989ef-2c5a-5676-a32c-f2f2055cae2d,base
ALDQRWYZ8KQ9A,2,1,retest,1,action_nonfollows,action_nonfollows_target,doesn't move,moves,The ball is five feet from the box. Ali moves the box. The ball BLANK.,eae220a6-b112-595b-8808-41aaec2e4f3d,base
ALDQRWYZ8KQ9A,2,1,retest,1,state_nonfollows,state_nonfollows_target,dry,wet,The glass is on the table. Ali fills the glass halfway. The table is BLANK.,b8aeb728-ce96-53b4-a022-80902bd4ed2d,base
ALDQRWYZ8KQ9A,2,1,retest,1,action_nonfollows,action_nonfollows_target,behind the statue,in front of the statue,Ali is behind the statue. Ali turns around. Ali is BLANK.,527fdd15-db92-57e8-bc5c-09d9964e45b1,base
ALDQRWYZ8KQ9A,2,1,retest,1,action_nonfollows,action_nonfollows_target,floats,sinks,The box is floating in the water. Ali puts a tennis ball in the box. The box BLANK.,15a162c3-7638-5144-a4a3-f9a13b33f485,base
ALDQRWYZ8KQ9A,2,1,retest,1,egocentric_distant,egocentric_distant_context,left,right,Chicago is to Ali's BLANK. Ali turns left. Ali is facing towards Chicago.,29c5b0e8-2242-5aa6-ad05-0a8b33bc7aec,base
ALDQRWYZ8KQ9A,2,1,retest,1,egocentric_distant,egocentric_distant_target,right of,left of,Chicago is behind Ali. Ali turns right. Chicago is BLANK Ali.,ecf1bbc5-92d2-5b77-9ebe-7090991e3b5d,base
ALDQRWYZ8KQ9A,2,1,retest,1,egocentric_distant,egocentric_distant_target,left of,right of,Ali is facing away from Chicago. Ali turns left. Chicago is BLANK Ali.,9f9092b3-4ed3-5b54-92bb-a68e83301300,base
ALDQRWYZ8KQ9A,2,1,retest,1,egocentric_distant,egocentric_distant_context,towards,away from,Ali is facing BLANK Chicago. Ali turns left. Chicago is right of Ali.,fe65df9a-14f6-5a27-8f01-1a0bed69b8e5,base
ALDQRWYZ8KQ9A,2,1,retest,1,action_nonfollows,action_nonfollows_context,in front of the statue,behind the statue,Ali is BLANK. Ali turns around. Ali is in front of the statue.,7cfd7bad-4e38-507a-a6d8-243e8c667d1b,base
ALDQRWYZ8KQ9A,2,1,retest,1,action_follows,action_follows_context,top,bottom,The wagon is on the BLANK of the hill. Ali pushes the wagon. The wagon rolls.,96c0978e-4433-5d7f-b561-cee41daa8875,base
ALDQRWYZ8KQ9A,2,1,retest,1,egocentric_distant,egocentric_distant_context,in front of,behind,Chicago is BLANK Ali. Ali turns right. Chicago is left of Ali.,27c72cf7-5d80-526d-9ace-d6625063dfe0,base
ALDQRWYZ8KQ9A,2,1,retest,1,egocentric_near,egocentric_near_context,right of,left of,The painting is BLANK Ali. Ali turns around. The painting is left of Ali.,a350fecf-cf01-5eef-a227-25028fad7f14,base
ALDQRWYZ8KQ9A,2,1,retest,1,action_nonfollows,action_nonfollows_target,doesn't move,moves,The box is in the bin. Ali moves the box. The bin BLANK.,ba5435e7-cc12-557d-be71-b241947e2f6c,base
ALDQRWYZ8KQ9A,2,1,retest,1,action_follows,action_follows_target,moves,doesn't move,The book is on the table. Ali moves the table. The book BLANK.,bf93e811-9a49-58b7-b6dc-6a47ece87d9f,base
ALDQRWYZ8KQ9A,2,1,retest,1,action_follows,action_follows_context,behind,in front of,Ali is BLANK the wagon. Ali pushes on the wagon. The wagon moves.,40d46345-fe82-5f5a-82a0-f24d259674d7,base
ALDQRWYZ8KQ9A,2,1,retest,1,action_nonfollows,action_nonfollows_target,close to,far from,The box is close to Ali. Ali throws the ball. The box is BLANK Ali.,27bc3da0-29e8-5aff-8cdc-aebfdecd2412,base
ALDQRWYZ8KQ9A,2,1,retest,1,egocentric_near,egocentric_near_context,behind,in front of,Ali is BLANK painting. Ali turns around. Ali is behind the painting.,d91e34a1-58ec-5efe-bd1d-3da56dfe0d5c,base
ALDQRWYZ8KQ9A,2,1,retest,1,state_nonfollows,state_nonfollows_target,doesn't break,breaks,The glass is on the floor. Ali bumps the table. The glass BLANK.,2a5f6d9c-8b03-5fe5-8a19-87971947d204,base
ALDQRWYZ8KQ9A,2,1,retest,1,egocentric_near,egocentric_near_context,in front of,behind,The painting is BLANK of Ali. Ali turns left. The painting is right of Ali.,805deedd-d47e-54f8-b7e7-81318f8435b7,base
ALDQRWYZ8KQ9A,2,1,retest,0,egocentric_near,egocentric_near_target,right,left,The painting is to Ali's left. The painting is moved left. The painting is to Ali's BLANK.,77bdedf3-bae1-5250-9280-746344392bdd,base
ALDQRWYZ8KQ9A,2,1,retest,0,egocentric_near,egocentric_near_context,behind,in front of,The painting is BLANK Ali. Ali turns left. The painting is left of Ali.,8c63c6ea-38dc-5bb2-a95b-c1b63865bdaf,base
ALDQRWYZ8KQ9A,2,1,retest,1,action_nonfollows,action_nonfollows_context,under,above,The ball is BLANK the box. The ball moves right. The ball is lower than the box.,f7886140-c3a9-5bb0-9dc4-99612c3e3180,base
ALDQRWYZ8KQ9A,2,1,retest,1,state_nonfollows,state_nonfollows_context,cup,glass,The glass and the cup are on the table. Ali pushes the BLANK off the table. The glass doesn't break.,88e4c11a-0766-534e-843f-4d59c387d497,base
ALDQRWYZ8KQ9A,2,1,retest,0,egocentric_near,egocentric_near_context,behind,in front of,The painting is BLANK Ali. Ali turns right. The painting is right of Ali.,1916451f-868a-5f58-9e6c-6033ca77e634,base
ALDQRWYZ8KQ9A,2,1,retest,1,state_nonfollows,state_nonfollows_context,banana,ice cube,The ice cube and the banana are in the fridge. Ali takes the BLANK out of the fridge. The ice cube doesn't melt.,36c076db-ae0e-5966-819d-9d048054999d,base
ALDQRWYZ8KQ9A,2,1,retest,1,egocentric_distant,egocentric_distant_target,in front of,behind,Ali is facing away from Chicago. Ali turns around. Chicago is BLANK Ali.,1710b645-2bb2-54c6-8ac1-62f03525d880,base
ALDQRWYZ8KQ9A,2,1,retest,0,action_nonfollows,action_nonfollows_context,in,outside,Ali is BLANK the wagon. Ali pulls on the wagon. The wagon doesn't move.,d68fd4fa-114f-58ff-922b-8ba73bc38c68,base
ALDQRWYZ8KQ9A,2,1,retest,1,action_nonfollows,action_nonfollows_context,under,above,The ball is BLANK the box. Ali pushes the ball forward. The ball is under the box.,11b9c7f0-ecb6-5489-b941-2a3815cb66ce,base
ALDQRWYZ8KQ9A,2,1,retest,1,action_nonfollows,action_nonfollows_context,under,above,The ball is BLANK the box. Ali pushes the ball forward. The ball is under the box.,11b9c7f0-ecb6-5489-b941-2a3815cb66ce,base
ALDQRWYZ8KQ9A,2,1,retest,1,action_follows,action_follows_context,right,left,The seesaw is balanced. Ali tilts the BLANK side of the seesaw. The left side goes up.,9ce7fedd-cd4e-5e5e-8af4-7c87b269dcf9,base
ALDQRWYZ8KQ9A,2,1,retest,1,action_follows,action_follows_context,right,left,The seesaw is balanced. Ali tilts the BLANK side of the seesaw. The left side goes up.,9ce7fedd-cd4e-5e5e-8af4-7c87b269dcf9,base
ALDQRWYZ8KQ9A,2,1,retest,1,egocentric_near,egocentric_near_target,behind,in front of,Ali is behind the painting. Ali turns around. Ali is BLANK the painting.,cb0d70bb-d9f6-5100-902d-21fd6221cecf,base
ALDQRWYZ8KQ9A,2,1,retest,1,egocentric_near,egocentric_near_target,behind,in front of,Ali is behind the painting. Ali turns around. Ali is BLANK the painting.,cb0d70bb-d9f6-5100-902d-21fd6221cecf,base
ALDQRWYZ8KQ9A,2,1,retest,1,egocentric_near,egocentric_near_target,right,left,The painting is to Ali's right. The painting is moved right. The painting is to Ali's BLANK.,ead989ef-2c5a-5676-a32c-f2f2055cae2d,base
ALDQRWYZ8KQ9A,2,1,retest,1,egocentric_near,egocentric_near_target,right,left,The painting is to Ali's right. The painting is moved right. The painting is to Ali's BLANK.,ead989ef-2c5a-5676-a32c-f2f2055cae2d,base
ALDQRWYZ8KQ9A,2,1,retest,1,state_nonfollows,state_nonfollows_target,dry,wet,The glass is on the table. Ali fills the glass halfway. The table is BLANK.,b8aeb728-ce96-53b4-a022-80902bd4ed2d,base
ALDQRWYZ8KQ9A,2,1,retest,1,state_nonfollows,state_nonfollows_target,dry,wet,The glass is on the table. Ali fills the glass halfway. The table is BLANK.,b8aeb728-ce96-53b4-a022-80902bd4ed2d,base
ALDQRWYZ8KQ9A,2,1,retest,1,action_nonfollows,action_nonfollows_target,behind the statue,in front of the statue,Ali is behind the statue. Ali turns around. Ali is BLANK.,527fdd15-db92-57e8-bc5c-09d9964e45b1,base
ALDQRWYZ8KQ9A,2,1,retest,1,action_nonfollows,action_nonfollows_target,behind the statue,in front of the statue,Ali is behind the statue. Ali turns around. Ali is BLANK.,527fdd15-db92-57e8-bc5c-09d9964e45b1,base
ALDQRWYZ8KQ9A,2,1,retest,1,egocentric_distant,egocentric_distant_target,right of,left of,Chicago is behind Ali. Ali turns right. Chicago is BLANK Ali.,ecf1bbc5-92d2-5b77-9ebe-7090991e3b5d,base
ALDQRWYZ8KQ9A,2,1,retest,1,egocentric_distant,egocentric_distant_target,right of,left of,Chicago is behind Ali. Ali turns right. Chicago is BLANK Ali.,ecf1bbc5-92d2-5b77-9ebe-7090991e3b5d,base
ALDQRWYZ8KQ9A,2,1,retest,1,egocentric_distant,egocentric_distant_context,towards,away from,Ali is facing BLANK Chicago. Ali turns left. Chicago is right of Ali.,fe65df9a-14f6-5a27-8f01-1a0bed69b8e5,base
ALDQRWYZ8KQ9A,2,1,retest,1,egocentric_distant,egocentric_distant_context,towards,away from,Ali is facing BLANK Chicago. Ali turns left. Chicago is right of Ali.,fe65df9a-14f6-5a27-8f01-1a0bed69b8e5,base
ALDQRWYZ8KQ9A,2,1,retest,1,action_nonfollows,action_nonfollows_context,in front of the statue,behind the statue,Ali is BLANK. Ali turns around. Ali is in front of the statue.,7cfd7bad-4e38-507a-a6d8-243e8c667d1b,base
ALDQRWYZ8KQ9A,2,1,retest,1,action_nonfollows,action_nonfollows_context,in front of the statue,behind the statue,Ali is BLANK. Ali turns around. Ali is in front of the statue.,7cfd7bad-4e38-507a-a6d8-243e8c667d1b,base
ALDQRWYZ8KQ9A,2,1,retest,1,egocentric_near,egocentric_near_context,right of,left of,The painting is BLANK Ali. Ali turns around. The painting is left of Ali.,a350fecf-cf01-5eef-a227-25028fad7f14,base
ALDQRWYZ8KQ9A,2,1,retest,1,egocentric_near,egocentric_near_context,right of,left of,The painting is BLANK Ali. Ali turns around. The painting is left of Ali.,a350fecf-cf01-5eef-a227-25028fad7f14,base
ALDQRWYZ8KQ9A,2,1,retest,0,egocentric_near,egocentric_near_target,right,left,The painting is to Ali's left. The painting is moved left. The painting is to Ali's BLANK.,77bdedf3-bae1-5250-9280-746344392bdd,base
ALDQRWYZ8KQ9A,2,1,retest,0,egocentric_near,egocentric_near_target,right,left,The painting is to Ali's left. The painting is moved left. The painting is to Ali's BLANK.,77bdedf3-bae1-5250-9280-746344392bdd,base
ALDQRWYZ8KQ9A,2,1,retest,0,egocentric_near,egocentric_near_context,behind,in front of,The painting is BLANK Ali. Ali turns left. The painting is left of Ali.,8c63c6ea-38dc-5bb2-a95b-c1b63865bdaf,base
ALDQRWYZ8KQ9A,2,1,retest,0,egocentric_near,egocentric_near_context,behind,in front of,The painting is BLANK Ali. Ali turns left. The painting is left of Ali.,8c63c6ea-38dc-5bb2-a95b-c1b63865bdaf,base
ALDQRWYZ8KQ9A,2,1,retest,0,state_nonfollows,state_nonfollows_context,cup,glass,The glass and the cup are on the table. Ali pushes the BLANK off the table. The glass doesn't break.,88e4c11a-0766-534e-843f-4d59c387d497,base
ALDQRWYZ8KQ9A,2,1,retest,0,state_nonfollows,state_nonfollows_context,cup,glass,The glass and the cup are on the table. Ali pushes the BLANK off the table. The glass doesn't break.,88e4c11a-0766-534e-843f-4d59c387d497,base
ALDQRWYZ8KQ9A,2,1,retest,1,egocentric_near,egocentric_near_context,behind,in front of,The painting is BLANK Ali. Ali turns right. The painting is right of Ali.,1916451f-868a-5f58-9e6c-6033ca77e634,base
ALDQRWYZ8KQ9A,2,1,retest,1,egocentric_near,egocentric_near_context,behind,in front of,The painting is BLANK Ali. Ali turns right. The painting is right of Ali.,1916451f-868a-5f58-9e6c-6033ca77e634,base
ALDQRWYZ8KQ9A,2,1,retest,0,state_nonfollows,state_nonfollows_context,banana,ice cube,The ice cube and the banana are in the fridge. Ali takes the BLANK out of the fridge. The ice cube doesn't melt.,36c076db-ae0e-5966-819d-9d048054999d,base
ALDQRWYZ8KQ9A,2,1,retest,0,state_nonfollows,state_nonfollows_context,banana,ice cube,The ice cube and the banana are in the fridge. Ali takes the BLANK out of the fridge. The ice cube doesn't melt.,36c076db-ae0e-5966-819d-9d048054999d,base
ALDQRWYZ8KQ9A,2,1,retest,0,action_nonfollows,action_nonfollows_context,in,outside,Ali is BLANK the wagon. Ali pulls on the wagon. The wagon doesn't move.,d68fd4fa-114f-58ff-922b-8ba73bc38c68,base
ALDQRWYZ8KQ9A,2,1,retest,0,action_nonfollows,action_nonfollows_context,in,outside,Ali is BLANK the wagon. Ali pulls on the wagon. The wagon doesn't move.,d68fd4fa-114f-58ff-922b-8ba73bc38c68,base
